usair 0.147007553748 0.299825682743 0.382626380012 0.229339042428 54.3531830311
powergrid 0.282245827011 0.344461305008 0.364188163885 0.316712399049 64.8645670414
euroroad 0.209219858156 0.265957446809 0.290780141844 0.247034440226 3.37870383263
openflights 0.189215060625 0.401723037652 0.519463943842 0.298336377177 92.2955369949
chicago 0.48046875 0.48046875 0.484375 0.486317509659 3.61361098289
usair 0.152818128995 0.306507844277 0.385531667635 0.234972435088 54.8390491009
powergrid 0.273141122914 0.349772382398 0.362670713202 0.309914610547 65.5341031551
euroroad 0.205673758865 0.255319148936 0.301418439716 0.247175465375 3.37770581245
openflights 0.196553924697 0.398851308232 0.519144862795 0.300284370225 93.6600430012
chicago 0.48046875 0.48046875 0.484375 0.486418237394 3.62809896469
