CA-HepTh 0.05 0.9256548536209553 3093.85160303
CA-HepTh 0.1 0.9197150558336542 2924.43388414
CA-HepTh 0.15 0.906803594351733 2930.35760307
CA-HepTh 0.2 0.8930496726992684 2882.19229293
CA-HepTh 0.25 0.8740951794239951 2780.8838141
CA-HepTh 0.3 0.8623411628802464 2853.11197305
CA-GrQc 0.05 0.9412983425414365 1878.2992301
CA-GrQc 0.1 0.9357734806629834 1728.93960309
CA-GrQc 0.15 0.9208103130755064 1708.66129208
CA-GrQc 0.2 0.9131560773480663 1607.36501598
CA-GrQc 0.25 0.8887047776857222 1586.08401918
CA-GrQc 0.3 0.8794016110471806 1564.79656506
caida 0.05 0.918883476957662 722.008541107
CA-HepTh 0.05 0.9414483821263482 1410.06019402
CA-HepTh 0.1 0.9308817866769349 1424.58943796
CA-HepTh 0.15 0.9139922978177151 1419.8331151
CA-HepTh 0.2 0.9002695417789758 1370.16763496
CA-HepTh 0.25 0.8914215308794086 1223.82555604
CA-HepTh 0.3 0.8826209729174689 1164.87288117
CA-GrQc 0.05 0.9592541436464088 856.114814043
CA-GrQc 0.1 0.9419889502762431 830.101927996
CA-GrQc 0.15 0.9355432780847146 765.496301889
CA-GrQc 0.2 0.9197168508287292 778.524710894
CA-GrQc 0.25 0.907898370615852 757.764797926
CA-GrQc 0.3 0.9006904487917146 690.923164845
CA-HepPh 0.05 0.9705435516542876 1615.23569608
CA-HepPh 0.1 0.9657748143146523 1999.91030908
CA-HepPh 0.15 0.9623023687616047 2340.89990902
CA-HepPh 0.2 0.959467443136262 2644.67486501
CA-HepPh 0.25 0.9559280264668152 3003.83772302
CA-HepPh 0.3 0.9528357621110674 3277.99738097
CA-CondMat 0.05 0.9747377435238707 737.762099028
CA-CondMat 0.1 0.9753826394091833 895.276942968
CA-CondMat 0.15 0.965251516232608 1050.07754993
CA-CondMat 0.2 0.9591694761063841 1239.88066983
CA-CondMat 0.25 0.9522667922428186 1337.97460985
CA-CondMat 0.3 0.9438835574899219 1432.97447586
CA-AstroPh 0.05 0.9787416683498283 1259.91328502
CA-AstroPh 0.1 0.9821004796768493 1925.899441
CA-AstroPh 0.15 0.9727841922779144 2232.07108784
CA-AstroPh 0.2 0.9764958343852562 2579.76083493
CA-AstroPh 0.25 0.9697144126676361 3030.56139088
CA-AstroPh 0.3 0.9651855592022217 3457.7807312
caida 0.05 0.9245035593855376 663.617669106
caida 0.1 0.9169164481079056 787.159235001
caida 0.15 0.9169476707880605 832.736593008
caida 0.2 0.9131697264893218 888.607372999
caida 0.25 0.9116148370176096 999.49571991
caida 0.3 0.9105157986761584 1131.09044194
route 0.05 0.9195859872611465 557.925672054
route 0.1 0.9132856006364359 585.666591883
route 0.15 0.9037135278514589 599.43512702
route 0.2 0.8987669053301511 634.27697587
route 0.25 0.8926185173401209 634.299818039
route 0.3 0.8927340228056219 575.962062836
gnutella 0.05 0.8241817690018934 742.99719286
gnutella 0.1 0.8223341672864968 1002.32557583
gnutella 0.15 0.8173826804309606 1183.73901796
gnutella 0.2 0.8030461829738319 1456.9706018
gnutella 0.25 0.807967976631596 1656.90620399
gnutella 0.3 0.8025221448373792 1924.65608287
douban 0.05 0.9464787871377919 1172.20040798
douban 0.1 0.9448740677344418 1681.39486599
douban 0.15 0.9436055752536985 2263.03899503
douban 0.2 0.9424287810245752 2784.91492009
douban 0.25 0.9408851937889717 3210.77856898
douban 0.3 0.9392193422178751 3771.8464272
gowalla 0.05 0.910303897634481 2622.44769907
gowalla 0.1 0.9105511827594915 4782.90104198
gowalla 0.15 0.9029491613410126 6484.89628196
gowalla 0.2 0.891944860968616 8982.90603805
gowalla 0.25 0.8947285346892218 10430.228498
gowalla 0.3 0.8882121235504984 12521.5270281
dnc 0.05 0.9606525911708254 1201.88145709
dnc 0.1 0.9553742802303263 1183.1735971
dnc 0.15 0.953005115089514 1076.14697409
dnc 0.2 0.9491606714628298 1046.07506013
dnc 0.25 0.9466820099731492 960.251306057
dnc 0.3 0.9474104859335039 889.7940979
hamster 0.05 0.941034897713598 667.508110046
hamster 0.1 0.9380637402285027 717.019069195
hamster 0.15 0.9352445870088212 731.936919928
hamster 0.2 0.9371617558628984 717.125506878
hamster 0.25 0.9315612220351215 782.810899973
hamster 0.3 0.926738825415915 794.372267962
facebook 0.05 0.9832214765100671 192.502025127
facebook 0.1 0.9765100671140939 161.690211058
facebook 0.15 0.9932885906040269 168.950826883
facebook 0.2 0.9949664429530202 171.006823063
facebook 0.25 0.9906040268456375 168.078240156
facebook 0.3 0.9910514541387024 176.289108038
epinions 0.05 0.9259377926751121 1756.72252512
epinions 0.1 0.9197022723911865 3310.74110603
epinions 0.15 0.9159231691888072 4839.1990571
epinions 0.2 0.9139227091240696 4178.93010283
epinions 0.25 0.9132597229753043 4849.56347084
epinions 0.3 0.9085457025024235 5695.92055917
gplus 0.05 0.9951505870342011 645.810866833
gplus 0.1 0.9948966573105384 696.055191994
gplus 0.15 0.9946419459091682 782.686999083
gplus 0.2 0.9932380709364634 841.182262897
gplus 0.25 0.9928556848336395 910.622601986
gplus 0.3 0.9932386460282361 1021.20117116
brightkite 0.05 0.9028309819676726 1084.21007991
brightkite 0.1 0.9030223758583641 1477.66272211
brightkite 0.15 0.884245274205101 1843.49176002
brightkite 0.2 0.8790493985752657 2281.69873118
brightkite 0.25 0.8820699190941534 2683.81010699
brightkite 0.3 0.8775750120673279 2926.32287288
advogato 0.05 0.8821283095723014 775.761668921
advogato 0.1 0.8818737270875764 874.130807877
advogato 0.15 0.8755091649694501 848.169275045
advogato 0.2 0.8759068346697213 953.637500048
advogato 0.25 0.8735362997658079 943.469257116
advogato 0.3 0.8770046669495121 1000.04690194
pretty 0.05 0.9152263374485596 661.449874878
pretty 0.1 0.8909913615795969 662.954569101
pretty 0.15 0.8899095146695915 740.127662897
pretty 0.2 0.8839193913222291 714.69629693
pretty 0.25 0.8694686626089817 764.669038057
pretty 0.3 0.8482314230874691 874.742188215
