CA-HepTh 0.05 0.9635574820572601 3093.85160303
CA-HepTh 0.1 0.9596313776344229 2924.43388414
CA-HepTh 0.15 0.953235262614095 2930.35760307
CA-HepTh 0.2 0.947015001610964 2882.19229293
CA-HepTh 0.25 0.9349704970811842 2780.8838141
CA-HepTh 0.3 0.9234605697515939 2853.11197305
CA-GrQc 0.05 0.975653215713806 1878.2992301
CA-GrQc 0.1 0.9733376766582215 1728.93960309
CA-GrQc 0.15 0.969497310487741 1708.66129208
CA-GrQc 0.2 0.9628736340465799 1607.36501598
CA-GrQc 0.25 0.9541784662957138 1586.08401918
CA-GrQc 0.3 0.9436014571727088 1564.79656506
caida 0.05 0.9670991797501278 722.008541107
CA-HepTh 0.05 0.9785817816197018 1410.06019402
CA-HepTh 0.1 0.9729177159926095 1424.58943796
CA-HepTh 0.15 0.9657581475213441 1419.8331151
CA-HepTh 0.2 0.9569297509981972 1370.16763496
CA-HepTh 0.25 0.947650099982094 1223.82555604
CA-HepTh 0.3 0.9433726513323851 1164.87288117
CA-GrQc 0.05 0.9876081697750374 856.114814043
CA-GrQc 0.1 0.9818419767406368 830.101927996
CA-GrQc 0.15 0.9789996320150314 765.496301889
CA-GrQc 0.2 0.9707782428993315 778.524710894
CA-GrQc 0.25 0.9621825368769632 757.764797926
CA-GrQc 0.3 0.9575796154727271 690.923164845
CA-HepPh 0.05 0.9933920048956828 1615.23569608
CA-HepPh 0.1 0.9930075278875662 1999.91030908
CA-HepPh 0.15 0.9915963626753412 2340.89990902
CA-HepPh 0.2 0.9896707094088226 2644.67486501
CA-HepPh 0.25 0.9881253017193146 3003.83772302
CA-HepPh 0.3 0.9862697231798138 3277.99738097
CA-CondMat 0.05 0.993919606076402 737.762099028
CA-CondMat 0.1 0.9942879129250957 895.276942968
CA-CondMat 0.15 0.9902458771748174 1050.07754993
CA-CondMat 0.2 0.9887548414433972 1239.88066983
CA-CondMat 0.25 0.9855327847665989 1337.97460985
CA-CondMat 0.3 0.9814511035837603 1432.97447586
CA-AstroPh 0.05 0.9960894589640565 1259.91328502
CA-AstroPh 0.1 0.9975417847364492 1925.899441
CA-AstroPh 0.15 0.9948678793402534 2232.07108784
CA-AstroPh 0.2 0.9960241941101963 2579.76083493
CA-AstroPh 0.25 0.9934183171052102 3030.56139088
CA-AstroPh 0.3 0.9909270461475528 3457.7807312
caida 0.05 0.9742049657467663 663.617669106
caida 0.1 0.9669177395968112 787.159235001
caida 0.15 0.9681376039003216 832.736593008
caida 0.2 0.9643805999906507 888.607372999
caida 0.25 0.9622502172719514 999.49571991
caida 0.3 0.9616510404307932 1131.09044194
route 0.05 0.9722770193516979 557.925672054
route 0.1 0.9642090213657931 585.666591883
route 0.15 0.9563454326703206 599.43512702
route 0.2 0.9484550004461887 634.27697587
route 0.25 0.9479306923586891 634.299818039
route 0.3 0.9444540784635301 575.962062836
gnutella 0.05 0.9106704300594193 742.99719286
gnutella 0.1 0.9037674412116423 1002.32557583
gnutella 0.15 0.89489515916207 1183.73901796
gnutella 0.2 0.8776606452435775 1456.9706018
gnutella 0.25 0.8829650456389103 1656.90620399
gnutella 0.3 0.8772309038614061 1924.65608287
douban 0.05 0.9868871687040492 1172.20040798
douban 0.1 0.9853231892863437 1681.39486599
douban 0.15 0.9838120641631927 2263.03899503
douban 0.2 0.9822780169036833 2784.91492009
douban 0.25 0.980698608307777 3210.77856898
douban 0.3 0.9789289949244614 3771.8464272
gowalla 0.05 0.9638483227940975 2622.44769907
gowalla 0.1 0.9631848588096557 4782.90104198
gowalla 0.15 0.9589578337897626 6484.89628196
gowalla 0.2 0.951649768960842 8982.90603805
gowalla 0.25 0.9512217755340987 10430.228498
gowalla 0.3 0.9452604977693172 12521.5270281
dnc 0.05 0.9937113405859836 1201.88145709
dnc 0.1 0.9893549611149384 1183.1735971
dnc 0.15 0.9887882568795336 1076.14697409
dnc 0.2 0.986717158647183 1046.07506013
dnc 0.25 0.985788240300192 960.251306057
dnc 0.3 0.9852926867956123 889.7940979
hamster 0.05 0.9829457499047876 667.508110046
hamster 0.1 0.9835708311743441 717.019069195
hamster 0.15 0.9805912698897562 731.936919928
hamster 0.2 0.9805030176430238 717.125506878
hamster 0.25 0.977705380162516 782.810899973
hamster 0.3 0.9745615338712095 794.372267962
facebook 0.05 0.9917120850412142 192.502025127
facebook 0.1 0.9959686500608079 161.690211058
facebook 0.15 0.9982783558298176 168.950826883
facebook 0.2 0.9977450340074772 171.006823063
facebook 0.25 0.9965172739966669 168.078240156
facebook 0.3 0.9963583972693922 176.289108038
epinions 0.05 0.9766344794268594 1756.72252512
epinions 0.1 0.9734726254212032 3310.74110603
epinions 0.15 0.9710438395304309 4839.1990571
epinions 0.2 0.9699823751075258 4178.93010283
epinions 0.25 0.9686272839487907 4849.56347084
epinions 0.3 0.9659882371113153 5695.92055917
gplus 0.05 0.9975567276175378 645.810866833
gplus 0.1 0.9983834748580938 696.055191994
gplus 0.15 0.9976625484146308 782.686999083
gplus 0.2 0.9978429375642679 841.182262897
gplus 0.25 0.9976848527226918 910.622601986
gplus 0.3 0.9969375495639929 1021.20117116
brightkite 0.05 0.9637986501220573 1084.21007991
brightkite 0.1 0.9625117462611245 1477.66272211
brightkite 0.15 0.9529209687487818 1843.49176002
brightkite 0.2 0.948192218396983 2281.69873118
brightkite 0.25 0.9467999274880403 2683.81010699
brightkite 0.3 0.9421520066758555 2926.32287288
advogato 0.05 0.9511166630717478 775.761668921
advogato 0.1 0.9499038640021404 874.130807877
advogato 0.15 0.9466906062923065 848.169275045
advogato 0.2 0.9454955853120293 953.637500048
advogato 0.25 0.9430068566408046 943.469257116
advogato 0.3 0.9441361229308377 1000.04690194
pretty 0.05 0.9646649392877102 661.449874878
pretty 0.1 0.953919456302886 662.954569101
pretty 0.15 0.9526217558910272 740.127662897
pretty 0.2 0.9491908648606615 714.69629693
pretty 0.25 0.9379449844471167 764.669038057
pretty 0.3 0.9240218812537081 874.742188215
