1 1429
2 632
2 2537
4 2515
4 477
6 1529
6 188
8 2304
8 13
11 2027
11 1215
13 1732
13 2398
14 1824
16 1552
16 1366
17 842
17 2086
19 2480
19 625
19 2143
25 1918
26 594
30 1771
30 516
32 1678
32 2447
33 1191
34 1655
35 765
35 1877
37 697
39 2104
39 1286
39 782
39 2509
41 1377
41 762
43 91
45 68
48 527
49 829
51 1232
51 1422
57 499
58 1335
59 1580
62 609
62 893
62 1967
65 125
67 1210
67 332
67 1031
68 1365
69 1198
70 1116
70 1597
78 234
84 1755
86 1371
88 930
89 1616
92 2487
94 1305
98 1417
98 1469
100 881
102 115
107 2527
108 1566
109 1089
109 1022
109 943
110 621
111 2462
112 941
114 2117
115 461
117 1047
118 2038
119 2329
120 1956
120 1854
122 1321
124 2522
126 2291
126 2230
129 1178
132 1269
133 2041
136 168
138 1051
139 1615
140 1614
143 733
144 176
144 1958
144 1838
146 492
147 368
147 1196
148 1695
150 2089
151 782
152 193
154 2218
158 1726
160 2132
162 2448
163 2077
164 1151
165 1031
165 663
166 1609
168 525
168 1718
171 2186
172 2536
173 1663
174 2044
176 2206
177 2210
178 572
178 1414
181 2439
184 189
185 1349
186 2067
188 1826
188 1878
189 412
189 1815
190 918
191 2432
191 2164
192 1993
194 1269
194 1590
200 362
200 1878
202 1250
202 700
203 1160
203 483
207 256
207 1827
211 355
211 2093
211 1366
214 2215
220 1587
220 1756
221 920
224 1321
228 2517
229 1329
229 1890
229 437
231 1722
232 1869
232 1719
233 2534
234 309
234 1765
238 453
239 1100
239 1351
240 1322
241 1301
241 2325
242 2532
243 2191
244 494
246 1765
246 2013
247 2321
248 1569
249 1401
250 1684
250 1335
251 1452
253 905
253 2404
256 1449
256 2374
258 1812
261 413
263 1532
264 393
264 860
267 1169
268 1536
268 1323
268 1438
268 1174
269 405
272 1501
274 1825
274 2293
275 388
276 2232
277 2062
278 536
278 1558
279 1536
280 1080
282 1795
282 531
283 537
283 946
283 2111
284 1185
287 2297
288 785
289 643
289 677
291 1362
294 737
294 1628
294 909
295 2443
297 390
298 467
299 819
299 643
300 2343
303 1745
303 1197
304 1170
305 2331
307 330
310 779
311 1984
312 541
313 446
314 2144
314 2204
317 2188
318 1075
318 1190
320 2098
321 668
322 671
324 1332
325 478
326 1900
327 1366
329 1949
331 1724
334 434
336 1746
336 358
340 2055
343 1976
344 1906
344 949
345 1472
346 801
346 1759
346 1001
347 1039
351 2217
351 554
351 644
352 1105
355 1338
358 2116
358 1574
360 538
360 1938
362 800
363 2056
363 1396
366 556
368 2029
369 1768
371 1652
372 1558
372 751
373 2127
376 1663
379 840
381 772
384 665
384 870
385 2043
386 798
387 405
387 1126
390 1696
393 1221
396 1667
396 1164
398 2019
404 2478
406 1498
406 1299
408 2391
412 833
414 1704
414 1059
417 904
417 2058
421 1180
421 882
421 812
421 1390
421 1254
422 564
423 1817
424 817
424 510
424 929
425 1941
427 854
428 2032
432 849
432 1538
432 971
433 2115
434 1241
434 1795
436 1339
438 1471
439 787
440 820
440 2094
441 2249
442 2360
442 1802
442 2518
442 982
444 1903
450 1472
450 1938
451 1987
454 571
454 890
454 563
455 2355
455 2222
457 1177
457 973
458 1155
458 1995
459 1331
459 1597
460 2082
461 953
462 1987
463 1249
463 1084
465 1814
465 1143
467 941
468 1896
469 1042
471 1584
472 1677
475 1365
476 2189
478 1813
479 2367
480 1336
480 2076
480 2007
483 1722
484 1298
484 1363
485 1841
485 786
486 1152
487 1283
487 1285
489 1353
491 1963
492 2288
492 1679
496 824
496 1878
497 673
499 1186
500 1189
502 553
509 1668
511 2040
512 1169
512 1929
515 1365
520 1954
523 760
523 1491
527 2031
528 1880
529 1962
533 1907
534 1233
534 1228
534 1471
535 1958
537 840
537 2176
538 1767
540 1826
541 1649
542 2500
544 2328
544 1653
550 952
550 1139
550 1618
550 923
551 995
552 1185
552 2095
553 1006
556 645
559 842
561 1939
563 1421
566 1379
568 1217
569 1921
570 1660
570 2015
573 896
575 2526
576 2308
577 767
578 609
578 1433
579 812
579 918
580 2105
580 884
581 2394
581 947
581 668
581 911
584 619
590 839
593 2103
594 1688
596 1762
598 1159
601 788
604 2336
607 1669
607 1918
611 1468
612 1469
614 2462
616 746
617 1305
618 814
625 1175
627 767
633 2227
635 2280
636 1234
636 843
638 651
640 1452
640 1069
644 1437
647 1393
649 2180
652 1399
654 1562
657 1600
657 2480
660 1025
661 2175
662 1159
665 1678
666 2444
669 2213
669 2421
676 1534
677 2389
677 1110
681 1195
682 1817
685 1428
687 1385
687 1783
691 1809
693 2163
696 2235
697 1921
697 1693
698 1833
699 706
702 1385
702 1180
704 1826
704 1451
711 800
712 2136
715 1287
716 1536
718 2130
719 2294
719 1591
726 1538
727 745
728 2378
729 955
731 2102
734 2148
736 1883
740 767
741 1331
745 1873
745 1404
746 1308
748 2508
749 1782
749 2151
753 2402
753 1495
755 2041
756 1030
756 1263
758 2179
762 889
764 1563
768 2276
768 1149
773 1828
775 1338
777 1948
780 1906
780 2526
782 2087
782 814
786 1166
786 1567
788 1306
792 1019
793 806
795 1562
797 1997
799 1577
802 1826
802 1252
803 2539
807 923
810 1953
811 1520
812 878
814 1294
820 2193
822 1803
830 1524
833 1934
834 1648
835 1147
842 1023
842 1247
844 2080
846 1589
848 1322
852 1363
855 1459
857 2306
860 1084
862 1881
862 1210
863 2141
865 2275
869 1418
869 1643
871 2247
872 1913
873 1179
873 2301
873 934
874 1704
874 2051
875 1474
875 1498
875 1666
876 2323
877 2325
880 1618
882 1669
884 1192
885 2224
885 1370
885 1390
885 1294
887 934
889 1975
895 2123
896 2390
901 1661
903 1394
909 1000
909 2268
910 1873
910 1751
912 2115
912 1991
919 1652
921 1403
921 2007
924 1107
925 1138
927 1158
928 1214
929 2020
930 1558
931 1588
932 1859
933 1169
934 1990
936 1736
936 2447
937 1323
938 2083
938 1396
939 2009
945 2366
945 1327
946 1169
949 2446
952 1142
952 1741
954 1388
957 1234
958 1912
960 1611
962 1197
962 2213
963 2410
967 1566
967 2023
971 1578
971 1149
971 2413
972 1262
974 2048
974 1426
975 1778
977 2510
978 1616
978 2533
978 1390
979 2232
982 2293
982 2191
984 1584
985 1297
986 1165
986 1910
987 2377
989 1751
990 1676
991 1448
992 2234
998 2231
1004 2232
1004 1223
1007 1858
1016 1279
1017 1401
1017 1452
1021 2385
1031 1632
1034 2015
1036 1507
1036 1956
1039 1276
1043 2188
1045 1426
1045 1379
1046 1387
1049 2385
1050 1269
1053 2477
1056 1487
1057 1706
1062 1737
1063 2009
1064 2006
1065 1957
1067 1963
1072 1818
1074 2006
1077 2433
1078 2102
1080 1966
1083 1697
1084 1878
1085 2285
1088 1380
1088 1575
1093 1957
1099 1317
1100 1897
1101 2127
1102 2300
1110 2297
1112 1541
1112 2343
1116 1692
1118 2142
1118 1582
1119 1734
1127 2459
1129 1865
1130 1259
1130 2483
1133 2378
1134 1796
1138 2006
1140 1241
1141 1682
1141 1597
1146 1201
1148 2233
1148 1230
1153 2464
1154 1840
1157 2403
1159 2295
1160 2216
1165 1440
1169 2413
1170 1610
1170 1597
1170 1878
1176 2476
1176 2213
1177 1655
1180 2072
1180 2095
1181 1777
1183 2041
1186 1543
1189 1191
1191 1510
1192 1423
1205 1453
1208 2353
1209 1563
1213 1752
1213 2455
1214 2083
1215 2330
1215 1290
1220 2144
1223 1266
1224 2506
1224 1406
1227 1324
1229 2035
1230 1542
1233 2199
1235 2369
1235 1948
1237 2267
1240 1562
1240 1765
1241 2531
1244 2438
1246 2460
1249 1554
1249 1869
1253 1304
1253 2054
1254 2369
1256 1587
1257 2067
1258 2499
1260 1262
1261 1528
1262 2460
1263 2472
1268 2101
1268 2422
1270 1276
1272 2119
1277 1620
1277 1329
1277 2060
1281 2170
1282 2040
1283 2279
1285 1290
1287 1371
1287 2125
1291 1368
1293 1802
1297 2477
1297 2294
1298 1387
1306 1649
1313 2242
1313 1471
1315 1354
1319 1358
1321 1699
1324 2225
1326 1561
1326 1827
1329 2177
1333 1462
1334 1458
1335 2178
1336 2340
1338 1549
1347 1814
1348 1932
1348 2215
1354 2313
1355 1939
1355 2078
1359 1475
1363 2427
1366 1405
1370 2442
1370 1594
1372 1440
1378 1993
1380 2325
1385 1869
1386 1779
1387 1634
1389 1447
1390 1955
1392 1866
1394 2012
1395 1664
1396 1432
1402 2411
1405 1470
1406 2488
1411 2491
1412 1760
1417 2406
1432 1876
1433 2436
1433 2055
1436 2441
1440 2427
1441 1797
1441 2135
1442 2260
1445 1465
1446 1984
1449 2396
1453 2092
1455 1830
1457 1718
1468 1782
1472 1867
1472 1502
1473 1768
1473 1674
1476 2428
1477 2297
1477 2079
1478 1740
1484 1490
1488 2394
1488 1874
1490 1642
1491 1795
1494 2047
1496 2133
1498 2513
1501 2210
1501 1725
1504 2198
1507 2105
1510 1921
1510 1772
1510 2437
1515 1520
1519 2129
1519 1747
1522 2290
1525 2047
1529 2537
1529 1682
1535 2035
1536 2137
1541 2097
1542 2505
1542 2364
1543 2258
1556 2274
1557 2220
1567 2223
1568 2393
1572 1907
1574 1628
1575 1594
1588 2523
1588 2470
1592 2383
1601 2002
1612 2073
1624 1844
1626 2036
1635 1851
1641 1920
1653 2050
1655 2370
1656 1842
1658 2201
1660 2145
1660 2178
1662 2354
1667 1785
1680 2252
1685 2113
1687 2162
1690 2206
1694 1988
1695 2522
1696 2039
1701 1717
1703 1729
1708 1765
1710 1981
1712 2320
1720 1808
1720 2532
1726 2075
1728 2206
1729 1932
1733 2227
1735 1880
1735 2393
1740 2471
1741 2436
1745 1844
1750 2093
1751 2141
1758 2433
1769 1799
1775 2125
1780 1799
1784 1893
1788 1836
1788 2486
1789 2521
1790 1982
1792 1928
1792 1974
1800 1881
1805 2357
1806 2525
1814 2249
1822 2156
1824 1827
1826 1997
1841 2079
1849 2327
1855 2402
1864 2348
1866 1947
1867 2177
1874 1882
1874 2413
1876 2077
1877 2102
1882 2472
1884 2449
1895 2462
1897 1976
1897 1981
1897 2399
1901 2511
1903 2059
1904 2291
1904 2316
1904 2491
1907 2265
1912 2031
1915 1950
1923 2108
1935 2129
1948 2361
1953 2065
1963 2458
1976 2399
1976 2126
2000 2400
2008 2244
2010 2434
2013 2487
2015 2312
2018 2195
2018 2294
2021 2196
2024 2027
2030 2471
2034 2432
2036 2405
2038 2326
2050 2220
2067 2081
2071 2460
2072 2185
2086 2482
2098 2422
2102 2390
2107 2444
2121 2146
2121 2219
2127 2155
2143 2374
2151 2493
2161 2189
2166 2476
2175 2425
2194 2394
2203 2289
2206 2234
2209 2336
2209 2426
2223 2533
2229 2285
2238 2242
2245 2470
2249 2395
2259 2538
2261 2458
2262 2355
2297 2487
2308 2440
2329 2419
2342 2379
2347 2499
2366 2468
2372 2527
2378 2474
2395 2423
2455 2513
2497 2509
