1 584
1 18
1 1087
1 1402
1 1077
2 2314
2 966
2 1374
2 1757
3 10
3 2315
3 434
3 334
3 717
3 82
3 409
3 1114
3 348
4 1218
4 1221
4 650
4 994
4 1203
4 730
4 1151
4 906
4 1541
5 1058
5 1260
5 2316
5 2317
5 1486
5 1427
5 2318
5 184
6 1475
6 1701
6 70
6 391
6 654
6 691
6 1302
6 986
7 195
7 332
7 430
7 2319
7 1393
7 339
8 732
8 1246
9 264
9 610
9 405
9 982
10 1026
10 36
10 2314
10 334
10 434
10 348
11 128
11 514
11 1590
11 1674
11 397
11 2320
11 1654
11 1084
11 573
12 96
12 705
12 546
12 484
12 934
12 359
12 1608
12 1386
12 173
12 142
12 369
12 642
12 1496
12 26
12 796
12 122
13 1376
13 1440
13 196
13 2321
13 821
13 1404
14 832
14 37
14 1196
14 907
14 364
14 1613
14 1262
14 527
14 888
14 372
14 885
14 502
14 1560
14 325
15 896
15 1601
15 115
15 170
15 79
15 2322
15 2323
15 1015
15 1691
15 1276
16 602
16 907
17 1219
17 871
17 1417
17 170
17 159
17 174
17 1041
17 946
17 725
17 343
17 1657
17 219
17 1435
17 1663
18 1442
18 425
18 1298
18 1613
18 562
18 888
18 281
19 1473
19 1097
19 1548
19 399
19 274
19 858
19 1372
20 232
20 487
20 284
20 461
20 1183
21 210
21 731
21 1293
21 1477
22 932
22 2314
22 492
22 2324
22 1303
22 1716
22 1241
22 412
22 1309
23 747
23 93
23 1676
23 875
23 396
23 1646
23 335
23 1713
23 53
23 183
23 1615
23 1181
23 702
24 1699
24 1670
24 71
24 969
24 42
24 396
24 941
24 1173
24 1082
24 383
25 192
25 392
25 426
25 662
25 1623
25 1528
25 1275
25 1502
26 864
26 546
26 934
26 369
26 1448
26 1386
26 642
26 142
26 1329
26 1045
26 379
27 65
27 450
27 296
27 969
27 235
27 396
27 750
27 720
27 788
27 1173
27 982
27 1432
27 852
27 570
27 445
28 1607
28 909
28 1454
28 177
28 1390
28 502
28 663
28 472
28 698
28 1500
28 1119
29 181
29 1795
29 1349
29 2246
29 1511
29 72
29 814
29 1007
29 305
29 1521
29 155
29 2325
29 1718
29 760
29 917
29 763
29 380
29 957
29 1304
29 357
30 1219
30 1670
30 753
30 881
30 1049
30 541
30 94
30 383
31 1059
32 166
32 582
32 1356
32 912
32 1521
32 987
33 135
33 810
33 1009
33 1342
33 213
33 1210
33 665
33 890
33 1725
33 1502
34 1089
34 1220
34 422
34 935
34 936
34 494
34 784
34 1306
34 606
35 1592
35 1672
35 125
35 1134
35 1495
36 640
36 610
36 521
36 329
36 1195
36 752
36 885
36 887
36 378
36 1628
36 890
37 364
37 2320
37 372
37 1301
37 502
37 1049
37 927
37 893
37 686
38 1208
38 798
38 1390
38 1079
39 128
39 99
39 1861
39 169
39 938
39 1577
39 667
39 252
39 1610
40 736
40 1130
40 1707
40 1454
40 1520
40 1521
40 467
40 310
41 616
41 913
41 194
41 1198
42 1092
42 933
42 1228
42 630
42 655
42 1552
42 152
42 2326
42 889
42 1679
42 990
43 1093
43 268
43 1110
43 1593
43 312
43 1753
43 1274
43 1541
44 448
44 506
44 450
44 555
44 1421
44 977
44 1524
44 1205
44 217
44 858
44 1405
44 1182
45 1088
45 993
45 1546
45 1646
45 1496
45 1624
46 836
46 1712
46 1685
46 1686
46 599
46 954
47 1089
47 516
47 581
47 70
47 936
47 754
47 1006
47 1490
47 1142
47 406
47 1049
47 1433
47 1629
48 806
48 1255
48 912
48 339
48 182
48 1311
49 217
49 583
49 2327
50 784
50 1099
50 676
50 422
50 1192
50 843
50 301
50 912
50 401
50 1558
50 1367
50 1220
51 1575
51 1703
51 109
51 436
51 1404
51 349
52 504
52 1309
52 174
52 735
53 1634
53 1667
53 69
53 1191
53 105
53 183
53 178
53 335
53 1682
53 181
53 2328
53 1660
54 1536
54 354
54 591
54 1415
55 985
55 549
55 709
56 709
56 552
56 1548
56 1168
56 465
56 821
56 1529
56 186
56 1403
56 1086
56 437
57 737
57 227
57 166
57 1607
57 1002
57 2319
57 1586
57 1955
57 248
57 830
58 450
58 1092
58 1000
58 1162
58 1410
58 335
58 753
58 755
58 1205
58 2326
58 1463
58 280
59 353
59 584
59 265
59 1465
59 281
59 2234
60 184
60 665
60 287
61 111
61 1467
61 287
62 1250
62 358
62 1383
62 459
62 1428
62 1080
62 665
62 474
62 318
63 64
63 454
63 1704
63 1259
63 1296
63 312
63 531
63 599
63 1464
63 1114
64 1154
64 516
64 454
64 1259
64 2319
64 1045
64 599
64 121
65 78
65 1232
65 1486
65 536
65 2329
65 317
65 1493
66 713
66 1098
66 1323
66 1678
66 1455
66 873
66 764
67 579
67 200
67 349
67 707
67 347
67 1213
67 1531
68 585
68 589
68 617
68 2330
68 2331
68 894
69 1440
69 994
69 1348
69 743
69 300
69 1580
69 1404
69 1274
69 2332
70 1089
70 1127
71 833
71 355
71 1430
71 361
71 555
71 445
71 1008
71 1137
71 1650
71 1622
71 983
71 507
71 1596
71 2333
71 766
71 415
72 1248
72 1128
72 588
72 753
72 405
72 2329
72 1402
72 410
73 1665
73 492
73 1118
73 2334
74 417
74 899
74 1160
74 1067
74 1296
74 1653
75 1217
75 1260
75 1898
75 684
75 655
75 884
75 533
75 568
75 1082
75 1052
75 2335
76 386
76 1547
76 1286
76 460
76 394
76 1451
76 2188
76 1010
76 1658
76 2107
77 854
77 1607
77 814
77 1622
77 472
77 1467
78 536
78 466
78 1492
78 597
79 1100
79 1452
79 1276
80 1442
80 355
80 998
80 587
80 1263
80 340
80 1402
81 2336
81 1506
81 1572
81 368
81 434
81 759
81 953
82 1120
82 2337
82 2338
82 1124
82 874
82 780
82 434
82 906
82 1456
82 1490
82 483
82 1098
82 1220
82 863
82 970
82 926
82 1535
83 320
83 967
83 780
83 1328
83 1297
83 2323
83 404
83 600
83 763
83 1021
83 223
84 1088
84 1025
84 1481
84 238
84 431
84 1010
84 819
84 213
84 1334
84 1624
84 1487
84 1340
84 1469
85 771
85 850
85 695
85 378
85 540
85 1215
86 1121
86 2339
86 580
86 782
86 367
86 1305
86 2340
86 175
86 1693
87 442
87 155
87 1054
87 1478
87 1103
88 1287
88 354
88 583
88 1415
88 1620
88 508
89 439
89 723
89 1645
89 1325
90 1000
90 395
90 1069
90 1270
91 104
91 565
91 1015
92 514
92 2341
92 1318
92 299
92 686
92 338
92 531
92 1527
92 1018
92 415
92 247
93 196
93 412
93 1550
94 448
94 1408
94 1446
94 1258
94 749
94 1421
94 977
94 855
94 506
95 1536
95 390
95 433
95 1233
95 537
95 1247
96 385
96 514
96 1379
96 484
96 2341
96 1318
96 642
96 1329
96 2342
96 1527
96 612
96 826
96 923
96 1018
96 415
97 150
97 2343
97 333
97 751
97 820
97 342
97 991
98 1153
98 1011
98 1437
99 128
99 800
99 521
99 1108
99 2325
99 886
99 536
99 156
99 479
100 432
100 866
100 587
100 592
100 1336
100 761
101 2344
101 1129
101 1035
101 1292
101 1681
101 117
101 1430
101 2327
101 981
102 712
102 548
102 118
102 798
102 1199
103 1345
103 2345
103 1708
103 1136
103 336
103 536
103 379
103 1340
103 1053
104 2346
104 1371
104 773
104 806
105 1269
105 453
105 1606
105 810
105 463
105 1589
105 1206
105 183
105 1533
105 1597
106 1317
106 1318
106 1557
106 1275
106 1692
106 1374
107 1088
107 1025
107 1126
107 1095
107 1064
107 905
107 682
107 240
107 1897
107 1593
107 1469
108 508
108 1071
109 429
110 290
110 708
110 1222
110 1640
110 462
110 1232
110 242
110 279
111 616
111 313
111 391
112 385
112 294
112 976
112 1267
112 375
112 1403
113 639
114 326
114 422
114 401
114 1558
114 824
114 159
115 1071
115 1679
116 224
116 1506
116 555
116 1421
116 759
116 496
116 469
116 727
116 829
117 576
117 940
117 298
117 1292
117 1710
117 1681
118 704
118 1328
118 498
118 398
118 1488
118 242
118 1076
118 1710
118 119
118 1652
118 222
118 1311
119 193
119 1190
119 2342
119 1105
119 1532
119 1130
119 1457
119 626
119 693
119 728
119 1692
120 233
120 658
120 2347
120 1292
121 417
121 1349
121 1223
121 1002
121 199
121 307
121 473
121 1401
121 954
121 285
122 929
122 1508
122 1002
122 363
122 685
122 125
122 1204
122 1386
122 511
123 642
123 1511
123 1287
123 268
123 974
123 369
123 854
123 1308
123 1213
124 640
124 908
124 528
124 1045
124 918
124 796
124 474
124 1319
124 1578
124 300
124 1327
124 187
124 1473
124 1612
124 1487
124 1369
124 218
124 477
124 864
124 1378
124 611
124 742
124 359
124 762
124 2295
124 1274
125 452
125 1638
125 2348
125 465
125 1592
125 1565
126 318
126 869
126 2349
126 670
126 1007
127 642
127 484
127 1189
127 1447
127 1419
127 238
127 499
127 174
127 1430
127 1046
127 735
127 154
127 1022
127 1023
128 800
128 1605
128 1674
128 364
128 1518
128 1208
128 1443
128 502
128 1560
128 1212
128 907
128 963
129 257
129 1261
129 1198
129 141
129 629
129 2167
129 1614
129 157
130 1634
130 1579
130 1194
130 331
130 1106
130 1618
130 1465
131 945
131 1068
131 972
131 1649
131 1737
131 314
132 256
132 1312
132 1033
132 1101
132 1326
132 208
132 633
133 360
133 1026
133 389
133 1544
133 331
133 136
133 885
133 311
133 1631
134 545
134 466
134 667
134 979
135 890
135 735
136 711
136 1388
136 1360
136 885
136 247
