1 16
1 403
1 157
1 167
2 144
4 266
5 184
5 180
5 319
7 106
7 315
8 225
10 42
10 295
12 240
12 20
12 61
12 213
13 211
14 154
14 191
15 367
16 251
17 400
22 225
22 219
22 281
23 272
23 211
23 365
24 232
24 315
26 179
26 302
28 43
28 349
30 129
30 182
31 141
32 110
33 166
34 309
35 185
35 181
36 51
37 232
37 132
37 206
37 103
38 308
40 65
41 264
41 245
42 390
42 279
43 409
45 51
46 56
46 219
47 97
47 147
47 367
50 378
50 139
51 191
53 121
53 230
54 137
55 208
56 225
56 314
56 380
58 131
59 410
59 117
61 394
62 394
63 338
63 135
64 209
65 322
66 216
66 338
67 192
67 129
67 87
68 252
70 170
70 326
70 223
71 83
72 113
73 208
73 379
74 316
74 301
75 136
75 239
77 354
78 410
78 395
81 187
81 255
82 232
83 392
83 408
83 246
84 153
84 308
85 366
87 380
88 235
88 206
90 92
91 124
93 257
93 175
94 234
95 218
96 195
97 405
98 136
98 174
100 222
103 352
103 283
104 366
105 210
108 173
109 334
109 310
109 222
111 313
111 255
112 203
113 186
113 323
114 225
115 410
115 292
116 121
116 356
116 301
121 163
121 155
123 267
123 406
123 407
124 137
124 308
127 313
127 149
127 279
129 201
130 287
132 154
133 338
135 265
135 375
135 164
136 376
136 321
136 204
137 209
137 167
138 352
141 175
146 270
148 312
148 330
149 319
150 163
151 386
152 384
152 204
152 391
153 331
153 269
153 286
156 249
158 226
159 343
163 310
167 210
168 238
168 295
169 363
170 269
171 175
172 377
172 202
174 297
174 399
175 313
178 268
180 329
181 228
182 271
183 337
185 197
186 267
187 237
189 328
190 361
190 327
192 272
192 277
193 251
194 261
195 290
198 276
198 212
202 228
202 398
203 297
204 295
206 377
207 301
209 368
211 231
213 364
213 310
216 369
216 293
217 240
217 272
218 410
218 301
220 410
221 242
224 316
225 344
226 370
228 301
231 268
231 389
232 253
233 246
234 365
234 375
236 249
236 404
241 293
242 338
243 350
248 250
252 393
252 275
253 308
258 409
259 337
264 370
264 367
266 395
266 311
267 340
267 325
270 327
282 348
285 385
286 315
290 329
291 334
308 366
313 363
320 386
326 404
328 349
329 389
335 337
339 394
343 406
359 409
368 375
370 390
383 400
