1 2
1 4
1 5
1 6
1 7
1 8
1 10
1 11
1 12
1 13
1 272
1 19
1 22
1 26
1 283
1 38
1 39
1 309
1 318
1 333
1 353
1 354
1 359
1 361
1 362
1 363
1 364
1 365
1 366
2 1
2 359
2 4
2 5
2 7
2 361
2 362
2 11
2 12
2 366
2 16
2 364
2 363
3 67
3 36
3 168
3 45
3 14
3 368
3 360
3 56
3 25
3 349
4 1
4 2
4 363
4 5
4 38
4 7
4 8
4 9
4 10
4 359
4 12
4 365
4 342
4 361
4 364
4 362
5 1
5 2
5 4
5 6
5 7
5 8
5 9
5 10
5 11
5 12
5 13
5 16
5 26
5 27
5 32
5 355
5 356
5 358
5 359
5 361
5 362
5 363
5 364
5 365
5 366
5 367
6 1
6 359
6 5
6 7
6 8
6 9
6 362
6 11
6 12
6 365
6 366
6 367
6 49
6 361
6 364
6 26
6 363
7 1
7 2
7 4
7 5
7 6
7 8
7 11
7 12
7 16
7 26
7 51
7 309
7 310
7 338
7 342
7 357
7 361
7 362
7 363
7 364
7 365
7 366
7 367
8 1
8 4
8 5
8 6
8 359
8 9
8 362
8 11
8 12
8 366
8 367
8 337
8 19
8 7
8 364
9 363
9 4
9 5
9 6
9 8
9 10
9 11
9 12
9 365
9 367
9 369
9 362
10 1
10 363
10 4
10 5
10 359
10 9
10 362
10 11
10 364
10 13
10 366
10 116
10 361
10 26
10 28
11 1
11 2
11 359
11 5
11 6
11 7
11 8
11 9
11 10
11 363
11 12
11 13
11 366
11 365
11 367
11 22
11 283
11 364
11 26
11 38
11 362
12 1
12 2
12 35
12 4
12 5
12 6
12 7
12 8
12 9
12 362
12 11
12 332
12 366
12 367
12 43
12 361
12 356
12 363
12 364
13 1
13 5
13 359
13 10
13 11
13 15
14 3
14 67
14 36
14 328
14 45
14 368
14 360
14 227
14 56
14 25
14 168
14 349
14 315
14 319
15 13
15 16
15 17
15 18
15 22
15 26
15 28
15 29
15 33
15 34
15 37
15 43
15 318
15 323
15 73
15 74
15 332
15 77
15 79
15 84
15 93
15 94
15 95
15 353
15 363
15 364
16 2
16 5
16 7
16 15
16 17
16 18
16 22
16 26
16 28
16 29
16 37
16 38
16 39
16 323
16 325
16 74
16 75
16 332
16 77
16 79
16 82
16 93
16 94
17 16
17 18
17 364
17 50
17 15
18 324
18 37
18 17
18 95
18 364
18 77
18 15
18 16
18 369
18 50
18 84
18 341
18 91
18 94
18 31
19 1
19 356
19 33
19 8
19 41
19 369
19 23
20 133
20 140
20 21
20 23
20 26
20 28
20 30
20 31
20 35
20 37
20 51
20 52
20 317
20 318
20 70
20 74
20 75
20 77
20 85
20 90
20 93
20 94
20 356
20 121
21 32
21 33
21 34
21 356
21 37
21 38
21 39
21 361
21 362
21 48
21 369
21 50
21 20
21 22
21 23
21 26
21 27
21 28
21 29
21 30
21 31
22 1
22 11
22 15
22 16
22 21
22 23
22 26
22 27
22 28
22 29
22 30
22 31
22 32
22 33
22 34
22 38
22 39
22 43
22 44
22 69
22 72
22 74
23 33
23 34
23 35
23 357
23 39
23 43
23 46
23 48
23 49
23 37
23 19
23 20
23 21
23 22
23 26
23 27
23 28
23 29
23 31
24 328
24 116
24 317
24 318
24 319
25 3
25 67
25 36
25 328
25 268
25 45
25 14
25 368
25 360
25 370
25 307
25 78
25 217
25 168
25 349
25 319
26 1
26 5
26 6
26 7
26 10
26 11
26 15
26 16
26 20
26 21
26 22
26 23
26 27
26 28
26 29
26 30
26 31
26 32
26 33
26 34
26 35
26 37
26 38
26 39
26 48
26 61
26 66
26 74
26 340
26 341
26 361
26 364
27 32
27 33
27 35
27 5
27 65
27 39
27 317
27 43
27 367
27 50
27 21
27 22
27 23
27 26
27 37
27 28
27 29
27 30
27 31
28 33
28 34
28 35
28 37
28 38
28 10
28 325
28 15
28 48
28 53
28 20
28 21
28 22
28 23
28 26
28 27
28 16
28 29
28 30
28 31
29 32
29 33
29 34
29 323
29 38
29 31
29 361
29 15
29 48
29 50
29 318
29 21
29 22
29 23
29 121
29 26
29 27
29 28
29 122
29 30
29 16
30 32
30 33
30 34
30 35
30 38
30 39
30 73
30 29
30 365
30 47
30 50
30 20
30 21
30 22
30 26
30 27
30 28
30 317
30 31
31 32
31 33
31 34
31 35
31 37
31 38
31 30
31 18
31 20
31 21
31 22
31 23
31 26
31 27
31 28
31 29
31 318
32 33
32 34
32 5
32 38
32 39
32 31
32 369
32 50
32 21
32 22
32 26
32 27
32 29
32 30
32 341
33 32
33 34
33 38
33 39
33 15
33 48
33 50
33 19
33 21
33 22
33 23
33 26
33 27
33 28
33 29
33 30
33 31
34 32
34 33
34 37
34 39
34 15
34 21
34 22
34 23
34 26
34 28
34 29
34 30
34 31
35 37
35 362
35 12
35 20
35 23
35 26
35 27
35 28
35 30
35 31
36 257
36 67
36 168
36 45
36 14
36 368
36 360
36 3
36 25
36 56
36 89
36 316
36 349
37 129
37 135
37 137
37 15
37 16
37 18
37 20
37 21
37 23
37 26
37 27
37 28
37 31
37 34
37 35
37 38
37 39
37 43
37 325
37 74
37 94
37 95
37 371
37 372
37 373
38 32
38 1
38 4
38 37
38 33
38 356
38 74
38 11
38 29
38 16
38 30
38 21
38 22
38 39
38 26
38 28
38 317
38 318
38 31
39 32
39 1
39 34
39 37
39 38
39 33
39 77
39 47
39 16
39 113
39 21
39 22
39 23
39 26
39 27
39 30
40 48
40 41
40 72
40 49
41 40
41 46
41 48
41 49
41 50
41 19
42 49
42 43
42 44
42 46
43 353
43 354
43 37
43 12
43 42
43 44
43 46
43 15
43 48
43 49
43 50
43 22
43 23
43 27
43 93
43 95
44 354
44 72
44 42
44 43
44 46
44 48
44 22
44 318
45 97
45 67
45 36
45 328
45 14
45 368
45 360
45 3
45 56
45 25
45 349
46 353
46 357
46 72
46 41
46 42
46 43
46 44
46 47
46 50
46 51
46 23
46 317
46 318
47 39
47 74
47 46
47 48
47 50
47 30
47 317
47 318
48 33
48 323
48 325
48 353
48 40
48 41
48 74
48 43
48 44
48 47
48 50
48 51
48 21
48 23
48 26
48 29
48 28
48 317
48 318
48 357
49 6
49 40
49 41
49 42
49 43
49 50
49 23
50 32
50 33
50 43
50 17
50 41
50 363
50 333
50 46
50 47
50 48
50 49
50 18
50 51
50 21
50 71
50 27
50 29
50 30
51 129
51 66
51 132
51 7
51 364
51 98
51 46
51 48
51 50
51 20
51 142
51 122
51 125
52 20
52 53
52 54
52 55
52 57
52 58
52 59
52 60
52 61
52 62
52 63
52 64
52 65
52 66
52 68
52 70
52 71
52 75
52 76
52 77
52 80
52 81
52 82
52 84
52 85
52 86
52 88
52 90
52 91
52 94
52 126
53 65
53 66
53 70
53 71
53 72
53 73
53 77
53 28
53 79
53 52
53 54
53 55
53 57
53 58
53 59
53 60
53 61
53 62
53 63
54 64
54 65
54 66
54 70
54 354
54 52
54 53
54 55
54 57
54 58
54 59
54 60
54 61
54 63
55 65
55 66
55 91
55 71
55 109
55 84
55 53
55 54
55 57
55 59
55 60
55 62
55 52
56 3
56 36
56 360
56 45
56 14
56 67
56 349
57 64
57 65
57 66
57 68
57 70
57 71
57 333
57 52
57 53
57 54
57 55
57 58
57 59
57 60
57 61
57 62
57 63
58 64
58 65
58 66
58 68
58 70
58 71
58 84
58 354
58 52
58 53
58 54
58 88
58 57
58 59
58 60
58 61
58 63
59 52
59 53
59 54
59 55
59 57
59 58
59 60
59 61
59 62
59 63
59 64
59 65
59 66
59 68
59 70
59 71
59 75
59 82
59 84
59 86
59 91
59 99
59 318
60 64
60 65
60 66
60 68
60 71
60 52
60 53
60 54
60 55
60 88
60 57
60 58
60 59
60 61
60 62
60 63
61 64
61 65
61 66
61 131
61 68
61 54
61 70
61 71
61 84
61 59
61 52
61 53
61 86
61 88
61 57
61 26
61 91
61 60
61 58
61 126
61 63
62 64
62 65
62 66
62 68
62 71
62 105
62 75
62 76
62 80
62 81
62 52
62 53
62 55
62 57
62 59
62 60
62 63
63 64
63 65
63 66
63 68
63 70
63 71
63 354
63 52
63 53
63 54
63 88
63 57
63 58
63 59
63 60
63 61
63 62
64 65
64 66
64 68
64 70
64 52
64 54
64 57
64 58
64 59
64 60
64 61
64 62
64 63
65 64
65 66
65 27
65 68
65 70
65 354
65 52
65 53
65 54
65 55
65 88
65 57
65 58
65 59
65 60
65 61
65 62
65 63
66 354
66 26
66 51
66 52
66 53
66 54
66 55
66 57
66 58
66 59
66 60
66 61
66 62
66 63
66 64
66 65
66 68
66 69
66 70
66 71
66 75
66 333
66 80
66 81
66 82
66 85
66 88
66 91
66 94
66 98
66 119
66 121
66 122
66 125
67 97
67 3
67 36
67 257
67 360
67 268
67 45
67 14
67 237
67 368
67 78
67 25
67 56
67 217
67 349
67 319
68 64
68 65
68 66
68 70
68 71
68 354
68 52
68 88
68 57
68 58
68 59
68 60
68 61
68 62
68 63
69 96
69 66
69 99
69 100
69 104
69 105
69 108
69 98
69 111
69 83
69 22
69 151
69 153
69 122
70 20
70 52
70 53
70 54
70 57
70 58
70 59
70 61
70 318
70 63
70 64
70 65
70 66
70 68
70 71
70 72
70 81
70 85
70 88
70 90
70 91
70 374
71 50
71 52
71 53
71 55
71 57
71 58
71 59
71 60
71 61
71 62
71 63
71 66
71 68
71 70
71 77
71 80
71 81
71 84
71 88
71 91
71 317
71 112
71 318
71 126
72 161
72 70
72 40
72 44
72 46
72 112
72 81
72 53
72 22
72 94
72 95
73 354
73 74
73 15
73 53
73 79
73 93
73 30
73 95
74 16
74 37
74 38
74 73
74 333
74 15
74 48
74 20
74 317
74 22
74 26
74 47
74 93
74 318
74 95
75 16
75 20
75 52
75 59
75 317
75 62
75 66
75 76
75 77
75 79
75 80
75 81
75 82
75 83
75 84
75 86
75 87
75 88
75 90
75 91
75 374
75 375
76 75
76 77
76 334
76 80
76 81
76 82
76 83
76 52
76 85
76 86
76 87
76 88
76 84
76 90
76 91
76 62
77 130
77 131
77 135
77 140
77 15
77 16
77 145
77 18
77 20
77 39
77 52
77 53
77 317
77 325
77 71
77 75
77 76
77 79
77 80
77 81
77 82
77 84
77 86
77 88
77 374
77 119
77 121
77 125
78 97
78 67
78 368
78 370
78 89
78 25
79 16
79 325
79 73
79 75
79 140
79 77
79 15
79 80
79 82
79 84
79 53
79 376
79 122
79 317
80 142
80 52
80 317
80 62
80 66
80 71
80 75
80 76
80 77
80 79
80 81
80 82
80 83
80 84
80 85
80 86
80 88
80 90
80 91
80 318
80 374
80 375
81 131
81 52
81 317
81 62
81 66
81 70
81 71
81 72
81 75
81 76
81 77
81 80
81 82
81 83
81 84
81 85
81 86
81 88
81 90
81 91
81 374
81 375
82 84
82 16
82 66
82 59
82 374
82 75
82 76
82 77
82 79
82 80
82 81
82 83
82 52
82 85
82 86
82 111
82 88
82 91
82 317
82 126
83 99
83 69
83 75
83 76
83 80
83 81
83 82
83 318
83 84
83 85
83 374
83 87
83 88
83 90
83 91
83 86
83 317
83 126
84 15
84 18
84 52
84 55
84 58
84 59
84 61
84 71
84 75
84 76
84 77
84 79
84 80
84 81
84 82
84 83
84 85
84 86
84 88
84 90
84 91
84 317
84 374
85 66
85 374
85 70
85 375
85 76
85 80
85 81
85 82
85 83
85 84
85 318
85 86
85 87
85 88
85 52
85 91
85 317
85 20
86 139
86 157
86 160
86 161
86 52
86 59
86 61
86 75
86 76
86 77
86 80
86 81
86 82
86 83
86 84
86 85
86 87
86 88
86 90
86 91
86 317
86 375
86 377
87 374
87 75
87 76
87 111
87 83
87 85
87 86
87 88
87 91
88 52
88 58
88 60
88 61
88 63
88 65
88 66
88 68
88 70
88 71
88 75
88 76
88 77
88 334
88 80
88 81
88 82
88 83
88 84
88 85
88 86
88 87
88 90
88 91
88 93
88 104
88 105
88 106
88 108
88 112
88 113
88 374
88 375
89 97
89 370
89 36
89 78
90 70
90 75
90 76
90 111
90 80
90 81
90 83
90 84
90 86
90 88
90 52
90 91
90 20
91 18
91 52
91 55
91 59
91 61
91 318
91 66
91 70
91 71
91 75
91 76
91 80
91 81
91 82
91 83
91 84
91 85
91 86
91 87
91 88
91 90
91 117
91 374
91 126
92 93
93 73
93 74
93 43
93 15
93 16
93 88
93 20
93 150
93 152
93 92
93 318
93 95
94 129
94 137
94 66
94 15
94 16
94 18
94 20
94 164
94 37
94 170
94 171
94 176
94 177
94 52
94 317
94 190
94 191
94 193
94 194
94 72
94 205
94 214
94 215
94 378
94 95
94 372
94 318
94 121
94 122
94 379
95 37
95 135
95 72
95 73
95 74
95 43
95 15
95 18
95 148
95 94
95 93
95 318
95 325
96 98
96 99
96 100
96 69
96 122
96 124
96 318
97 67
97 360
97 45
97 78
97 370
97 309
97 342
97 343
97 344
97 89
97 283
97 345
97 319
98 96
98 66
98 99
98 100
98 69
98 108
98 51
98 153
98 119
98 120
98 164
98 124
98 158
99 96
99 98
99 100
99 69
99 104
99 105
99 107
99 108
99 83
99 151
99 121
99 218
99 59
100 96
100 98
100 99
100 69
100 106
100 109
100 112
100 151
100 153
100 126
101 133
101 136
101 138
101 142
101 143
101 144
101 145
101 381
101 154
101 162
101 163
101 164
101 165
101 166
101 167
101 169
101 170
101 171
101 172
101 173
101 183
101 184
101 190
101 194
101 197
101 198
101 206
101 102
101 103
101 104
101 105
101 106
101 108
101 109
101 110
101 111
101 112
101 115
101 122
101 123
101 380
101 125
101 126
102 134
102 136
102 138
102 139
102 143
102 144
102 146
102 101
102 103
102 104
102 105
102 106
102 107
102 108
102 109
102 110
102 111
102 112
102 114
102 122
102 380
102 126
103 134
103 136
103 138
103 139
103 140
103 142
103 143
103 145
103 146
103 147
103 154
103 101
103 102
103 104
103 105
103 106
103 107
103 108
103 109
103 110
103 111
103 112
103 123
103 380
103 126
104 129
104 134
104 138
104 139
104 143
104 144
104 145
104 146
104 147
104 154
104 69
104 88
104 99
104 101
104 102
104 103
104 105
104 106
104 107
104 108
104 109
104 110
104 111
104 112
104 380
104 126
105 134
105 135
105 136
105 138
105 142
105 143
105 144
105 145
105 146
105 147
105 161
105 62
105 69
105 88
105 99
105 101
105 102
105 103
105 104
105 106
105 107
105 108
105 109
105 110
105 111
105 112
105 125
105 126
106 100
106 101
106 102
106 103
106 104
106 105
106 138
106 107
106 108
106 109
106 110
106 111
106 112
106 140
106 147
106 151
106 88
106 126
107 99
107 102
107 103
107 104
107 105
107 106
107 108
107 109
107 142
107 111
107 112
107 136
107 147
107 380
107 126
108 139
108 144
108 145
108 147
108 69
108 88
108 98
108 99
108 101
108 102
108 103
108 104
108 105
108 106
108 107
108 109
108 110
108 111
108 112
108 114
108 117
108 120
108 122
108 126
109 100
109 101
109 102
109 103
109 104
109 105
109 106
109 107
109 108
109 110
109 112
109 134
109 55
109 137
109 153
109 135
109 138
109 126
110 101
110 102
110 103
110 104
110 105
110 106
110 108
110 109
110 111
110 112
110 114
110 318
110 126
110 146
111 138
111 144
111 145
111 146
111 147
111 69
111 82
111 87
111 90
111 101
111 102
111 103
111 104
111 105
111 106
111 107
111 108
111 110
111 112
111 115
111 121
111 122
111 126
112 133
112 138
112 139
112 140
112 142
112 145
112 146
112 71
112 72
112 88
112 100
112 101
112 102
112 103
112 104
112 105
112 106
112 107
112 108
112 109
112 110
112 111
112 121
112 380
112 126
113 134
113 39
113 334
113 88
113 114
113 115
113 148
113 117
113 150
113 119
113 120
113 121
113 122
113 125
114 134
114 102
114 108
114 110
114 113
114 115
114 148
114 117
114 150
114 119
114 120
114 153
114 156
114 158
115 101
115 136
115 137
115 334
115 111
115 113
115 114
115 148
115 117
115 150
115 119
115 120
115 121
115 153
115 125
115 126
116 294
116 328
116 10
116 303
116 337
116 340
116 24
116 317
117 134
117 108
117 334
117 113
117 114
117 115
117 148
117 150
117 119
117 120
117 122
117 91
118 339
118 382
119 66
119 138
119 98
119 77
119 113
119 114
119 115
119 148
119 117
119 150
119 151
119 120
120 98
120 137
120 108
120 113
120 114
120 115
120 148
120 117
120 150
120 119
120 126
121 66
121 99
121 29
121 77
121 111
121 112
121 113
121 131
121 20
121 115
121 122
121 124
121 125
121 94
122 96
122 66
122 69
122 102
122 94
122 108
122 101
122 79
122 113
122 29
122 51
122 117
122 151
122 121
122 111
122 124
122 125
122 126
122 127
123 162
123 163
123 164
123 165
123 166
123 103
123 170
123 167
123 147
123 171
123 187
123 195
123 101
124 96
124 128
124 98
124 151
124 121
124 122
124 125
125 128
125 51
125 66
125 101
125 136
125 105
125 77
125 113
125 115
125 152
125 121
125 122
125 124
125 126
126 129
126 134
126 136
126 137
126 138
126 139
126 143
126 145
126 147
126 157
126 52
126 61
126 71
126 82
126 83
126 91
126 100
126 101
126 102
126 103
126 104
126 105
126 106
126 107
126 108
126 109
126 110
126 111
126 112
126 115
126 120
126 122
126 380
126 125
127 128
127 122
128 130
128 137
128 174
128 176
128 148
128 142
128 155
128 124
128 125
128 127
129 161
129 37
129 104
129 51
129 126
129 151
129 94
130 128
130 131
130 135
130 140
130 77
130 144
130 147
130 150
130 318
131 130
131 135
131 137
131 77
131 144
131 81
131 147
131 121
131 61
132 51
132 133
132 134
132 135
132 136
132 137
132 140
132 141
132 142
132 143
132 144
132 145
132 146
132 147
132 380
133 112
133 132
133 101
133 134
133 135
133 136
133 137
133 138
133 139
133 140
133 142
133 144
133 145
133 146
133 20
133 380
134 132
134 133
134 135
134 136
134 138
134 139
134 140
134 142
134 143
134 144
134 145
134 146
134 147
134 102
134 103
134 104
134 105
134 109
134 113
134 114
134 117
134 380
134 126
135 224
135 130
135 131
135 132
135 133
135 134
135 136
135 105
135 234
135 109
135 226
135 77
135 177
135 246
135 137
135 95
135 37
136 132
136 133
136 134
136 135
136 137
136 138
136 139
136 140
136 141
136 142
136 143
136 144
136 145
136 146
136 147
136 156
136 101
136 102
136 103
136 105
136 107
136 115
136 380
136 125
136 126
137 128
137 256
137 131
137 132
137 133
137 135
137 136
137 265
137 266
137 146
137 148
137 152
137 165
137 176
137 177
137 94
137 37
137 234
137 109
137 238
137 239
137 240
137 115
137 126
137 120
137 264
138 133
138 134
138 136
138 139
138 140
138 141
138 142
138 143
138 144
138 145
138 146
138 147
138 151
138 101
138 102
138 103
138 104
138 105
138 106
138 109
138 111
138 112
138 119
138 380
138 126
139 133
139 134
139 136
139 138
139 140
139 141
139 142
139 143
139 144
139 145
139 146
139 147
139 152
139 157
139 161
139 86
139 102
139 103
139 104
139 108
139 112
139 380
139 126
140 112
140 130
140 132
140 133
140 134
140 103
140 136
140 106
140 139
140 77
140 142
140 79
140 144
140 145
140 146
140 147
140 20
140 153
140 154
140 143
140 138
141 132
141 136
141 138
141 139
141 142
141 143
141 144
141 145
141 146
141 147
142 128
142 384
142 132
142 133
142 134
142 136
142 138
142 139
142 140
142 141
142 144
142 145
142 146
142 147
142 151
142 153
142 162
142 163
142 164
142 165
142 166
142 167
142 169
142 170
142 171
142 172
142 176
142 51
142 194
142 195
142 197
142 198
142 201
142 203
142 206
142 80
142 101
142 103
142 105
142 107
142 112
142 380
142 383
143 132
143 101
143 102
143 103
143 104
143 105
143 138
143 139
143 140
143 141
143 144
143 145
143 146
143 147
143 126
143 136
143 134
144 130
144 131
144 132
144 133
144 134
144 136
144 138
144 139
144 140
144 141
144 142
144 143
144 145
144 146
144 147
144 154
144 156
144 101
144 102
144 104
144 105
144 108
144 111
144 380
145 132
145 133
145 134
145 136
145 138
145 139
145 140
145 141
145 142
145 143
145 144
145 146
145 147
145 77
145 101
145 103
145 104
145 105
145 108
145 111
145 112
145 126
146 132
146 133
146 134
146 136
146 137
146 138
146 139
146 140
146 141
146 142
146 143
146 144
146 145
146 147
146 102
146 103
146 104
146 105
146 110
146 111
146 112
146 380
147 130
147 131
147 132
147 134
147 136
147 138
147 139
147 140
147 141
147 142
147 143
147 144
147 145
147 146
147 151
147 318
147 103
147 104
147 105
147 106
147 107
147 108
147 111
147 373
147 123
147 380
147 126
148 128
148 137
148 119
148 113
148 114
148 115
148 117
148 150
148 151
148 120
148 152
148 95
149 314
149 338
149 341
149 159
150 130
150 113
150 114
150 115
150 148
150 117
150 119
150 120
150 155
150 93
151 129
151 99
151 100
151 69
151 161
151 106
151 142
151 147
151 148
151 122
151 138
151 119
151 153
151 154
151 124
151 170
151 158
152 161
152 137
152 139
152 93
152 148
152 156
152 125
152 158
153 194
153 100
153 69
153 140
153 98
153 142
153 109
153 114
153 115
153 151
153 154
153 156
153 158
154 101
154 103
154 104
154 151
154 140
154 144
154 183
154 153
155 128
155 385
155 162
155 201
155 207
155 150
155 156
155 158
156 162
156 136
156 144
156 114
156 152
156 153
156 155
156 158
157 160
157 377
157 139
157 86
157 126
158 385
158 98
158 162
158 114
158 151
158 152
158 153
158 155
158 156
159 208
159 227
159 149
160 377
160 157
160 86
161 129
161 139
161 72
161 105
161 171
161 86
161 151
161 152
162 384
162 142
162 155
162 156
162 158
162 163
162 164
162 165
162 166
162 167
162 169
162 170
162 171
162 172
162 173
162 187
162 188
162 194
162 195
162 197
162 198
162 202
162 203
162 204
162 218
162 123
162 101
162 379
163 384
163 142
163 162
163 164
163 165
163 166
163 167
163 169
163 170
163 171
163 172
163 173
163 174
163 187
163 188
163 190
163 191
163 195
163 198
163 201
163 205
163 206
163 101
163 123
164 384
164 142
164 162
164 163
164 165
164 166
164 167
164 169
164 170
164 171
164 172
164 173
164 187
164 192
164 198
164 200
164 201
164 202
164 203
164 204
164 206
164 94
164 98
164 101
164 123
165 137
165 142
165 162
165 163
165 164
165 166
165 167
165 169
165 170
165 171
165 172
165 173
165 183
165 188
165 190
165 192
165 194
165 198
165 200
165 201
165 202
165 204
165 206
165 101
165 123
166 386
166 142
166 162
166 163
166 164
166 165
166 167
166 169
166 170
166 171
166 172
166 173
166 174
166 176
166 187
166 195
166 197
166 200
166 201
166 203
166 204
166 205
166 206
166 220
166 123
166 101
166 379
167 384
167 387
167 142
167 162
167 163
167 164
167 165
167 166
167 169
167 170
167 171
167 172
167 173
167 188
167 190
167 191
167 195
167 200
167 202
167 206
167 123
167 101
167 379
168 3
168 36
168 360
168 14
168 227
168 25
169 165
169 162
169 163
169 164
169 101
169 198
169 167
169 204
169 170
169 171
169 172
169 194
169 142
169 173
169 177
169 195
169 213
169 197
169 379
169 211
169 166
170 387
170 142
170 151
170 162
170 163
170 164
170 165
170 166
170 167
170 169
170 171
170 172
170 173
170 177
170 184
170 187
170 188
170 198
170 202
170 203
170 205
170 206
170 214
170 215
170 94
170 123
170 101
170 379
171 384
171 387
171 142
171 161
171 162
171 163
171 164
171 165
171 166
171 167
171 169
171 170
171 172
171 173
171 180
171 187
171 190
171 195
171 197
171 198
171 200
171 201
171 203
171 205
171 206
171 213
171 214
171 218
171 94
171 101
171 226
171 229
171 230
171 123
172 162
172 163
172 164
172 101
172 166
172 167
172 200
172 169
172 170
172 171
172 204
172 173
172 142
172 195
172 203
172 201
172 165
173 165
173 162
173 163
173 164
173 101
173 198
173 167
173 169
173 170
173 171
173 172
173 205
173 206
173 204
173 201
173 188
173 166
174 128
174 163
174 166
174 198
174 175
174 176
174 195
174 378
175 176
175 378
175 174
176 128
176 198
176 166
176 137
176 174
176 175
176 142
176 183
176 201
176 378
176 94
177 384
177 258
177 259
177 260
177 261
177 262
177 135
177 137
177 386
177 271
177 273
177 275
177 278
177 279
177 388
177 389
177 288
177 169
177 170
177 263
177 192
177 197
177 201
177 204
177 211
177 212
177 213
177 218
177 94
177 223
177 224
177 226
177 228
177 230
177 231
177 234
177 236
177 281
177 240
177 242
177 243
177 244
177 249
177 250
177 251
177 252
177 254
178 208
178 311
178 308
178 189
178 199
179 184
179 193
179 180
179 220
179 181
180 184
180 179
180 171
180 181
180 215
181 193
181 387
181 179
181 180
181 214
181 184
182 184
182 193
182 183
183 193
183 165
183 176
183 214
183 184
183 154
183 182
183 101
184 193
184 101
184 170
184 183
184 209
184 179
184 180
184 181
184 182
184 215
184 220
185 222
185 186
185 379
185 202
185 214
186 226
186 200
186 201
186 204
186 214
186 185
186 187
186 222
186 191
187 384
187 387
187 162
187 163
187 164
187 166
187 170
187 171
187 186
187 188
187 190
187 191
187 192
187 194
187 195
187 197
187 198
187 200
187 201
187 202
187 203
187 205
187 206
187 123
188 384
188 387
188 162
188 163
188 165
188 167
188 170
188 173
188 187
188 190
188 191
188 192
188 194
188 195
188 197
188 198
188 200
188 201
188 202
188 203
188 204
188 205
188 206
188 379
189 390
189 199
189 208
189 178
189 308
189 309
189 311
189 314
190 384
190 387
190 163
190 165
190 167
190 171
190 187
190 188
190 191
190 192
190 194
190 195
190 197
190 198
190 200
190 201
190 202
190 203
190 204
190 205
190 206
190 94
190 228
190 101
191 384
191 387
191 163
191 167
191 186
191 187
191 188
191 190
191 192
191 194
191 195
191 197
191 198
191 200
191 201
191 202
191 203
191 204
191 205
191 206
191 211
191 94
191 379
192 194
192 195
192 164
192 165
192 198
192 200
192 201
192 202
192 203
192 204
192 205
192 206
192 177
192 387
192 187
192 215
192 191
192 379
192 188
192 190
192 197
193 179
193 181
193 182
193 183
193 184
193 220
193 94
194 384
194 387
194 142
194 153
194 162
194 165
194 169
194 187
194 188
194 190
194 191
194 192
194 195
194 197
194 198
194 200
194 201
194 202
194 203
194 204
194 205
194 206
194 210
194 94
194 101
194 379
195 384
195 387
195 142
195 162
195 163
195 166
195 167
195 169
195 171
195 172
195 174
195 187
195 188
195 190
195 191
195 192
195 194
195 197
195 198
195 200
195 201
195 202
195 203
195 204
195 205
195 206
195 209
195 210
195 211
195 123
195 379
196 386
196 387
197 384
197 387
197 142
197 162
197 166
197 169
197 171
197 177
197 187
197 188
197 190
197 191
197 192
197 194
197 195
197 198
197 200
197 201
197 202
197 203
197 204
197 205
197 206
197 101
197 379
197 381
198 384
198 387
198 142
198 162
198 163
198 164
198 165
198 169
198 170
198 171
198 173
198 174
198 176
198 187
198 188
198 190
198 191
198 192
198 194
198 195
198 197
198 200
198 201
198 202
198 203
198 204
198 205
198 206
198 213
198 218
198 228
198 101
198 379
199 208
199 178
199 189
199 311
200 384
200 387
200 164
200 165
200 166
200 167
200 171
200 172
200 186
200 187
200 188
200 190
200 191
200 192
200 194
200 195
200 197
200 198
200 201
200 202
200 203
200 204
200 205
200 206
200 211
200 215
200 379
201 384
201 387
201 142
201 155
201 163
201 164
201 165
201 166
201 171
201 172
201 173
201 176
201 177
201 186
201 187
201 188
201 190
201 191
201 192
201 194
201 195
201 197
201 198
201 200
201 202
201 203
201 204
201 205
201 206
201 207
201 379
202 384
202 387
202 162
202 164
202 165
202 167
202 170
202 185
202 187
202 188
202 190
202 191
202 192
202 194
202 195
202 197
202 198
202 200
202 201
202 203
202 204
202 205
202 206
202 207
203 384
203 387
203 142
203 162
203 164
203 166
203 170
203 171
203 172
203 187
203 188
203 190
203 191
203 192
203 194
203 195
203 197
203 198
203 200
203 201
203 202
203 204
203 205
203 206
203 218
203 379
204 384
204 162
204 164
204 165
204 166
204 169
204 172
204 173
204 177
204 186
204 188
204 190
204 191
204 192
204 194
204 195
204 197
204 198
204 200
204 201
204 202
204 203
204 205
204 206
204 213
204 218
204 379
205 384
205 387
205 163
205 166
205 170
205 171
205 173
205 187
205 188
205 190
205 191
205 192
205 194
205 195
205 197
205 198
205 200
205 201
205 202
205 203
205 204
205 206
205 94
205 223
205 379
206 384
206 387
206 142
206 163
206 164
206 165
206 166
206 167
206 170
206 171
206 173
206 187
206 188
206 190
206 191
206 192
206 194
206 195
206 197
206 198
206 200
206 201
206 202
206 203
206 204
206 205
206 218
206 101
206 379
207 391
207 392
207 201
207 202
207 240
207 209
207 155
208 178
208 227
208 159
208 189
208 199
209 184
209 195
209 207
209 391
210 194
210 195
210 393
210 211
210 212
210 213
210 214
210 215
210 218
211 393
211 195
211 200
211 169
211 177
211 210
211 212
211 213
211 214
211 215
211 216
211 218
211 191
212 225
212 226
212 228
212 177
212 210
212 211
212 213
212 214
212 215
212 216
212 218
213 224
213 198
213 169
213 171
213 204
213 177
213 210
213 211
213 212
213 214
213 393
213 216
213 218
213 381
213 215
214 213
214 170
214 171
214 94
214 210
214 211
214 212
214 181
214 215
214 218
214 185
214 186
214 183
214 222
214 223
215 192
215 384
215 228
215 200
215 170
215 210
215 211
215 180
215 213
215 214
215 184
215 212
215 218
215 94
216 393
216 218
216 211
216 212
216 213
217 67
217 360
217 307
217 309
217 25
217 349
217 319
218 162
218 99
218 198
218 393
218 171
218 204
218 206
218 203
218 177
218 210
218 211
218 212
218 213
218 214
218 215
218 216
218 381
219 227
219 317
220 193
220 166
220 393
220 179
220 184
220 221
220 222
220 223
221 220
221 222
221 223
222 224
222 393
222 214
222 185
222 186
222 220
222 221
223 256
223 273
223 278
223 279
223 280
223 281
223 282
223 284
223 285
223 286
223 287
223 289
223 291
223 177
223 205
223 214
223 220
223 221
223 231
223 232
223 244
223 250
224 225
224 226
224 135
224 393
224 394
224 177
224 213
224 222
225 224
225 226
225 212
225 394
226 224
226 225
226 135
226 394
226 171
226 177
226 212
226 186
227 168
227 14
227 208
227 308
227 311
227 219
227 317
227 318
227 159
228 198
228 393
228 177
228 212
228 215
228 190
229 258
229 230
229 233
229 234
229 171
229 238
229 274
229 275
230 171
230 388
230 229
230 241
230 233
230 234
230 235
230 236
230 269
230 271
230 177
230 395
230 273
231 289
231 232
231 284
231 177
231 242
231 278
231 279
231 280
231 281
231 282
231 223
231 252
231 285
231 286
231 287
232 231
232 263
232 269
232 243
232 244
232 278
232 279
232 280
232 281
232 282
232 223
232 284
232 285
232 287
233 267
233 388
233 229
233 230
233 265
233 234
233 235
233 236
233 238
233 274
233 275
233 253
234 229
234 230
234 135
234 137
234 235
234 236
234 238
234 177
234 244
234 233
234 396
235 260
235 230
235 262
235 233
235 234
235 236
235 238
235 240
235 275
235 265
235 254
235 261
236 267
236 388
236 230
236 275
236 233
236 234
236 235
236 396
236 238
236 239
236 177
236 274
236 243
236 265
236 248
237 257
237 67
237 331
237 268
237 272
237 336
237 247
238 388
238 229
238 264
238 137
238 234
238 235
238 236
238 243
238 233
238 265
238 266
239 289
239 290
239 291
239 260
239 137
239 266
239 236
239 397
239 270
239 240
239 241
239 302
239 276
239 277
239 297
239 388
239 265
239 298
239 245
240 388
240 137
240 235
240 270
240 207
240 177
240 239
241 259
241 388
241 239
241 230
241 263
242 260
242 231
242 263
242 396
242 270
242 177
242 243
242 244
242 245
242 246
242 248
242 249
242 250
242 253
243 256
243 389
243 263
243 232
243 396
243 236
243 242
243 238
243 177
243 274
243 244
243 245
243 246
243 249
243 270
243 252
243 253
244 258
244 259
244 232
244 234
244 395
244 396
244 242
244 270
244 285
244 177
244 274
244 243
244 245
244 246
244 279
244 248
244 249
244 281
244 253
244 223
245 396
245 239
245 242
245 243
245 244
245 246
245 253
246 135
246 396
246 242
246 243
246 244
246 245
246 248
247 257
247 268
247 237
248 259
248 300
248 395
248 236
248 270
248 242
248 244
248 246
248 254
249 258
249 259
249 260
249 261
249 262
249 263
249 398
249 399
249 400
249 276
249 389
249 288
249 289
249 290
249 292
249 298
249 177
249 242
249 243
249 244
249 250
249 251
249 252
249 254
249 255
250 288
250 289
250 260
250 261
250 262
250 263
250 177
250 271
250 400
250 273
250 242
250 280
250 249
250 251
250 252
250 223
251 258
251 259
251 260
251 261
251 262
251 263
251 269
251 398
251 177
251 249
251 250
251 252
251 254
251 389
252 258
252 259
252 260
252 261
252 262
252 231
252 389
252 265
252 263
252 398
252 273
252 243
252 177
252 249
252 250
252 251
252 395
252 254
252 255
253 233
253 395
253 270
253 242
253 243
253 244
253 245
254 258
254 259
254 260
254 261
254 262
254 263
254 389
254 235
254 177
254 248
254 249
254 251
254 252
254 255
255 259
255 260
255 261
255 262
255 263
255 398
255 249
255 252
255 254
256 395
256 260
256 263
256 264
256 137
256 266
256 267
256 270
256 273
256 243
256 265
256 223
257 67
257 36
257 268
257 237
257 247
257 318
258 259
258 260
258 229
258 262
258 263
258 389
258 267
258 398
258 271
258 177
258 244
258 249
258 251
258 252
258 254
258 261
259 258
259 260
259 261
259 262
259 263
259 177
259 255
259 241
259 244
259 248
259 249
259 251
259 252
259 254
259 389
260 256
260 258
260 259
260 261
260 262
260 263
260 265
260 235
260 255
260 269
260 239
260 177
260 242
260 251
260 249
260 250
260 271
260 252
260 254
260 389
261 258
261 259
261 260
261 262
261 263
261 235
261 398
261 177
261 249
261 250
261 251
261 252
261 254
261 255
262 258
262 259
262 260
262 389
262 263
262 235
262 255
262 177
262 267
262 249
262 250
262 251
262 252
262 254
262 261
263 256
263 258
263 259
263 260
263 261
263 262
263 266
263 267
263 398
263 271
263 276
263 278
263 281
263 282
263 389
263 288
263 177
263 232
263 241
263 242
263 243
263 249
263 250
263 251
263 252
263 254
263 255
264 256
264 137
264 266
264 267
264 238
264 265
265 256
265 235
265 260
265 264
265 137
265 266
265 267
265 236
265 238
265 239
265 270
265 233
265 252
266 256
266 263
266 264
266 137
266 267
266 238
266 239
266 265
267 256
267 258
267 262
267 263
267 264
267 233
267 266
267 236
267 270
267 265
268 257
268 67
268 311
268 237
268 333
268 247
268 25
268 318
269 260
269 230
269 232
269 270
269 273
269 251
270 256
270 289
270 295
270 265
270 298
270 267
270 269
270 242
270 239
270 240
270 305
270 402
270 243
270 244
270 401
270 248
270 306
270 399
270 253
270 280
271 258
271 260
271 230
271 177
271 263
271 273
271 278
271 250
272 1
272 315
272 294
272 330
272 403
272 237
272 303
272 338
272 339
272 308
272 309
272 310
272 311
272 283
272 316
272 317
272 318
273 256
273 293
273 230
273 300
273 269
273 223
273 271
273 177
273 306
273 301
273 280
273 250
273 399
273 252
273 287
274 229
274 243
274 233
274 298
274 236
274 275
274 244
274 278
275 229
275 233
275 298
275 235
275 236
275 177
275 274
275 276
276 289
276 291
276 263
276 297
276 301
276 239
276 402
276 275
276 277
276 249
276 281
276 282
276 399
276 284
277 288
277 291
277 297
277 298
277 239
277 276
277 279
277 281
277 282
278 289
278 263
278 232
278 231
278 271
278 177
278 274
278 279
278 280
278 281
278 282
278 223
278 284
278 285
278 286
278 287
279 231
279 232
279 177
279 244
279 277
279 278
279 280
279 281
279 282
279 223
279 284
279 285
279 286
279 287
280 289
280 290
280 291
280 293
280 231
280 232
280 270
280 285
280 273
280 278
280 279
280 281
280 282
280 223
280 284
280 250
280 286
280 287
281 289
281 263
281 232
281 231
281 177
281 244
281 277
281 278
281 279
281 280
281 276
281 282
281 223
281 284
281 285
281 287
282 231
282 232
282 263
282 276
282 277
282 278
282 279
282 280
282 281
282 223
282 284
282 285
282 286
282 287
283 1
283 294
283 97
283 11
283 364
283 303
283 272
283 340
283 309
283 342
283 312
283 346
283 318
284 231
284 232
284 276
284 278
284 279
284 280
284 281
284 282
284 223
284 285
284 286
284 287
285 231
285 232
285 244
285 278
285 279
285 280
285 281
285 282
285 223
285 284
285 287
286 231
286 278
286 279
286 280
286 282
286 223
286 284
286 287
287 291
287 231
287 232
287 273
287 278
287 279
287 280
287 281
287 282
287 284
287 285
287 286
287 223
288 289
288 291
288 292
288 263
288 298
288 400
288 177
288 277
288 249
288 250
289 288
289 290
289 291
289 293
289 231
289 298
289 397
289 270
289 239
289 276
289 278
289 249
289 280
289 281
289 250
289 223
290 289
290 291
290 298
290 397
290 302
290 239
290 404
290 280
290 249
291 288
291 289
291 290
291 293
291 402
291 297
291 298
291 301
291 302
291 239
291 287
291 401
291 306
291 276
291 405
291 406
291 280
291 404
291 223
291 277
292 288
292 249
292 400
293 289
293 291
293 297
293 300
293 397
293 273
293 280
294 315
294 325
294 360
294 332
294 303
294 272
294 337
294 403
294 116
294 309
294 310
294 312
294 308
294 314
294 283
295 402
295 270
296 304
296 297
296 298
296 407
297 291
297 293
297 402
297 296
297 298
297 300
297 301
297 302
297 239
297 306
297 276
297 277
298 288
298 289
298 290
298 291
298 296
298 297
298 299
298 274
298 302
298 239
298 402
298 275
298 404
298 270
298 406
298 249
298 277
299 305
299 298
299 402
300 293
300 297
300 301
300 304
300 273
300 248
301 291
301 273
301 297
301 300
301 302
301 305
301 306
301 276
302 290
302 291
302 297
302 298
302 301
302 402
302 239
302 304
302 306
302 404
303 353
303 354
303 390
303 294
303 272
303 116
303 283
303 318
304 296
304 305
304 300
304 302
305 304
305 306
305 299
305 301
305 270
306 291
306 273
306 297
306 301
306 302
306 305
306 402
306 270
307 25
307 217
307 349
307 359
308 321
308 322
308 227
308 324
308 390
308 294
308 178
308 272
308 408
308 338
308 309
308 310
308 311
308 312
308 345
308 189
308 318
309 1
309 7
309 272
309 345
309 283
309 294
309 308
309 310
309 311
309 312
309 189
309 318
309 321
309 323
309 325
309 327
309 330
309 334
309 338
309 340
309 341
309 342
309 217
309 97
309 357
309 362
310 321
310 357
310 294
310 7
310 362
310 272
310 308
310 309
310 311
310 312
311 272
311 227
311 356
311 199
311 268
311 178
311 336
311 408
311 338
311 308
311 309
311 310
311 343
311 312
311 345
311 346
311 189
311 341
312 342
312 294
312 308
312 309
312 310
312 311
312 283
312 318
313 321
313 314
313 317
314 322
314 294
314 189
314 337
314 149
314 343
314 313
314 346
314 317
314 318
314 341
315 294
315 348
315 14
315 349
315 272
315 339
315 350
315 316
315 317
315 318
316 272
316 346
316 315
316 36
316 318
317 86
317 272
317 20
317 24
317 27
317 30
317 38
317 46
317 47
317 48
317 313
317 314
317 315
317 318
317 325
317 71
317 74
317 75
317 77
317 79
317 80
317 81
317 82
317 83
317 84
317 85
317 342
317 343
317 219
317 94
317 227
317 369
317 116
318 1
318 130
318 390
318 257
318 268
318 15
318 272
318 303
318 147
318 20
318 24
318 283
318 29
318 31
318 38
318 44
318 46
318 47
318 48
318 308
318 309
318 312
318 314
318 59
318 316
318 317
318 324
318 70
318 71
318 74
318 332
318 333
318 334
318 80
318 338
318 83
318 340
318 85
318 342
318 91
318 93
318 94
318 95
318 96
318 227
318 110
318 369
318 339
318 315
318 403
319 97
319 67
319 328
319 14
319 360
319 339
319 25
319 24
319 217
320 321
320 322
321 320
321 322
321 310
321 332
321 308
321 309
321 342
321 313
322 320
322 321
322 331
322 332
322 308
322 342
322 343
322 314
323 16
323 324
323 325
323 15
323 48
323 309
323 342
323 343
323 346
323 29
323 350
324 323
324 325
324 337
324 18
324 308
324 318
325 16
325 323
325 324
325 37
325 294
325 77
325 79
325 48
325 309
325 346
325 28
325 317
325 95
326 344
326 329
326 330
326 331
326 327
327 326
327 329
327 330
327 331
327 403
327 309
327 346
328 360
328 45
328 14
328 339
328 116
328 24
328 25
328 319
329 337
329 330
329 331
329 326
329 327
330 326
330 327
330 329
330 331
330 272
330 309
331 322
331 326
331 327
331 329
331 330
331 237
331 337
331 343
332 321
332 322
332 294
332 12
332 15
332 16
332 336
332 403
332 318
333 1
333 66
333 74
333 268
333 334
333 335
333 50
333 340
333 342
333 57
333 318
334 76
334 333
334 335
334 113
334 115
334 117
334 342
334 345
334 344
334 88
334 318
334 309
335 348
335 333
335 334
336 332
336 348
336 237
336 350
336 311
337 324
337 357
337 294
337 8
337 329
337 331
337 356
337 338
337 340
337 341
337 342
337 116
337 314
337 346
338 149
338 353
338 354
338 356
338 357
338 7
338 366
338 272
338 337
338 308
338 341
338 342
338 311
338 340
338 318
338 309
339 328
339 272
339 318
339 118
339 315
339 382
339 319
340 333
340 337
340 338
340 116
340 309
340 342
340 26
340 283
340 346
340 318
340 341
341 32
341 356
341 18
341 337
341 338
341 340
341 309
341 311
341 26
341 314
341 149
342 4
342 7
342 283
342 309
342 312
342 317
342 318
342 321
342 322
342 323
342 333
342 334
342 337
342 338
342 340
342 343
342 344
342 345
342 346
342 350
342 97
342 355
342 356
343 97
343 322
343 323
343 331
343 364
343 317
343 342
343 311
343 344
343 345
343 314
343 363
343 346
343 350
344 97
344 354
344 326
344 334
344 342
344 343
344 345
344 346
344 350
345 97
345 311
345 334
345 308
345 309
345 342
345 343
345 344
345 346
345 350
346 323
346 356
346 325
346 327
346 311
346 337
346 340
346 342
346 343
346 344
346 345
346 314
346 283
346 316
346 350
347 348
348 336
348 315
348 347
348 350
348 335
349 67
349 3
349 36
349 360
349 45
349 14
349 368
349 307
349 25
349 56
349 217
349 315
350 352
350 323
350 356
350 357
350 336
350 342
350 343
350 344
350 409
350 346
350 315
350 348
350 345
350 351
351 352
351 350
352 356
352 350
352 351
353 1
353 354
353 356
353 43
353 364
353 46
353 303
353 48
353 338
353 15
354 1
354 66
354 68
354 65
354 73
354 43
354 44
354 303
354 338
354 54
354 344
354 58
354 353
354 63
355 356
355 5
355 358
355 361
355 342
355 357
356 352
356 353
356 355
356 5
356 38
356 12
356 363
356 364
356 337
356 338
356 19
356 20
356 21
356 342
356 311
356 358
356 341
356 346
356 350
356 357
357 355
357 356
357 358
357 7
357 361
357 364
357 46
357 48
357 337
357 338
357 309
357 310
357 23
357 350
358 355
358 356
358 5
358 357
359 1
359 2
359 4
359 5
359 6
359 8
359 361
359 10
359 11
359 13
359 366
359 365
359 307
359 367
359 362
360 97
360 3
360 36
360 294
360 168
360 45
360 14
360 328
360 67
360 25
360 56
360 217
360 349
360 319
361 1
361 2
361 355
361 4
361 5
361 6
361 7
361 12
361 10
361 359
361 364
361 365
361 366
361 367
361 29
361 21
361 26
361 363
361 362
361 410
361 357
362 1
362 2
362 4
362 5
362 6
362 7
362 8
362 9
362 10
362 11
362 12
362 21
362 35
362 309
362 310
362 359
362 361
362 363
362 364
362 365
362 366
362 367
363 1
363 2
363 4
363 5
363 6
363 7
363 9
363 10
363 11
363 12
363 365
363 366
363 15
363 50
363 343
363 356
363 367
363 362
363 364
363 361
364 1
364 2
364 4
364 5
364 6
364 7
364 8
364 10
364 11
364 12
364 15
364 17
364 18
364 26
364 283
364 51
364 343
364 353
364 356
364 357
364 361
364 362
364 363
364 365
364 366
365 1
365 11
365 4
365 5
365 6
365 7
365 9
365 362
365 359
365 364
365 366
365 367
365 361
365 363
365 30
366 1
366 2
366 11
366 5
366 6
366 7
366 8
366 361
366 10
366 359
366 12
366 365
366 367
366 338
366 364
366 363
366 362
367 11
367 5
367 6
367 7
367 8
367 9
367 362
367 359
367 12
367 365
367 366
367 27
367 361
367 363
368 3
368 36
368 45
368 78
368 67
368 14
368 25
368 349
369 32
369 9
369 18
369 19
369 21
369 317
369 318
370 25
370 89
370 78
370 97
371 37
372 37
372 94
373 147
373 37
374 70
374 75
374 77
374 80
374 81
374 82
374 83
374 84
374 85
374 87
374 88
374 91
375 75
375 80
375 81
375 85
375 86
375 88
376 79
377 160
377 157
377 86
378 176
378 94
378 174
378 175
379 192
379 162
379 195
379 197
379 198
379 167
379 200
379 169
379 170
379 203
379 204
379 194
379 206
379 205
379 201
379 185
379 191
379 188
379 94
379 166
380 112
380 107
380 132
380 101
380 102
380 103
380 104
380 138
380 139
380 142
380 144
380 136
380 146
380 147
380 126
380 134
380 133
381 218
381 197
381 213
381 101
382 339
382 118
383 142
384 142
384 162
384 163
384 164
384 167
384 171
384 177
384 187
384 188
384 190
384 191
384 194
384 195
384 197
384 198
384 200
384 201
384 202
384 203
384 204
384 205
384 206
384 215
385 155
385 158
386 177
386 196
386 166
387 192
387 194
387 195
387 196
387 197
387 198
387 167
387 200
387 201
387 170
387 171
387 205
387 206
387 181
387 203
387 187
387 188
387 202
387 190
387 191
388 230
388 177
388 233
388 236
388 238
388 239
388 240
388 241
389 258
389 259
389 260
389 262
389 263
389 177
389 243
389 249
389 251
389 252
389 254
390 308
390 189
390 318
390 303
391 209
391 207
392 207
393 224
393 228
393 210
393 211
393 213
393 216
393 218
393 220
393 222
394 224
394 225
394 226
395 256
395 230
395 244
395 248
395 252
395 253
396 234
396 236
396 242
396 243
396 244
396 245
396 246
397 289
397 290
397 293
397 239
398 258
398 261
398 263
398 249
398 251
398 252
398 255
399 249
399 276
399 270
399 273
400 288
400 249
400 250
400 292
401 291
401 270
402 291
402 295
402 297
402 298
402 299
402 270
402 306
402 276
402 302
403 272
403 332
403 294
403 318
403 327
404 290
404 291
404 298
404 302
405 291
406 298
406 291
407 296
408 308
408 311
409 350
410 361
