1 38
4 365
4 342
5 361
5 12
5 364
6 367
7 338
7 310
7 367
8 19
9 12
12 356
12 362
12 367
12 361
14 168
15 18
15 43
16 79
18 84
19 33
20 85
21 50
22 74
23 26
23 37
24 317
24 318
26 66
26 39
26 28
27 37
28 31
28 35
28 37
28 53
30 73
30 317
30 39
33 38
34 37
37 325
37 135
37 43
38 356
41 48
45 56
46 51
46 317
48 317
52 76
52 66
52 60
52 86
52 63
54 64
54 66
54 60
54 70
55 91
55 84
56 349
57 71
58 71
59 99
63 65
63 71
66 98
66 68
66 121
67 268
69 153
69 111
70 91
71 81
72 161
72 94
74 93
75 77
75 79
79 122
81 88
83 84
83 86
85 91
85 374
86 377
86 91
86 375
92 93
93 318
94 164
94 214
94 191
97 344
100 126
101 169
101 380
101 143
103 146
103 123
104 144
104 112
104 380
106 126
107 147
107 111
108 144
110 111
112 146
113 115
114 153
114 156
115 150
115 153
116 340
117 120
117 148
117 119
123 164
123 166
126 136
126 129
126 138
130 131
132 144
132 146
132 134
132 135
133 139
136 142
137 266
137 148
137 146
139 147
139 157
140 144
142 144
142 164
142 167
143 145
147 318
147 151
149 314
151 153
154 183
158 385
162 163
163 174
164 206
164 165
165 166
166 172
167 171
168 360
169 177
170 187
170 172
171 384
171 201
171 203
171 205
171 206
173 198
174 175
175 378
176 183
177 226
177 234
177 263
184 193
186 201
187 200
187 203
187 190
188 194
189 314
189 308
189 390
190 202
190 206
191 211
191 205
192 198
192 215
194 379
194 202
194 203
195 200
195 201
197 379
197 198
201 384
201 207
203 205
210 393
210 211
211 218
212 218
212 228
213 224
213 216
213 381
214 218
215 218
217 360
217 309
222 224
222 393
223 291
227 317
229 238
230 273
231 287
233 274
234 236
235 261
236 388
237 257
239 260
242 246
243 246
244 248
249 262
249 263
250 263
252 261
254 261
254 263
256 266
258 261
261 398
263 266
264 267
270 399
272 308
272 318
273 306
277 288
278 289
278 286
279 281
280 290
281 287
289 298
289 293
291 306
294 312
294 315
295 402
299 305
300 304
303 354
303 318
306 402
308 408
309 312
309 327
309 345
310 311
313 314
314 337
317 325
318 334
318 340
319 360
333 334
342 346
342 343
346 356
350 356
353 354
355 357
356 357
356 364
