1 8
1 16
2 120
3 20
3 4
4 21
4 165
5 159
6 150
6 22
7 27
7 164
8 16
9 136
9 18
10 156
10 154
10 28
10 73
11 19
11 13
11 14
11 15
12 66
12 100
12 167
12 136
12 73
12 24
12 92
13 170
13 14
13 113
13 147
13 154
14 113
14 149
14 23
14 92
15 161
15 164
15 136
15 170
15 111
15 182
15 127
16 91
16 80
17 145
17 147
18 160
18 75
18 111
18 113
18 115
18 117
19 161
19 20
19 182
21 111
22 180
22 132
23 129
23 164
23 132
23 122
23 27
24 162
24 102
24 171
24 108
24 95
26 105
27 73
27 74
27 113
27 83
27 28
27 95
28 82
28 83
28 53
28 118
28 92
30 187
31 49
31 52
31 37
32 49
32 47
32 37
32 46
32 39
33 36
35 48
35 57
36 140
37 40
37 70
38 40
38 44
38 62
40 47
42 58
43 59
43 70
46 51
46 116
46 47
47 129
47 136
47 125
48 89
48 118
48 79
49 57
50 69
51 57
51 62
53 75
53 69
53 103
54 97
54 90
54 108
54 114
55 137
55 153
56 64
56 65
56 58
56 188
56 61
57 65
59 71
60 138
61 153
62 193
62 69
64 65
64 68
66 100
66 103
66 74
66 110
66 79
66 146
66 122
69 70
69 138
69 87
69 123
72 151
73 75
73 110
73 83
73 116
73 85
73 152
73 92
74 81
74 82
74 109
75 86
79 89
79 83
79 118
80 98
81 128
81 99
82 108
82 111
82 87
82 92
82 93
83 98
84 111
85 111
86 105
86 116
86 102
87 118
88 152
88 96
89 102
89 111
89 115
89 117
89 151
89 120
89 92
90 121
91 109
92 169
93 116
93 118
94 96
94 116
94 100
94 101
95 152
95 99
96 117
96 125
97 116
98 108
99 123
100 133
100 167
100 178
100 179
100 182
100 120
101 116
103 180
104 114
104 117
105 119
106 112
109 186
110 116
110 113
111 165
111 146
112 115
112 122
113 155
113 156
115 194
120 124
121 194
121 130
122 152
123 185
124 156
125 136
128 168
130 168
131 152
132 162
132 167
132 136
132 182
134 150
135 163
136 147
136 158
138 139
139 159
140 141
141 187
142 143
145 160
145 146
146 160
146 164
146 147
147 160
147 161
149 159
150 170
154 155
156 167
158 184
159 162
159 164
159 167
160 161
160 162
162 163
162 166
163 184
163 166
172 184
