1 178
1 53
1 46
1 159
2 34
2 175
2 173
2 87
4 99
5 92
6 48
6 163
6 30
8 145
8 189
10 98
11 171
11 126
12 171
12 33
12 114
12 139
12 170
13 16
14 107
14 79
15 128
15 61
15 22
15 55
15 122
15 189
16 173
16 69
17 104
17 25
17 81
18 105
18 34
19 148
19 90
19 44
19 135
20 56
20 109
21 168
21 180
22 49
22 138
22 70
23 77
24 81
24 140
25 178
26 148
27 192
27 167
27 100
27 55
28 37
29 176
29 153
30 180
30 53
30 151
31 163
31 164
31 197
31 45
31 113
31 94
32 186
33 110
33 191
34 164
34 168
34 144
34 151
35 88
35 96
36 93
36 149
37 103
38 116
39 112
39 171
39 174
40 153
41 179
41 188
42 104
42 73
42 168
42 143
44 88
44 191
45 113
46 159
47 165
50 56
50 186
50 91
50 85
51 148
51 91
51 76
51 171
51 119
52 100
52 134
52 174
52 81
52 148
52 152
52 62
53 185
53 125
53 65
54 183
55 130
55 195
55 198
55 169
55 125
56 179
56 142
57 72
57 119
58 113
58 74
58 116
58 149
58 150
59 120
59 187
59 83
59 179
60 119
61 147
63 147
63 157
63 198
64 115
64 110
65 141
65 118
65 71
66 90
66 159
67 181
68 77
68 150
69 152
69 196
70 194
73 171
73 142
74 135
75 123
75 172
75 133
76 140
77 167
77 190
78 178
78 126
80 155
80 166
80 143
81 166
81 106
81 176
84 125
85 160
85 131
85 168
85 178
85 180
86 164
87 170
88 178
88 179
88 127
89 158
90 104
90 196
91 122
91 197
92 164
92 159
93 178
93 133
94 170
95 109
96 176
97 179
97 111
98 112
98 176
98 141
99 164
99 166
100 198
101 139
103 173
103 175
103 150
103 151
103 133
104 128
104 163
104 120
104 185
105 128
107 164
107 197
111 178
112 174
113 169
113 150
114 117
115 154
117 173
117 158
117 186
118 133
119 180
120 154
122 153
122 150
123 168
124 129
126 147
128 197
128 139
128 154
129 184
129 177
130 190
131 171
133 155
134 197
135 151
136 172
138 180
138 156
138 181
141 172
141 178
142 178
143 197
143 150
144 148
145 150
147 198
149 191
151 155
152 168
153 192
153 164
153 171
153 175
155 175
155 198
160 195
165 191
166 195
169 189
171 184
175 176
176 180
177 197
178 193
181 194
