1 2
1 3
1 4
1 5
1 6
1 7
1 9
1 10
1 11
1 12
1 13
1 14
1 15
1 17
1 18
1 19
1 20
1 21
1 22
1 23
1 24
2 1
2 66
2 4
2 6
2 7
2 11
2 12
2 13
2 14
2 15
2 24
2 19
2 20
2 21
2 119
2 23
2 121
2 122
2 123
2 124
3 1
3 5
3 6
3 129
3 8
3 9
3 10
3 13
3 142
3 143
3 16
3 17
3 18
3 147
3 21
3 23
3 24
3 155
3 156
3 7
3 181
3 66
3 14
3 144
3 145
3 146
3 124
4 1
4 2
4 132
4 6
4 7
4 8
4 9
4 11
4 12
4 13
4 14
4 15
4 16
4 17
4 18
4 19
4 20
4 149
4 23
4 24
4 158
4 159
4 160
4 161
4 162
4 163
4 164
4 166
4 167
4 170
4 171
4 172
4 136
4 182
4 100
4 146
4 111
4 147
4 120
4 127
5 1
5 66
5 3
5 150
5 6
5 10
5 17
5 22
5 152
5 156
5 158
6 1
6 2
6 3
6 4
6 5
6 7
6 10
6 11
6 12
6 13
6 14
6 15
6 17
6 19
6 20
6 21
6 23
6 24
6 152
6 158
6 159
7 1
7 2
7 3
7 4
7 6
7 9
7 10
7 11
7 12
7 13
7 14
7 15
7 18
7 19
7 20
7 21
7 23
7 24
7 26
7 28
7 48
7 53
7 54
7 66
7 73
7 74
7 75
7 79
7 80
7 82
7 83
7 84
7 85
7 86
7 88
7 89
7 91
7 92
7 94
7 95
7 96
7 97
7 99
7 100
7 101
7 102
7 103
7 104
7 105
7 106
7 107
7 108
7 109
7 110
7 115
7 116
7 117
7 118
7 119
7 120
7 121
7 122
7 123
7 124
7 126
7 127
7 129
7 132
7 136
7 137
7 138
7 139
7 145
7 146
7 147
7 149
7 150
7 151
7 152
7 158
7 159
7 160
7 161
7 162
7 163
7 165
7 166
7 167
7 170
7 171
7 172
7 181
7 182
7 183
8 97
8 3
8 4
8 9
8 109
8 110
8 79
8 80
8 17
8 18
8 99
8 21
8 23
8 24
8 90
8 91
8 28
8 93
9 1
9 3
9 4
9 133
9 7
9 8
9 11
9 13
9 14
9 143
9 16
9 145
9 21
9 23
9 24
9 155
9 156
9 129
9 181
9 184
9 66
9 17
9 108
9 124
10 1
10 3
10 5
10 6
10 7
10 12
10 13
10 14
10 15
10 144
10 17
10 18
10 19
10 20
10 150
10 152
10 155
10 158
10 159
10 53
10 66
10 74
10 75
10 79
10 82
10 84
10 142
10 87
10 143
10 92
10 108
10 146
10 110
10 111
10 113
10 118
10 124
10 85
11 1
11 2
11 4
11 6
11 7
11 136
11 9
11 12
11 145
11 18
11 20
11 21
11 23
11 24
11 132
11 129
11 66
11 79
11 88
11 89
11 94
11 95
11 96
11 100
11 101
11 102
11 105
11 106
11 108
11 115
11 116
11 117
11 119
11 120
11 123
11 124
12 1
12 2
12 4
12 6
12 7
12 10
12 11
12 13
12 14
12 15
12 18
12 19
12 20
12 149
12 23
12 132
12 154
12 155
12 156
12 158
12 159
12 160
12 161
12 162
12 163
12 164
12 165
12 166
12 21
12 182
12 75
12 146
12 110
12 111
12 113
12 147
12 120
12 124
12 127
13 1
13 2
13 3
13 4
13 6
13 7
13 136
13 9
13 10
13 151
13 12
13 15
13 18
13 19
13 20
13 149
13 23
13 24
13 132
13 155
13 156
13 158
13 159
13 160
13 161
13 162
13 163
13 164
13 165
13 166
13 167
13 171
13 172
13 178
13 179
13 182
13 55
13 185
13 66
13 73
13 75
13 88
13 89
13 92
13 100
13 146
13 110
13 111
13 21
13 120
13 121
13 122
13 124
13 127
14 1
14 2
14 3
14 4
14 6
14 7
14 136
14 9
14 10
14 12
14 15
14 18
14 19
14 20
14 21
14 24
14 132
14 154
14 155
14 156
14 158
14 159
14 160
14 161
14 162
14 163
14 164
14 165
14 166
14 167
14 178
14 182
14 66
14 73
14 75
14 100
14 146
14 110
14 111
14 147
14 120
14 124
14 127
15 1
15 2
15 4
15 6
15 7
15 10
15 12
15 13
15 14
15 18
15 19
15 20
15 149
15 23
15 24
15 132
15 154
15 155
15 156
15 158
15 159
15 160
15 162
15 163
15 165
15 166
15 167
15 171
15 172
15 66
15 73
15 75
15 92
15 100
15 146
15 110
15 113
15 147
15 120
15 124
15 21
16 97
16 3
16 4
16 17
16 9
16 28
16 23
16 109
16 110
16 79
16 113
16 18
16 99
16 21
16 87
16 24
16 90
16 92
16 93
17 1
17 3
17 4
17 5
17 6
17 8
17 9
17 10
17 146
17 142
17 143
17 16
17 18
17 144
17 21
17 22
17 23
17 24
18 1
18 3
18 4
18 7
18 8
18 10
18 11
18 12
18 13
18 14
18 15
18 16
18 17
18 146
18 19
18 20
18 149
18 23
18 24
18 132
18 154
18 155
18 156
18 158
18 159
18 161
18 162
18 163
18 164
18 165
18 166
18 167
18 136
18 182
18 66
18 73
18 79
18 88
18 89
18 92
18 94
18 95
18 96
18 100
18 101
18 106
18 21
18 110
18 147
18 116
18 120
18 124
18 127
19 1
19 2
19 4
19 6
19 7
19 136
19 10
19 151
19 12
19 13
19 14
19 15
19 152
19 18
19 147
19 149
19 150
19 23
19 24
19 132
19 154
19 155
19 156
19 158
19 159
19 160
19 162
19 163
19 164
19 134
19 166
19 167
19 21
19 53
19 138
19 66
19 73
19 74
19 75
19 85
19 92
19 165
19 99
19 100
19 108
19 146
19 110
19 111
19 113
19 120
19 124
19 127
20 1
20 2
20 4
20 6
20 7
20 136
20 10
20 11
20 12
20 13
20 14
20 15
20 152
20 18
20 147
20 149
20 150
20 23
20 24
20 132
20 154
20 155
20 156
20 158
20 159
20 160
20 161
20 162
20 163
20 164
20 165
20 166
20 167
20 170
20 171
20 172
20 53
20 182
20 21
20 151
20 138
20 66
20 73
20 74
20 75
20 79
20 85
20 88
20 89
20 92
20 94
20 95
20 96
20 99
20 100
20 101
20 105
20 106
20 108
20 146
20 110
20 111
20 113
20 115
20 116
20 117
20 119
20 120
20 121
20 122
20 123
20 124
20 127
21 1
21 2
21 3
21 132
21 6
21 7
21 8
21 9
21 11
21 12
21 13
21 14
21 15
21 16
21 17
21 18
21 19
21 20
21 149
21 23
21 24
21 158
21 159
21 160
21 161
21 162
21 163
21 164
21 165
21 166
21 167
21 170
21 171
21 172
21 136
21 182
21 100
21 146
21 147
21 120
21 127
22 1
22 5
22 169
22 17
22 118
22 87
22 92
23 149
23 1
23 2
23 3
23 4
23 133
23 6
23 7
23 8
23 9
23 11
23 12
23 13
23 15
23 16
23 17
23 18
23 19
23 20
23 21
23 150
23 24
23 158
23 31
23 160
23 161
23 162
23 163
23 165
23 166
23 167
23 170
23 171
23 172
23 136
23 181
23 182
23 159
23 117
23 66
23 147
23 130
23 73
23 79
23 88
23 89
23 90
23 92
23 94
23 95
23 96
23 100
23 101
23 145
23 106
23 108
23 146
23 111
23 115
23 116
23 131
23 118
23 120
23 121
23 123
23 125
23 126
23 127
24 1
24 2
24 3
24 4
24 6
24 7
24 8
24 9
24 11
24 13
24 14
24 15
24 16
24 17
24 18
24 19
24 20
24 21
24 23
24 132
24 170
24 172
24 66
24 79
24 88
24 89
24 94
24 96
24 100
24 101
24 105
24 106
24 115
24 116
24 117
24 119
24 120
24 123
24 124
25 26
25 27
25 28
26 7
26 25
26 27
26 28
26 186
26 61
26 73
26 79
26 80
26 86
26 88
26 89
26 93
26 97
26 99
26 102
26 104
26 107
26 108
26 109
26 110
26 114
26 116
26 118
27 137
27 138
27 139
27 25
27 26
27 35
27 48
27 53
27 54
27 186
27 61
27 69
27 75
27 82
27 84
27 85
27 86
27 87
27 88
27 89
27 92
27 93
27 94
27 96
27 101
27 103
27 104
27 106
27 108
27 109
27 110
27 111
27 112
27 115
27 116
27 117
27 118
27 124
28 7
28 8
28 16
28 25
28 26
28 186
28 61
28 66
28 69
28 73
28 74
28 79
28 84
28 85
28 87
28 88
28 89
28 90
28 91
28 93
28 97
28 102
28 104
28 107
28 108
28 109
28 110
28 111
28 113
28 114
28 116
28 123
29 32
29 33
29 30
29 31
30 32
30 33
30 77
30 78
30 29
30 31
31 130
31 131
31 133
31 140
31 141
31 23
31 29
31 30
31 32
31 33
31 34
31 35
31 36
31 42
31 173
31 176
31 50
31 51
31 57
31 59
31 60
31 61
31 63
31 64
31 65
31 67
31 68
31 69
31 71
31 90
31 96
31 187
31 100
31 188
31 189
31 121
31 122
31 125
32 138
32 151
32 153
32 29
32 30
32 31
32 33
32 34
32 35
32 36
32 38
32 40
32 41
32 42
32 43
32 44
32 45
32 174
32 50
32 51
32 52
32 55
32 56
32 58
32 59
32 60
32 61
32 62
32 191
32 64
32 65
32 66
32 67
32 69
32 70
32 71
32 72
32 89
32 188
32 190
33 138
33 151
33 153
33 29
33 30
33 31
33 32
33 34
33 35
33 37
33 38
33 40
33 41
33 42
33 43
33 44
33 45
33 46
33 47
33 49
33 50
33 51
33 52
33 55
33 56
33 57
33 58
33 59
33 60
33 61
33 62
33 64
33 65
33 66
33 67
33 68
33 69
33 71
33 72
34 32
34 33
34 35
34 36
34 37
34 38
34 39
34 40
34 41
34 42
34 43
34 44
34 45
34 46
34 47
34 31
35 192
35 27
35 31
35 32
35 33
35 34
35 36
35 37
35 38
35 39
35 40
35 41
35 42
35 43
35 44
35 45
35 46
35 47
35 49
35 50
35 51
35 52
35 53
35 54
35 55
35 56
35 58
35 59
35 60
35 61
35 62
35 63
35 64
35 65
35 66
35 67
35 68
35 69
35 70
35 71
35 72
35 73
35 74
35 75
36 141
36 31
36 32
36 34
36 35
36 37
36 39
36 40
36 42
36 43
36 44
36 45
36 46
36 47
36 50
36 55
36 59
36 65
36 67
36 69
36 70
36 72
36 187
37 153
37 33
37 34
37 35
37 36
37 38
37 39
37 41
37 42
37 43
37 44
37 45
37 46
37 47
37 50
37 51
37 55
37 59
37 60
37 61
37 63
37 65
37 67
37 69
37 72
37 188
37 113
38 65
38 138
38 151
38 153
38 32
38 33
38 34
38 35
38 37
38 39
38 41
38 42
38 45
38 177
38 50
38 51
38 55
38 59
38 60
38 61
38 63
38 193
38 66
38 67
38 69
38 72
39 65
39 34
39 35
39 36
39 37
39 38
39 40
39 42
39 43
39 44
39 47
39 72
39 50
39 67
39 55
39 59
39 70
39 69
40 32
40 33
40 34
40 35
40 36
40 65
40 41
40 42
40 39
40 44
40 45
40 46
40 43
40 50
40 67
40 59
41 32
41 33
41 34
41 35
41 37
41 38
41 40
41 42
41 44
41 45
41 50
41 51
41 59
41 60
41 61
41 62
41 63
41 65
41 66
41 69
41 70
41 113
41 191
42 138
42 151
42 153
42 31
42 32
42 33
42 34
42 35
42 36
42 37
42 38
42 39
42 40
42 41
42 43
42 44
42 45
42 46
42 47
42 49
42 50
42 51
42 52
42 55
42 56
42 57
42 59
42 60
42 61
42 62
42 64
42 65
42 66
42 67
42 68
42 69
42 72
42 124
43 32
43 33
43 34
43 35
43 36
43 37
43 65
43 40
43 42
43 39
43 44
43 45
43 174
43 47
43 72
43 50
43 67
43 46
43 55
43 69
44 32
44 33
44 34
44 35
44 36
44 37
44 39
44 40
44 41
44 42
44 43
44 45
44 46
44 47
44 51
44 59
44 60
44 61
44 62
44 65
44 67
44 69
45 153
45 32
45 33
45 34
45 35
45 36
45 37
45 38
45 40
45 41
45 42
45 43
45 44
45 46
45 47
45 50
45 59
45 60
45 61
45 65
45 67
45 69
45 71
45 72
46 33
46 34
46 35
46 36
46 37
46 65
46 40
46 60
46 42
46 43
46 44
46 45
46 63
46 50
46 67
46 153
46 59
46 188
46 61
46 69
47 128
47 132
47 134
47 135
47 33
47 34
47 35
47 36
47 37
47 39
47 42
47 43
47 44
47 45
47 50
47 55
47 59
47 65
47 67
47 69
47 70
47 72
47 81
47 126
47 127
48 181
48 66
48 139
48 54
48 103
48 104
48 137
48 138
48 75
48 114
48 83
48 84
48 53
48 86
48 73
48 7
48 116
48 27
48 74
48 85
49 64
49 33
49 35
49 68
49 69
49 65
49 42
49 51
49 52
49 61
50 153
50 31
50 32
50 33
50 35
50 36
50 37
50 38
50 39
50 40
50 41
50 42
50 43
50 45
50 46
50 47
50 51
50 55
50 59
50 60
50 61
50 63
50 65
50 67
50 70
50 72
50 188
51 138
51 151
51 153
51 31
51 32
51 33
51 35
51 37
51 38
51 41
51 42
51 44
51 49
51 50
51 52
51 55
51 59
51 60
51 61
51 63
51 64
51 65
51 66
51 67
51 68
51 69
51 72
51 188
52 32
52 33
52 66
52 35
52 68
52 69
52 65
52 64
52 42
52 189
52 176
52 49
52 51
52 56
52 57
52 58
52 124
52 61
53 7
53 137
53 10
53 139
53 19
53 20
53 150
53 151
53 152
53 27
53 35
53 48
53 54
53 183
53 138
53 73
53 74
53 79
53 80
53 81
53 82
53 83
53 84
53 85
53 86
53 87
53 90
53 92
53 96
53 97
53 98
53 99
53 108
53 109
53 110
53 111
53 113
53 118
54 7
54 137
54 138
54 139
54 27
54 35
54 48
54 53
54 66
54 73
54 74
54 75
54 79
54 80
54 81
54 83
54 84
54 85
54 86
54 89
54 92
54 96
54 98
54 99
54 103
54 104
54 109
54 110
54 116
54 118
54 119
54 122
54 123
55 138
55 13
55 151
55 32
55 33
55 35
55 36
55 37
55 38
55 39
55 42
55 43
55 47
55 50
55 51
55 185
55 59
55 60
55 61
55 65
55 66
55 67
55 69
55 70
55 72
55 88
55 89
55 120
55 124
56 32
56 33
56 66
56 35
56 68
56 69
56 71
56 42
56 52
56 57
56 59
56 124
57 64
57 33
57 66
57 68
57 69
57 42
57 52
57 56
57 58
57 124
57 61
57 31
58 32
58 33
58 66
58 35
58 68
58 69
58 123
58 65
58 64
58 71
58 83
58 52
58 57
58 121
58 59
58 124
58 61
58 185
59 193
59 138
59 151
59 153
59 31
59 32
59 33
59 35
59 36
59 37
59 38
59 39
59 40
59 41
59 42
59 44
59 45
59 46
59 47
59 177
59 50
59 51
59 55
59 56
59 58
59 60
59 61
59 62
59 63
59 65
59 66
59 67
59 69
59 70
59 72
59 88
59 89
59 188
60 45
60 46
60 151
60 153
60 31
60 32
60 33
60 35
60 37
60 38
60 41
60 42
60 44
60 173
60 174
60 50
60 51
60 55
60 59
60 188
60 61
60 62
60 63
60 65
60 66
60 67
60 69
60 72
60 83
60 88
60 92
60 101
61 193
61 138
61 151
61 26
61 27
61 28
61 31
61 32
61 33
61 35
61 37
61 38
61 177
61 41
61 42
61 44
61 45
61 46
61 49
61 50
61 51
61 52
61 55
61 57
61 58
61 59
61 60
61 62
61 63
61 64
61 65
61 66
61 67
61 68
61 69
61 71
61 72
61 73
61 186
61 88
61 89
61 93
61 101
61 104
61 188
61 108
61 109
61 110
61 116
61 123
62 32
62 33
62 66
62 35
62 65
62 41
62 42
62 44
62 177
62 151
62 59
62 60
62 61
62 63
63 65
63 67
63 37
63 38
63 31
63 41
63 46
63 60
63 50
63 35
63 153
63 59
63 188
63 61
63 62
63 51
64 32
64 33
64 66
64 35
64 69
64 42
64 49
64 51
64 52
64 57
64 58
64 124
64 61
64 31
65 138
65 151
65 153
65 31
65 32
65 33
65 35
65 36
65 37
65 38
65 39
65 40
65 41
65 42
65 43
65 44
65 45
65 46
65 47
65 49
65 50
65 51
65 52
65 55
65 58
65 59
65 60
65 61
65 62
65 63
65 66
65 67
65 68
65 69
65 70
65 72
65 116
66 2
66 3
66 5
66 7
66 9
66 10
66 11
66 13
66 14
66 15
66 18
66 19
66 20
66 23
66 24
66 28
66 32
66 33
66 35
66 38
66 41
66 42
66 48
66 51
66 52
66 54
66 55
66 56
66 57
66 58
66 59
66 60
66 61
66 62
66 64
66 65
66 67
66 68
66 69
66 71
66 72
66 73
66 75
66 83
66 87
66 88
66 89
66 92
66 94
66 95
66 99
66 101
66 102
66 104
66 105
66 106
66 107
66 108
66 109
66 111
66 112
66 113
66 114
66 115
66 116
66 117
66 119
66 120
66 121
66 123
66 124
66 133
66 135
66 138
66 148
66 151
66 152
66 153
66 154
66 155
66 156
66 166
66 167
66 177
66 178
66 179
66 180
66 181
66 184
66 185
66 193
66 194
67 138
67 151
67 153
67 31
67 32
67 33
67 35
67 36
67 37
67 38
67 39
67 40
67 42
67 43
67 44
67 45
67 46
67 47
67 50
67 51
67 55
67 59
67 60
67 61
67 63
67 65
67 66
67 69
67 70
67 72
67 188
68 33
68 66
68 35
68 69
68 65
68 188
68 42
68 49
68 51
68 52
68 56
68 57
68 58
68 124
68 61
68 31
69 140
69 67
69 151
69 153
69 27
69 28
69 31
69 32
69 33
69 35
69 36
69 37
69 38
69 39
69 41
69 42
69 43
69 44
69 45
69 46
69 47
69 176
69 49
69 51
69 52
69 55
69 56
69 57
69 58
69 59
69 60
69 61
69 64
69 65
69 66
69 195
69 68
69 71
69 72
69 73
69 83
69 92
69 189
69 113
69 118
69 119
69 124
70 32
70 65
70 35
70 36
70 39
70 72
70 41
70 173
70 174
70 175
70 113
70 50
70 67
70 59
70 55
70 47
70 190
71 32
71 33
71 66
71 35
71 69
71 45
71 141
71 56
71 58
71 61
71 31
72 138
72 153
72 32
72 33
72 35
72 36
72 37
72 38
72 39
72 42
72 43
72 45
72 47
72 50
72 51
72 55
72 59
72 60
72 61
72 65
72 66
72 67
72 69
72 70
73 7
73 137
73 138
73 139
73 13
73 14
73 15
73 146
73 19
73 20
73 23
73 154
73 155
73 28
73 26
73 18
73 35
73 156
73 48
73 180
73 53
73 54
73 186
73 61
73 66
73 69
73 194
73 74
73 79
73 82
73 84
73 86
73 87
73 88
73 89
73 93
73 96
73 103
73 104
73 108
73 109
73 111
73 113
73 118
73 121
73 124
74 7
74 137
74 10
74 139
74 19
74 20
74 150
74 151
74 152
74 28
74 35
74 48
74 53
74 54
74 183
74 138
74 73
74 75
74 79
74 80
74 83
74 84
74 85
74 86
74 87
74 90
74 92
74 96
74 97
74 98
74 99
74 103
74 108
74 110
74 111
74 113
74 118
74 119
74 122
74 123
75 7
75 137
75 10
75 139
75 12
75 13
75 14
75 15
75 146
75 19
75 20
75 154
75 155
75 156
75 35
75 48
75 54
75 138
75 66
75 74
75 27
75 79
75 82
75 84
75 85
75 92
75 103
75 110
75 111
75 113
75 118
75 124
76 77
76 78
77 76
77 30
77 78
78 76
78 77
78 30
78 175
79 7
79 8
79 10
79 11
79 16
79 18
79 20
79 23
79 24
79 26
79 28
79 53
79 54
79 73
79 74
79 75
79 80
79 81
79 82
79 84
79 85
79 86
79 87
79 88
79 90
79 91
79 92
79 93
79 94
79 95
79 96
79 97
79 98
79 99
79 100
79 101
79 102
79 103
79 104
79 105
79 106
79 107
79 108
79 109
79 110
79 111
79 112
79 113
79 114
79 115
79 116
79 117
80 7
80 8
80 26
80 53
80 54
80 74
80 79
80 81
80 83
80 86
80 88
80 89
80 90
80 93
80 97
80 99
80 102
80 104
80 105
80 107
80 108
80 109
80 110
80 116
80 118
81 129
81 98
81 132
81 134
81 135
81 136
81 127
81 108
81 109
81 110
81 79
81 80
81 83
81 97
81 54
81 90
81 47
81 125
81 126
81 53
82 75
82 103
82 73
82 10
82 7
82 109
82 110
82 79
82 27
82 113
82 83
82 116
82 53
82 118
82 89
82 84
82 91
82 124
82 85
83 135
83 137
83 7
83 48
83 53
83 54
83 183
83 185
83 58
83 60
83 66
83 69
83 74
83 80
83 81
83 82
83 87
83 88
83 89
83 90
83 92
83 97
83 99
83 101
83 102
83 104
83 108
83 109
83 110
83 113
83 114
83 116
83 118
83 121
83 122
83 123
83 124
84 7
84 137
84 10
84 139
84 27
84 28
84 48
84 53
84 54
84 138
84 73
84 74
84 75
84 79
84 82
84 85
84 86
84 87
84 92
84 103
84 108
84 110
84 113
84 118
85 7
85 137
85 10
85 139
85 19
85 20
85 150
85 151
85 152
85 27
85 28
85 48
85 53
85 54
85 138
85 74
85 75
85 79
85 82
85 84
85 86
85 87
85 92
85 96
85 99
85 103
85 108
85 110
85 113
85 118
86 7
86 137
86 138
86 139
86 26
86 27
86 158
86 159
86 48
86 53
86 54
86 73
86 74
86 79
86 80
86 84
86 85
86 88
86 89
86 96
86 97
86 99
86 103
86 104
86 107
86 108
86 112
86 118
86 127
87 132
87 10
87 16
87 22
87 27
87 28
87 169
87 180
87 53
87 66
87 73
87 74
87 79
87 83
87 84
87 85
87 89
87 92
87 93
87 102
87 108
87 110
87 111
87 113
87 116
87 124
88 7
88 11
88 13
88 194
88 18
88 20
88 151
88 24
88 26
88 27
88 28
88 182
88 55
88 23
88 185
88 186
88 59
88 60
88 61
88 66
88 73
88 79
88 80
88 83
88 86
88 89
88 93
88 94
88 95
88 97
88 99
88 100
88 101
88 102
88 104
88 105
88 106
88 107
88 108
88 109
88 110
88 112
88 115
88 116
88 117
88 118
88 120
88 121
88 122
88 123
88 124
89 7
89 11
89 194
89 152
89 18
89 20
89 23
89 24
89 26
89 27
89 28
89 32
89 181
89 54
89 55
89 185
89 186
89 59
89 61
89 66
89 196
89 73
89 13
89 80
89 82
89 83
89 86
89 87
89 88
89 93
89 94
89 95
89 96
89 97
89 99
89 100
89 101
89 104
89 105
89 106
89 107
89 108
89 109
89 110
89 112
89 113
89 114
89 116
89 118
89 121
89 122
89 123
89 124
90 130
90 131
90 133
90 8
90 137
90 16
90 23
90 28
90 31
90 53
90 74
90 79
90 80
90 81
90 83
90 91
90 92
90 96
90 97
90 98
90 99
90 100
90 108
90 109
90 110
90 118
90 122
90 125
91 7
91 8
91 110
91 79
91 82
91 90
91 28
92 132
92 133
92 7
92 137
92 10
92 13
92 15
92 16
92 18
92 19
92 20
92 22
92 23
92 154
92 155
92 156
92 27
92 180
92 53
92 54
92 183
92 60
92 66
92 196
92 69
92 74
92 75
92 79
92 83
92 84
92 85
92 87
92 90
92 93
92 182
92 96
92 99
92 102
92 105
92 108
92 146
92 110
92 111
92 113
92 114
92 116
92 118
92 119
92 121
92 122
92 123
92 124
93 97
93 61
93 99
93 16
93 28
93 8
93 73
93 108
93 109
93 110
93 79
93 80
93 104
93 181
93 87
93 88
93 89
93 186
93 27
93 92
93 26
94 7
94 11
94 66
94 152
94 18
94 20
94 23
94 24
94 27
94 194
94 79
94 88
94 89
94 95
94 99
94 102
94 104
94 106
94 112
94 115
94 117
94 121
94 122
95 7
95 11
95 66
95 18
95 20
95 23
95 194
95 79
95 88
95 89
95 94
95 96
95 100
95 101
95 104
95 106
95 112
95 115
95 116
95 117
95 121
95 122
96 130
96 131
96 133
96 7
96 11
96 18
96 20
96 150
96 23
96 24
96 27
96 158
96 159
96 53
96 54
96 31
96 139
96 73
96 74
96 79
96 85
96 86
96 89
96 90
96 92
96 95
96 100
96 101
96 106
96 111
96 115
96 116
96 118
96 121
96 122
96 126
96 127
97 7
97 8
97 16
97 26
97 28
97 53
97 74
97 79
97 80
97 81
97 83
97 86
97 88
97 89
97 90
97 93
97 98
97 99
97 102
97 104
97 105
97 107
97 108
97 109
97 110
97 118
98 97
98 99
98 74
98 109
98 110
98 79
98 81
98 53
98 54
98 90
99 7
99 8
99 137
99 138
99 16
99 19
99 20
99 150
99 151
99 152
99 26
99 53
99 54
99 66
99 74
99 79
99 80
99 83
99 85
99 86
99 88
99 89
99 90
99 92
99 93
99 94
99 97
99 98
99 101
99 102
99 104
99 105
99 106
99 107
99 108
99 109
99 110
99 115
99 116
99 117
99 118
100 130
100 131
100 4
100 7
100 136
100 11
100 13
100 14
100 15
100 18
100 19
100 20
100 149
100 23
100 24
100 132
100 155
100 158
100 31
100 160
100 161
100 162
100 163
100 164
100 165
100 166
100 185
100 159
100 147
100 79
100 88
100 89
100 90
100 95
100 96
100 101
100 106
100 146
100 115
100 116
100 117
100 121
100 122
100 21
100 125
100 127
101 7
101 11
101 66
101 152
101 18
101 20
101 23
101 24
101 27
101 60
101 61
101 194
101 79
101 83
101 88
101 89
101 95
101 96
101 99
101 100
101 104
101 106
101 107
101 112
101 115
101 117
101 121
101 122
101 123
102 7
102 11
102 26
102 28
102 66
102 79
102 80
102 83
102 87
102 88
102 92
102 94
102 97
102 99
102 104
102 105
102 107
102 108
102 110
102 113
102 114
102 116
102 118
102 119
102 123
102 124
103 194
103 75
103 86
103 7
103 73
103 74
103 139
103 79
103 48
103 27
103 82
103 84
103 85
103 118
103 137
103 152
103 111
103 121
103 54
103 138
104 7
104 26
104 27
104 28
104 48
104 54
104 186
104 61
104 66
104 73
104 79
104 80
104 83
104 86
104 88
104 89
104 93
104 94
104 95
104 97
104 99
104 101
104 102
104 105
104 106
104 107
104 108
104 109
104 110
104 112
104 115
104 116
104 118
105 97
105 66
105 99
105 102
105 7
105 104
105 92
105 11
105 108
105 79
105 80
105 24
105 107
105 20
105 118
105 88
105 89
105 123
105 124
105 116
106 7
106 11
106 66
106 152
106 18
106 20
106 23
106 24
106 27
106 194
106 79
106 88
106 89
106 94
106 95
106 96
106 99
106 100
106 101
106 104
106 107
106 115
106 116
106 117
106 121
106 122
107 7
107 26
107 28
107 66
107 79
107 80
107 86
107 88
107 89
107 97
107 99
107 101
107 102
107 104
107 105
107 106
107 108
107 112
107 114
107 115
107 116
107 117
107 118
108 133
108 7
108 9
108 10
108 11
108 19
108 20
108 150
108 151
108 152
108 23
108 26
108 155
108 28
108 27
108 178
108 180
108 53
108 138
108 184
108 186
108 61
108 181
108 66
108 73
108 74
108 79
108 80
108 81
108 83
108 84
108 85
108 86
108 87
108 88
108 89
108 90
108 92
108 93
108 97
108 99
108 102
108 104
108 105
108 107
108 109
108 110
108 111
108 113
108 116
108 118
108 119
108 122
108 123
108 124
109 7
109 8
109 16
109 26
109 27
109 28
109 53
109 54
109 61
109 66
109 73
109 79
109 80
109 81
109 82
109 83
109 88
109 89
109 90
109 93
109 97
109 98
109 99
109 104
109 108
109 110
109 116
109 123
110 7
110 8
110 10
110 12
110 13
110 14
110 15
110 16
110 146
110 19
110 20
110 26
110 155
110 156
110 154
110 27
110 28
110 109
110 53
110 54
110 186
110 61
110 74
110 75
110 79
110 80
110 81
110 82
110 83
110 84
110 85
110 87
110 88
110 89
110 90
110 91
110 92
110 93
110 97
110 98
110 99
110 102
110 104
110 108
110 18
110 111
110 118
110 123
110 124
111 4
111 137
111 10
111 139
111 12
111 13
111 14
111 19
111 20
111 23
111 152
111 154
111 155
111 156
111 27
111 166
111 167
111 28
111 180
111 53
111 182
111 66
111 194
111 73
111 74
111 75
111 79
111 87
111 92
111 96
111 103
111 108
111 110
111 113
111 116
111 118
111 120
111 121
111 124
112 194
112 101
112 104
112 95
112 107
112 66
112 79
112 88
112 116
112 117
112 86
112 89
112 152
112 121
112 27
112 94
112 182
113 10
113 12
113 15
113 16
113 146
113 19
113 20
113 154
113 28
113 37
113 41
113 53
113 66
113 69
113 70
113 73
113 74
113 75
113 79
113 82
113 83
113 84
113 85
113 87
113 89
113 92
113 102
113 108
113 111
113 116
113 118
113 124
114 66
114 197
114 102
114 28
114 107
114 79
114 48
114 83
114 116
114 89
114 26
114 123
114 92
115 7
115 11
115 152
115 20
115 23
115 24
115 27
115 66
115 79
115 88
115 94
115 95
115 96
115 99
115 100
115 101
115 104
115 106
115 107
115 116
115 117
115 121
115 122
116 7
116 11
116 66
116 152
116 18
116 20
116 23
116 24
116 26
116 27
116 28
116 48
116 54
116 186
116 61
116 65
116 194
116 196
116 79
116 80
116 82
116 83
116 87
116 88
116 89
116 92
116 95
116 96
116 99
116 100
116 102
116 104
116 105
116 106
116 107
116 108
116 109
116 111
116 112
116 113
116 114
116 115
116 117
116 118
116 121
116 122
116 124
117 7
117 11
117 66
117 152
117 20
117 23
117 24
117 27
117 194
117 79
117 88
117 94
117 95
117 99
117 100
117 101
117 106
117 107
117 112
117 115
117 116
117 121
117 122
117 123
118 132
118 7
118 137
118 10
118 139
118 22
118 23
118 26
118 27
118 169
118 180
118 53
118 54
118 138
118 69
118 73
118 74
118 75
118 80
118 82
118 83
118 84
118 85
118 86
118 88
118 89
118 90
118 92
118 96
118 97
118 99
118 102
118 103
118 104
118 105
118 107
118 108
118 110
118 111
118 113
118 116
119 2
119 69
119 102
119 7
119 92
119 74
119 11
119 108
119 66
119 20
119 54
119 24
119 121
119 122
119 123
119 124
120 149
120 4
120 134
120 7
120 136
120 11
120 12
120 13
120 14
120 15
120 18
120 19
120 20
120 21
120 150
120 23
120 24
120 132
120 156
120 158
120 159
120 160
120 161
120 162
120 163
120 164
120 165
120 166
120 167
120 182
120 55
120 185
120 151
120 66
120 88
120 146
120 111
120 147
120 127
121 2
121 131
121 133
121 7
121 13
121 20
121 23
121 152
121 155
121 31
121 178
121 179
121 180
121 185
121 58
121 66
121 73
121 83
121 88
121 89
121 92
121 94
121 95
121 96
121 100
121 101
121 103
121 106
121 111
121 112
121 115
121 116
121 117
121 119
121 122
121 123
121 124
121 125
122 2
122 131
122 133
122 7
122 130
122 20
122 155
122 31
122 178
122 179
122 54
122 185
122 194
122 74
122 13
122 83
122 88
122 89
122 90
122 92
122 94
122 95
122 96
122 100
122 101
122 106
122 108
122 115
122 116
122 117
122 119
122 121
122 123
122 124
122 125
123 2
123 7
123 11
123 20
123 23
123 24
123 28
123 54
123 58
123 61
123 66
123 74
123 83
123 88
123 89
123 92
123 101
123 102
123 105
123 108
123 109
123 110
123 114
123 117
123 119
123 121
123 122
123 124
124 2
124 3
124 7
124 9
124 10
124 11
124 12
124 13
124 14
124 15
124 18
124 19
124 20
124 151
124 24
124 154
124 155
124 27
124 42
124 87
124 178
124 52
124 55
124 56
124 185
124 58
124 64
124 66
124 68
124 69
124 73
124 75
124 82
124 83
124 57
124 88
124 89
124 92
124 102
124 105
124 108
124 146
124 110
124 111
124 113
124 116
124 119
124 121
124 122
124 123
125 128
125 129
125 130
125 131
125 100
125 133
125 134
125 135
125 81
125 121
125 23
125 132
125 90
125 31
125 122
125 126
125 127
126 96
126 128
126 132
126 134
126 129
126 136
126 7
126 47
126 81
126 23
126 135
126 125
126 127
127 128
127 129
127 132
127 134
127 7
127 136
127 139
127 12
127 13
127 14
127 145
127 18
127 19
127 20
127 21
127 23
127 4
127 158
127 159
127 160
127 161
127 162
127 163
127 164
127 165
127 166
127 167
127 135
127 47
127 182
127 81
127 86
127 96
127 100
127 146
127 147
127 120
127 125
127 126
127 149
128 160
128 129
128 130
128 132
128 134
128 135
128 136
128 161
128 162
128 47
128 145
128 146
128 169
128 164
128 125
128 126
128 127
129 128
129 3
129 132
129 134
129 7
129 136
129 9
129 11
129 125
129 176
129 145
129 181
129 127
129 135
129 189
129 126
129 81
130 96
130 128
130 131
130 100
130 133
130 161
130 136
130 169
130 160
130 189
130 176
130 145
130 122
130 23
130 132
130 90
130 125
130 31
131 96
131 130
131 100
131 133
131 136
131 140
131 122
131 23
131 121
131 90
131 125
131 31
132 128
132 129
132 130
132 4
132 134
132 7
132 11
132 12
132 13
132 14
132 15
132 145
132 18
132 19
132 20
132 21
132 24
132 158
132 159
132 160
132 161
132 163
132 164
132 165
132 166
132 168
132 169
132 170
132 171
132 172
132 47
132 180
132 92
132 81
132 87
132 135
132 100
132 146
132 147
132 118
132 120
132 127
132 125
132 126
132 149
133 96
133 66
133 131
133 9
133 122
133 108
133 130
133 181
133 23
133 184
133 121
133 90
133 92
133 125
133 31
134 128
134 129
134 162
134 132
134 165
134 166
134 135
134 136
134 167
134 47
134 145
134 19
134 120
134 127
134 125
134 126
134 81
135 128
135 129
135 66
135 132
135 134
135 136
135 127
135 172
135 47
135 81
135 178
135 83
135 147
135 184
135 155
135 125
135 126
135 159
136 128
136 129
136 130
136 131
136 4
136 134
136 7
136 11
136 13
136 14
136 145
136 18
136 19
136 20
136 21
136 150
136 23
136 152
136 159
136 160
136 161
136 162
136 163
136 164
136 165
136 166
136 167
136 168
136 169
136 135
136 182
136 81
136 100
136 146
136 120
136 127
136 126
136 149
137 99
137 54
137 103
137 118
137 73
137 74
137 7
137 111
137 48
137 75
137 83
137 139
137 53
137 86
137 84
137 90
137 27
137 92
137 138
137 85
138 7
138 137
138 19
138 20
138 150
138 151
138 152
138 153
138 27
138 32
138 33
138 38
138 42
138 48
138 51
138 53
138 54
138 55
138 59
138 61
138 65
138 66
138 67
138 72
138 73
138 74
138 75
138 84
138 85
138 86
138 99
138 103
138 108
138 118
139 96
139 75
139 54
139 103
139 73
139 74
139 7
139 111
139 48
139 84
139 53
139 86
139 137
139 85
139 27
139 118
139 158
139 127
140 187
140 131
140 69
140 31
141 31
141 36
141 71
142 3
142 17
142 10
142 144
142 145
142 146
142 147
143 3
143 145
143 9
143 10
143 144
143 17
143 146
143 147
144 3
144 17
144 10
144 142
144 143
144 145
144 146
144 147
145 128
145 129
145 130
145 3
145 132
145 134
145 7
145 136
145 9
145 11
145 162
145 142
145 143
145 144
145 168
145 147
145 161
145 23
145 164
145 169
145 127
146 128
146 3
146 4
146 7
146 136
146 10
146 12
146 13
146 14
146 15
146 144
146 17
146 18
146 19
146 20
146 149
146 23
146 132
146 154
146 155
146 156
146 158
146 159
146 161
146 162
146 163
146 165
146 166
146 167
146 182
146 73
146 75
146 142
146 143
146 92
146 100
146 110
146 113
146 120
146 127
146 124
146 21
147 3
147 132
147 7
147 12
147 142
147 15
147 144
147 145
147 18
147 19
147 20
147 149
147 23
147 4
147 158
147 159
147 162
147 163
147 164
147 165
147 166
147 167
147 135
147 172
147 182
147 184
147 14
147 143
147 100
147 120
147 21
147 127
148 66
148 149
149 132
149 7
149 136
149 12
149 13
149 15
149 146
149 147
149 148
149 21
149 23
149 4
149 158
149 160
149 161
149 162
149 163
149 164
149 165
149 166
149 167
149 182
149 100
149 18
149 19
149 120
149 20
149 127
150 5
150 7
150 136
150 10
150 23
150 19
150 20
150 151
150 152
150 158
150 159
150 162
150 165
150 166
150 167
150 171
150 53
150 138
150 74
150 85
150 96
150 99
150 108
150 120
151 7
151 138
151 13
151 19
151 20
151 150
151 152
151 153
151 32
151 33
151 38
151 42
151 177
151 51
151 53
151 55
151 185
151 59
151 60
151 61
151 62
151 65
151 66
151 67
151 69
151 74
151 183
151 193
151 85
151 88
151 99
151 108
151 120
151 124
152 5
152 6
152 7
152 136
152 10
152 66
152 19
152 20
152 150
152 151
152 156
152 158
152 159
152 170
152 171
152 180
152 53
152 138
152 194
152 74
152 85
152 89
152 94
152 99
152 101
152 103
152 106
152 108
152 111
152 112
152 115
152 116
152 117
152 121
153 32
153 33
153 66
153 67
153 63
153 37
153 38
153 65
153 72
153 60
153 42
153 45
153 46
153 50
153 51
153 151
153 59
153 188
153 138
153 69
154 66
154 73
154 75
154 12
154 18
154 14
154 15
154 92
154 113
154 146
154 19
154 20
154 110
154 124
154 111
154 156
155 3
155 135
155 9
155 10
155 12
155 13
155 14
155 15
155 146
155 19
155 20
155 156
155 178
155 179
155 185
155 66
155 73
155 75
155 92
155 100
155 108
155 18
155 110
155 111
155 121
155 122
155 124
156 66
156 3
156 5
156 9
156 75
156 12
156 13
156 14
156 15
156 120
156 146
156 19
156 20
156 110
156 73
156 152
156 18
156 154
156 155
156 92
156 111
157 196
158 132
158 5
158 6
158 7
158 10
158 139
158 12
158 13
158 14
158 15
158 18
158 19
158 20
158 149
158 150
158 23
158 152
158 4
158 159
158 160
158 161
158 162
158 163
158 164
158 165
158 166
158 167
158 172
158 182
158 86
158 96
158 100
158 146
158 147
158 120
158 127
158 21
159 132
159 6
159 7
159 136
159 10
159 12
159 13
159 14
159 15
159 18
159 19
159 20
159 21
159 150
159 23
159 152
159 4
159 158
159 160
159 161
159 163
159 165
159 166
159 135
159 172
159 182
159 184
159 86
159 96
159 100
159 146
159 147
159 120
159 127
160 128
160 130
160 4
160 7
160 136
160 12
160 13
160 14
160 15
160 19
160 20
160 149
160 23
160 132
160 158
160 159
160 163
160 164
160 165
160 166
160 167
160 168
160 169
160 182
160 100
160 120
160 21
160 127
161 128
161 130
161 4
161 7
161 136
161 12
161 13
161 14
161 145
161 146
161 20
161 149
161 23
161 132
161 158
161 159
161 162
161 163
161 164
161 165
161 166
161 167
161 168
161 169
161 182
161 100
161 18
161 120
161 21
161 127
162 128
162 4
162 134
162 7
162 136
162 12
162 13
162 14
162 15
162 145
162 18
162 147
162 20
162 149
162 150
162 23
162 158
162 161
162 164
162 165
162 167
162 170
162 171
162 172
162 182
162 100
162 146
162 19
162 120
162 21
162 127
163 132
163 7
163 136
163 12
163 13
163 14
163 15
163 146
163 147
163 20
163 149
163 23
163 4
163 158
163 159
163 160
163 161
163 164
163 165
163 167
163 172
163 182
163 100
163 18
163 19
163 120
163 21
163 127
164 128
164 132
164 136
164 12
164 13
164 14
164 145
164 18
164 147
164 20
164 149
164 4
164 158
164 160
164 161
164 162
164 163
164 165
164 166
164 167
164 182
164 100
164 19
164 120
164 21
164 127
165 132
165 134
165 7
165 136
165 12
165 13
165 14
165 15
165 18
165 147
165 20
165 149
165 150
165 23
165 158
165 159
165 160
165 161
165 162
165 163
165 164
165 166
165 167
165 182
165 100
165 146
165 19
165 120
165 21
165 127
166 4
166 134
166 7
166 136
166 12
166 13
166 14
166 15
166 18
166 147
166 20
166 149
166 150
166 23
166 132
166 158
166 159
166 160
166 161
166 164
166 165
166 167
166 182
166 66
166 100
166 146
166 111
166 19
166 120
166 21
166 127
167 4
167 134
167 7
167 136
167 13
167 14
167 15
167 18
167 147
167 20
167 149
167 150
167 23
167 158
167 160
167 161
167 162
167 163
167 164
167 165
167 166
167 182
167 66
167 146
167 111
167 19
167 120
167 21
167 127
168 160
168 161
168 132
168 198
168 136
168 169
168 145
169 128
169 160
169 130
169 132
169 118
169 161
169 136
169 145
169 180
169 22
169 87
169 168
170 162
170 4
170 7
170 171
170 172
170 24
170 20
170 21
170 23
170 152
170 132
171 162
171 4
171 7
171 170
171 172
171 13
171 15
171 20
171 21
171 150
171 23
171 152
171 132
172 162
172 163
172 4
172 7
172 170
172 171
172 13
172 15
172 147
172 20
172 21
172 23
172 24
172 132
172 135
172 158
172 159
173 31
173 60
173 70
173 174
173 175
174 32
174 70
174 43
174 173
174 175
174 60
175 70
175 78
175 174
175 190
175 173
176 129
176 130
176 69
176 52
176 189
176 31
177 193
177 66
177 38
177 151
177 59
177 61
177 62
178 66
178 135
178 108
178 13
178 14
178 179
178 121
178 185
178 122
178 155
178 124
179 66
179 13
179 178
179 121
179 185
179 122
179 155
180 66
180 132
180 73
180 108
180 194
180 111
180 118
180 87
180 152
180 121
180 92
180 169
181 129
181 66
181 3
181 133
181 7
181 9
181 108
181 48
181 23
181 89
181 93
182 4
182 7
182 136
182 12
182 13
182 14
182 146
182 147
182 20
182 149
182 23
182 158
182 159
182 160
182 161
182 162
182 163
182 164
182 165
182 166
182 167
182 88
182 92
182 18
182 111
182 112
182 120
182 21
182 127
183 7
183 74
183 83
183 53
183 151
183 92
184 66
184 133
184 135
184 9
184 108
184 147
184 159
185 66
185 100
185 83
185 13
185 88
185 178
185 179
185 89
185 151
185 120
185 121
185 58
185 155
185 124
185 122
185 55
186 104
186 73
186 108
186 110
186 61
186 116
186 88
186 89
186 26
186 27
186 28
186 93
187 36
187 140
187 31
188 32
188 67
188 68
188 37
188 31
188 46
188 50
188 51
188 153
188 59
188 60
188 61
188 63
189 129
189 130
189 69
189 176
189 52
189 31
190 32
190 70
190 175
191 32
191 41
192 35
193 66
193 38
193 177
193 151
193 59
193 61
194 66
194 101
194 103
194 73
194 106
194 111
194 112
194 88
194 180
194 117
194 89
194 152
194 116
194 122
194 94
194 95
195 69
196 89
196 92
196 157
196 116
197 114
198 168
