1 33
1 66
1 4
1 17
1 11
1 13
1 45
1 112
1 113
1 19
1 180
1 86
1 25
1 156
1 29
2 32
2 128
2 163
2 4
2 133
2 134
2 8
2 106
2 75
2 12
2 17
2 18
2 19
2 213
2 86
2 87
2 24
2 164
2 94
2 29
2 104
3 98
3 99
3 100
3 69
3 71
3 104
3 105
3 23
3 154
3 78
3 15
3 16
3 18
3 20
3 86
3 119
3 84
3 139
3 123
3 189
3 159
4 8
4 13
4 14
4 16
4 18
4 19
4 148
4 23
4 24
4 29
4 31
4 33
4 163
4 37
4 167
4 180
4 55
4 57
4 191
4 65
4 68
4 71
4 82
4 90
4 91
4 94
4 112
4 113
5 192
5 65
5 35
5 39
5 169
5 171
5 205
5 79
5 144
5 27
5 146
5 213
5 184
5 26
5 155
5 93
5 199
5 159
6 129
6 67
6 196
6 167
6 200
6 140
6 163
6 214
6 58
6 155
6 186
6 158
6 31
7 64
7 97
7 34
7 27
7 103
7 202
7 160
7 30
7 20
7 181
7 85
7 122
7 123
7 190
7 21
8 129
8 75
8 133
8 198
8 11
8 130
8 175
8 19
8 164
8 163
9 66
9 36
9 37
9 44
9 53
9 55
9 60
9 61
10 96
10 67
10 131
10 39
10 74
10 13
10 14
10 77
10 17
10 163
10 116
10 57
10 150
10 87
10 120
10 84
10 58
10 29
11 133
11 33
11 13
11 14
11 79
11 16
11 17
11 114
11 19
11 180
11 86
11 25
11 24
11 121
11 29
12 192
