1 172
2 120
3 192
3 110
4 25
4 157
4 193
5 208
5 151
5 212
5 47
6 90
7 40
7 72
7 58
7 148
7 215
9 41
9 178
9 81
10 121
11 110
12 129
14 217
14 58
14 158
15 123
15 106
15 67
15 117
15 197
16 124
20 153
22 112
22 143
23 41
23 170
23 52
24 27
24 148
24 38
24 31
25 122
25 51
26 81
26 106
26 159
27 78
30 212
31 57
31 107
31 65
32 172
32 92
32 127
33 48
33 97
34 133
35 105
35 210
35 47
36 137
36 73
36 45
36 71
39 161
39 194
41 156
43 174
44 56
44 58
44 123
44 204
46 205
47 162
47 137
47 172
47 133
48 160
50 217
51 106
51 211
51 202
51 71
53 202
53 134
53 126
54 77
57 179
57 68
57 61
58 188
59 172
59 213
60 168
61 118
65 196
66 90
66 156
67 145
67 193
69 73
69 156
70 198
71 208
71 205
74 130
77 160
77 108
78 99
78 173
78 211
79 152
82 199
82 95
83 208
83 111
85 121
86 125
87 128
88 137
89 136
90 180
90 189
93 201
93 203
95 133
98 124
98 197
100 194
100 174
101 103
104 195
105 217
105 191
105 151
106 200
107 200
109 196
112 126
112 174
114 177
115 138
116 210
117 138
120 139
121 204
121 131
121 147
122 199
123 196
125 176
126 149
127 130
127 179
127 214
129 192
131 151
133 199
134 198
136 209
137 172
137 171
138 207
139 186
141 201
141 210
153 175
154 158
158 198
159 210
162 209
165 168
174 179
174 213
174 216
176 192
177 197
179 202
184 194
188 195
195 198
211 217
