1 33
1 66
1 113
1 11
1 45
1 112
1 17
1 19
1 180
1 86
1 25
1 156
1 29
2 32
2 128
2 4
2 133
2 8
2 106
2 75
2 12
2 17
2 18
2 19
2 213
2 86
2 104
2 24
2 164
2 29
2 94
3 98
3 123
3 100
3 69
3 71
3 104
3 105
3 139
3 15
3 16
3 20
3 86
3 23
3 84
3 154
3 119
3 189
3 159
4 2
4 8
4 14
4 16
4 18
4 19
4 148
4 23
4 24
4 29
4 31
4 33
4 163
4 37
4 167
4 180
4 55
4 57
4 191
4 65
4 68
4 71
4 82
4 90
4 91
4 94
4 112
4 113
5 192
5 65
5 35
5 39
5 169
5 171
5 205
5 79
5 144
5 146
5 155
5 213
5 184
5 27
5 93
5 199
5 159
6 129
6 67
6 196
6 167
6 200
6 140
6 163
6 214
6 58
6 155
6 158
6 31
7 64
7 97
7 34
7 202
7 160
7 190
7 20
7 181
7 122
7 27
7 21
7 30
7 85
8 2
8 11
8 4
8 133
8 198
8 75
8 130
8 19
8 164
8 163
9 66
9 36
9 37
9 44
9 53
9 55
9 60
10 84
10 67
10 163
10 39
10 74
10 13
10 77
10 17
10 131
10 116
10 150
10 87
10 57
10 58
10 29
11 1
11 133
11 33
11 8
11 13
11 14
11 79
11 16
11 17
11 114
11 19
11 180
11 86
11 121
11 24
11 25
11 29
12 192
12 2
12 164
12 101
12 111
12 18
12 22
12 121
12 124
12 29
12 133
13 17
13 10
13 11
13 113
13 18
13 19
13 24
13 71
13 29
14 4
14 71
14 210
14 11
14 114
14 79
14 16
14 17
14 18
14 19
14 86
14 24
14 29
15 3
15 68
15 72
15 105
15 191
15 144
15 145
15 211
15 52
15 54
15 31
15 92
15 63
16 3
16 4
16 134
16 136
16 11
16 14
16 17
16 23
16 24
16 25
16 154
16 28
16 31
16 34
16 165
16 170
16 45
16 189
16 191
16 71
16 205
16 208
16 216
16 93
16 99
16 104
16 112
16 113
16 114
17 1
17 2
17 134
17 10
17 11
17 13
17 14
17 16
17 18
17 149
17 24
17 25
17 27
17 156
17 29
17 31
17 33
17 169
17 173
17 180
17 71
17 79
17 86
17 93
17 112
18 2
18 163
18 4
18 133
18 134
18 167
18 105
18 74
18 12
18 13
18 14
18 164
18 17
18 156
18 213
18 121
18 188
18 29
18 31
19 1
19 2
19 4
19 133
19 166
19 65
19 8
19 11
19 13
19 14
19 118
19 23
19 26
19 29
19 31
20 98
20 3
20 100
20 165
20 7
20 139
20 114
20 99
20 119
20 23
20 25
20 154
21 160
21 34
21 197
21 7
21 202
21 199
21 205
21 179
21 85
21 30
21 181
22 193
22 164
22 133
22 40
22 12
22 111
22 121
22 124
22 29
23 19
23 65
23 3
23 4
23 133
23 42
23 16
23 195
23 20
23 118
23 148
23 90
23 182
23 29
23 69
23 31
24 16
24 2
24 4
24 134
24 71
24 40
24 105
24 93
24 11
24 13
24 14
24 79
24 112
24 17
24 113
24 121
24 152
24 25
24 216
24 29
24 169
25 1
25 196
25 38
25 134
25 71
25 11
25 108
25 79
25 112
25 17
25 20
25 55
25 24
25 152
25 165
25 16
26 19
26 65
26 162
26 35
26 199
26 169
26 171
26 147
26 184
26 27
26 93
26 30
27 97
27 35
27 17
27 5
27 134
27 7
27 169
27 202
27 171
27 47
27 144
27 81
27 186
27 85
27 201
27 184
27 26
27 93
27 30
27 159
28 194
28 69
28 71
28 141
28 16
28 49
28 114
28 182
28 56
28 122
28 123
28 30
28 191
29 1
29 2
29 4
29 168
29 10
29 11
29 12
29 13
29 14
29 17
29 18
29 19
29 148
29 22
29 23
29 24
29 68
30 160
30 97
30 187
30 195
30 7
30 202
30 43
30 181
30 27
30 51
30 21
30 182
30 56
30 122
30 123
30 28
30 26
30 62
30 85
31 192
31 129
31 4
31 133
31 6
31 140
31 173
31 15
31 16
31 17
31 18
31 19
31 134
31 149
31 23
31 152
31 89
31 156
31 94
32 2
32 67
32 164
32 201
32 106
32 130
32 87
32 185
32 95
33 1
33 68
33 39
33 72
33 11
33 17
33 180
33 57
33 196
33 71
33 4
34 160
34 181
34 199
34 202
34 7
34 205
34 16
34 21
34 85
35 65
35 5
35 134
35 169
35 171
35 79
35 144
35 146
35 184
35 26
35 27
35 93
35 159
36 208
36 9
36 65
37 128
37 129
37 131
37 4
37 9
37 167
37 172
37 46
37 47
37 51
37 53
37 54
37 55
37 58
37 65
37 66
37 68
37 74
37 81
37 214
37 90
37 105
38 66
38 196
38 39
38 200
38 41
38 151
38 108
38 46
38 190
38 50
38 25
38 213
38 55
38 153
38 156
38 60
38 125
38 126
38 127
39 5
39 137
39 10
39 143
39 216
39 147
39 133
39 33
39 162
39 163
39 38
39 167
39 41
39 172
39 44
39 58
39 187
39 60
39 62
39 65
39 68
39 72
39 88
39 107
40 193
40 166
40 105
40 48
40 24
40 211
40 149
40 22
40 88
41 66
41 155
41 54
41 38
41 39
41 104
41 73
41 42
41 76
41 159
41 81
41 94
41 213
41 214
41 55
41 186
41 59
41 53
41 126
41 149
42 135
42 137
42 140
42 23
42 41
42 43
42 44
42 46
42 47
42 48
42 51
42 54
42 55
42 187
42 60
42 61
42 62
42 66
42 197
42 76
42 102
42 127
43 135
43 137
43 30
43 42
43 46
43 47
43 50
43 51
43 158
43 56
43 59
43 60
43 62
43 64
43 195
43 69
43 76
43 80
43 209
43 85
43 97
43 102
43 122
43 127
44 65
44 66
44 39
44 9
44 42
44 55
44 73
44 48
44 50
44 53
44 54
44 215
44 213
44 59
44 60
44 61
44 127
45 1
45 97
45 166
45 134
45 71
45 112
45 16
46 65
46 194
46 37
46 38
46 47
46 42
46 43
46 76
46 151
46 175
46 147
46 215
46 197
46 153
46 59
46 156
46 125
46 158
46 127
47 66
47 155
47 37
47 73
47 42
47 43
47 46
47 48
47 27
47 50
47 78
47 214
47 55
47 153
47 59
47 86
47 61
47 53
48 66
48 91
48 54
48 40
48 73
48 42
48 44
48 47
48 144
48 145
48 146
48 211
48 155
48 53
48 214
48 55
48 90
48 59
48 157
48 126
48 191
49 162
49 138
49 142
49 178
49 147
49 212
49 174
49 187
49 28
50 38
50 44
50 43
50 76
50 47
50 209
50 53
50 151
50 137
50 59
50 60
50 159
51 64
51 37
51 102
51 103
51 105
51 42
51 43
51 76
51 209
51 30
51 54
51 137
51 56
51 59
51 157
51 62
52 15
52 153
52 63
52 54
52 105
53 66
53 37
53 9
53 74
53 44
53 47
53 48
53 50
53 84
53 41
53 54
53 55
53 73
53 127
54 15
54 157
54 37
54 41
54 42
54 44
54 48
54 51
54 52
54 53
54 55
54 187
54 63
54 66
54 196
54 73
54 74
54 208
54 81
54 213
54 103
54 105
54 191
54 126
55 4
55 9
55 151
55 25
55 37
55 38
55 41
55 42
55 171
55 44
55 47
55 48
55 53
55 54
55 60
55 63
55 66
55 73
55 211
55 153
55 191
55 170
56 43
56 51
56 30
56 122
56 28
56 62
56 117
57 33
57 4
57 129
57 10
57 180
57 116
57 74
58 129
58 37
58 6
58 39
58 104
58 10
58 148
58 217
58 90
59 51
59 66
59 163
59 63
59 41
59 171
59 44
59 151
59 46
59 47
59 48
59 43
59 50
59 195
59 76
59 137
59 153
59 140
59 156
59 127
60 66
60 68
60 38
60 39
60 9
60 42
60 43
60 44
60 110
60 175
60 50
60 215
60 196
60 55
60 153
60 151
60 61
60 190
61 97
61 66
61 44
61 42
61 108
61 110
61 47
61 204
61 117
61 151
61 122
61 187
61 60
61 190
61 62
62 102
62 39
62 137
62 42
62 43
62 209
62 51
62 117
62 56
62 122
62 187
62 61
62 30
63 66
63 59
63 15
63 146
63 211
63 52
63 54
63 55
63 155
63 156
63 157
63 126
63 159
64 208
64 102
64 7
64 43
64 76
64 206
64 80
64 209
64 51
64 85
64 127
64 122
64 103
64 158
64 117
65 129
65 66
65 35
65 4
65 5
65 39
65 171
65 44
65 46
65 19
65 110
65 23
65 36
65 26
65 94
65 37
66 1
66 59
66 37
66 38
66 65
66 41
66 42
66 44
66 173
66 47
66 48
66 9
66 53
66 73
66 55
66 54
66 60
66 61
66 63
67 32
67 96
67 68
67 6
67 166
67 200
67 73
67 10
67 105
67 87
67 90
68 33
68 67
68 4
68 37
68 39
68 72
68 15
68 180
68 60
68 29
68 101
69 3
69 104
69 43
69 208
69 195
69 23
69 28
70 180
71 3
71 4
71 133
71 134
71 13
71 14
71 16
71 17
71 24
71 25
71 154
71 28
71 33
71 165
71 166
71 170
71 45
71 180
71 187
71 189
71 194
71 79
71 83
71 84
71 88
71 89
71 94
71 97
71 100
71 105
71 112
71 113
71 114
71 212
72 33
72 68
72 101
72 39
72 15
72 116
72 152
72 180
72 133
73 66
73 67
73 41
73 44
73 47
73 48
73 53
73 54
73 55
74 192
74 37
74 177
74 10
74 75
74 81
74 18
74 84
74 53
74 54
74 57
74 90
74 157
74 213
75 96
75 128
75 2
75 198
75 129
75 8
75 74
75 77
75 84
75 213
75 150
75 155
75 157
76 64
76 51
76 59
76 102
76 41
76 42
76 43
76 46
76 80
76 209
76 50
76 179
76 213
76 206
76 137
76 187
76 117
76 127
77 10
77 75
77 84
77 150
78 100
78 47
78 113
78 114
78 181
78 86
79 35
79 5
79 71
79 169
79 11
79 14
79 112
79 17
79 171
79 86
79 24
79 25
79 155
79 93
80 64
80 102
80 135
80 137
80 43
80 76
80 206
80 209
80 117
80 214
80 88
80 127
81 149
81 123
81 37
81 41
81 74
81 140
81 141
81 144
81 27
81 146
81 163
81 148
81 213
81 54
81 215
81 90
81 91
81 86
81 191
82 96
82 203
82 4
82 167
83 114
83 71
83 100
83 86
83 119
84 3
84 101
84 71
84 105
84 10
84 75
84 77
84 131
84 74
84 53
84 90
84 91
84 106
85 64
85 160
85 34
85 27
85 179
85 102
85 7
85 43
85 147
85 21
85 122
85 187
85 30
86 1
86 2
86 3
86 11
86 140
86 14
86 17
86 148
86 149
86 165
86 47
86 191
86 79
86 203
86 78
86 207
86 81
86 83
86 213
86 217
86 90
86 91
86 100
86 104
86 113
86 114
87 32
87 96
87 67
87 104
87 10
87 204
87 94
88 193
88 100
88 101
88 39
88 40
88 71
88 80
88 116
88 119
88 132
88 157
89 31
89 149
89 71
90 128
90 96
90 67
90 4
90 37
90 167
90 105
90 74
90 48
90 81
90 84
90 86
90 23
90 148
90 58
90 91
90 92
90 157
90 94
90 191
91 4
91 86
91 140
91 148
91 149
91 155
91 157
91 48
91 191
91 203
91 81
91 211
91 84
91 213
91 214
91 90
91 92
91 101
91 104
91 105
91 106
91 126
92 140
92 15
92 116
92 214
92 148
92 90
92 91
92 157
92 94
93 35
93 5
93 169
93 79
93 16
93 17
93 24
93 184
93 26
93 27
93 216
94 128
94 65
94 2
94 4
94 101
94 166
94 71
94 136
94 41
94 106
94 200
94 149
94 214
94 87
94 152
94 90
94 155
94 92
94 157
94 31
95 32
95 187
95 108
95 140
95 204
95 151
95 155
95 126
96 67
96 131
96 106
96 75
96 82
96 163
96 87
96 90
97 160
97 187
97 102
97 7
97 202
97 43
97 45
97 206
97 27
97 181
97 182
97 71
97 123
97 61
97 30
98 3
98 165
98 139
98 99
98 20
98 119
98 154
98 156
98 189
99 98
99 165
99 139
99 16
99 20
99 119
99 154
99 156
99 189
100 3
100 86
100 71
100 78
100 113
100 114
100 83
100 20
100 150
100 88
100 189
101 68
101 166
101 72
101 12
101 116
101 213
101 214
101 217
101 88
101 84
101 91
101 94
102 64
102 97
102 197
102 103
102 137
102 42
102 43
102 76
102 206
102 80
102 209
102 178
102 51
102 117
102 127
102 135
102 125
102 62
102 85
103 64
103 179
103 102
103 137
103 206
103 208
103 51
103 54
103 216
103 122
103 187
103 158
103 127
104 129
104 2
104 3
104 69
104 41
104 106
104 16
104 214
104 87
104 58
104 91
104 86
105 128
105 3
105 136
105 139
105 15
105 145
105 18
105 148
105 24
105 157
105 158
105 37
105 166
105 167
105 40
105 51
105 52
105 54
105 67
105 71
105 84
105 90
105 91
106 32
106 96
106 2
106 104
106 84
106 91
106 94
107 192
107 130
107 164
107 133
107 39
107 188
107 173
107 111
107 211
107 185
107 121
107 155
107 124
108 38
108 200
108 61
108 175
108 208
108 25
108 151
108 153
108 125
108 190
108 95
109 132
109 135
109 168
109 207
109 114
109 115
110 65
110 194
110 214
110 129
110 200
110 137
110 170
110 215
110 172
110 161
110 182
110 151
110 187
110 60
110 61
111 192
111 133
111 107
111 12
111 173
111 177
111 22
111 121
111 124
112 1
112 4
112 165
112 71
112 45
112 79
112 16
112 17
112 114
112 113
112 24
112 25
112 152
112 156
113 1
113 4
113 16
113 71
113 139
113 13
113 78
113 112
113 24
113 114
113 86
113 184
113 100
113 189
114 16
114 100
114 165
114 71
114 11
114 109
114 14
114 207
114 112
114 113
114 83
114 20
114 78
114 86
114 119
114 28
114 157
115 197
115 135
115 168
115 205
115 109
115 179
115 207
116 101
116 72
116 10
116 170
116 88
116 57
116 92
116 157
117 64
117 102
117 135
117 137
117 76
117 61
117 80
117 209
117 172
117 62
117 56
117 187
117 125
117 158
118 121
118 19
118 133
118 203
118 23
119 3
119 98
119 99
119 114
119 83
119 20
119 88
120 129
120 194
120 132
120 133
120 136
120 170
120 171
120 182
120 152
121 192
121 130
121 11
121 164
121 22
121 107
121 12
121 173
121 111
121 177
121 18
121 118
121 24
121 185
121 124
121 133
122 64
122 187
122 7
122 103
122 43
122 30
122 56
122 123
122 28
122 61
122 62
122 85
123 160
123 97
123 3
123 202
123 208
123 81
123 212
123 181
123 182
123 122
123 28
123 30
124 130
124 164
124 107
124 12
124 111
124 177
124 213
124 22
124 121
125 129
125 194
125 38
125 102
125 135
125 137
125 108
125 46
125 209
125 147
125 204
125 117
125 151
125 179
125 187
125 190
126 48
126 194
126 91
126 54
126 38
126 63
126 41
126 127
126 146
126 206
126 144
126 209
126 210
126 214
126 169
126 216
126 155
126 156
126 158
126 95
127 64
127 194
127 59
127 102
127 38
127 103
127 44
127 42
127 43
127 76
127 46
127 80
127 209
127 53
127 215
127 137
127 155
127 151
127 126
128 2
128 37
128 198
128 167
128 105
128 75
128 130
128 175
128 148
128 90
128 155
128 94
129 130
129 6
129 136
129 151
129 158
129 31
129 37
129 170
129 175
129 57
129 58
129 190
129 65
129 194
129 75
129 198
129 200
129 203
129 208
129 214
129 104
129 110
129 120
129 125
130 32
130 128
130 164
130 198
130 129
130 8
130 201
130 107
130 192
130 141
130 175
130 177
130 173
130 121
130 155
130 188
130 124
131 96
131 10
131 84
131 37
131 186
132 193
132 135
132 168
132 109
132 141
132 88
132 120
133 2
133 8
133 11
133 12
133 18
133 19
133 22
133 23
133 155
133 31
133 164
133 166
133 39
133 192
133 71
133 72
133 203
133 213
133 107
133 111
133 118
133 120
133 121
134 35
134 167
134 71
134 45
134 16
134 17
134 18
134 24
134 25
134 27
134 31
135 195
135 132
135 197
135 102
135 168
135 137
135 42
135 43
135 109
135 206
135 205
135 80
135 209
135 179
135 117
135 115
135 196
135 207
135 125
135 190
136 129
136 105
136 140
136 16
136 208
136 148
136 120
136 157
136 94
136 191
137 102
137 103
137 42
137 43
137 76
137 110
137 80
137 209
137 50
137 51
137 117
137 206
137 62
137 39
137 59
137 135
137 125
137 158
137 127
138 161
138 162
138 194
138 174
138 49
138 178
138 147
138 212
138 142
138 183
138 216
138 187
139 98
139 3
139 105
139 113
139 99
139 20
139 189
140 86
140 6
140 136
140 143
140 144
140 146
140 148
140 155
140 158
140 31
140 160
140 163
140 167
140 42
140 172
140 175
140 59
140 191
140 81
140 214
140 91
140 92
140 159
140 95
141 81
141 130
141 132
141 166
141 28
142 160
142 161
142 162
142 187
142 138
142 194
142 174
142 49
142 178
142 147
142 212
142 182
142 183
142 216
142 155
143 163
143 39
143 140
143 144
143 146
143 187
143 155
143 157
143 158
143 159
144 35
144 5
144 143
144 169
144 171
144 140
144 15
144 48
144 81
144 146
144 211
144 126
144 27
144 183
144 153
144 163
144 155
144 156
144 157
144 158
144 159
145 192
145 105
145 15
145 48
145 211
145 188
145 157
146 161
146 162
146 35
146 5
146 166
146 48
146 169
146 171
146 140
146 63
146 143
146 144
146 81
146 211
146 126
146 153
146 155
146 156
146 157
146 158
146 159
147 138
147 142
147 174
147 26
147 155
147 156
147 158
147 159
147 160
147 161
147 162
147 39
147 46
147 49
147 178
147 182
147 183
147 187
147 190
147 194
147 197
147 201
147 209
147 210
147 212
147 85
147 125
148 128
148 163
148 4
148 86
148 167
148 136
148 105
148 140
148 29
148 81
148 211
148 214
148 23
148 90
148 91
148 92
148 58
148 191
149 91
149 86
149 17
149 40
149 41
149 170
149 203
149 81
149 213
149 214
149 89
149 155
149 157
149 94
149 31
150 75
150 10
150 163
150 100
150 77
151 129
151 153
151 155
151 156
151 158
151 159
151 38
151 170
151 46
151 175
151 50
151 55
151 59
151 60
151 61
151 190
151 194
151 196
151 200
151 215
151 216
151 95
151 108
151 110
151 125
151 127
152 194
152 167
152 72
152 170
152 112
152 24
152 120
152 25
152 156
152 94
152 31
153 187
153 196
153 38
153 167
153 108
153 170
153 55
153 204
153 46
153 47
153 144
153 59
153 146
153 52
153 158
153 151
153 155
153 156
153 60
153 215
153 159
154 98
154 99
154 166
154 71
154 189
154 16
154 3
154 20
154 156
154 157
155 128
155 130
155 133
155 6
155 140
155 142
155 143
155 144
155 146
155 147
155 149
155 151
155 153
155 47
155 156
155 157
155 158
155 5
155 160
155 162
155 163
155 166
155 167
155 168
155 41
155 171
155 174
155 175
155 48
155 177
155 159
155 188
155 63
155 192
155 194
155 201
155 75
155 79
155 211
155 213
155 91
155 94
155 95
155 107
155 169
155 126
155 127
156 1
156 144
156 17
156 146
156 147
156 151
156 152
156 153
156 154
156 155
156 157
156 158
156 159
156 38
156 31
156 170
156 171
156 46
156 59
156 63
156 194
156 199
156 201
156 210
156 211
156 212
156 98
156 99
156 18
156 112
156 187
156 126
157 136
157 143
157 144
157 145
157 146
157 149
157 154
157 155
157 156
157 158
157 159
157 169
157 48
157 177
157 51
157 54
157 63
157 192
157 74
157 75
157 211
157 88
157 90
157 91
157 92
157 94
157 105
157 114
157 116
157 191
158 129
158 6
158 137
158 140
158 143
158 144
158 146
158 147
158 151
158 153
158 155
158 156
158 157
158 159
158 160
158 162
158 163
158 167
158 168
158 43
158 172
158 46
158 178
158 182
158 186
158 187
158 190
158 64
158 194
158 195
158 209
158 212
158 214
158 215
158 216
158 103
158 105
158 117
158 126
159 3
159 5
159 140
159 143
159 144
159 146
159 147
159 151
159 153
159 27
159 156
159 157
159 158
159 161
159 162
159 35
159 41
159 171
159 50
159 178
159 155
159 183
159 187
159 63
159 194
159 199
159 163
159 212
159 215
160 123
160 97
160 34
160 187
160 30
160 7
160 202
160 140
160 162
160 142
160 173
160 147
160 212
160 181
160 182
160 170
160 155
160 21
160 174
160 158
160 85
161 162
161 142
161 138
161 110
161 146
161 206
161 178
161 147
161 174
161 182
161 187
161 170
161 159
162 160
162 161
162 194
162 155
162 39
162 138
162 199
162 146
162 142
162 206
162 49
162 178
162 147
162 212
162 174
162 182
162 183
162 26
162 187
162 158
162 159
163 4
163 6
163 8
163 10
163 140
163 143
163 144
163 18
163 148
163 150
163 155
163 158
163 159
163 39
163 175
163 59
163 191
163 193
163 81
163 213
163 214
163 216
163 96
163 167
164 32
164 192
164 2
164 133
164 166
164 8
164 107
164 12
164 130
164 173
164 18
164 22
164 121
164 124
165 16
165 98
165 99
165 71
165 112
165 114
165 20
165 86
165 25
165 189
165 191
166 133
166 193
166 194
166 67
166 164
166 101
166 71
166 40
166 105
166 45
166 141
166 146
166 19
166 185
166 154
166 155
166 94
166 191
167 128
167 163
167 4
167 37
167 6
167 39
167 105
167 170
167 140
167 18
167 82
167 172
167 148
167 134
167 152
167 153
167 90
167 155
167 158
168 195
168 132
168 197
168 135
168 205
168 109
168 115
168 216
168 155
168 29
168 158
169 35
169 5
169 201
169 27
169 205
169 93
169 207
169 144
169 17
169 146
169 155
169 24
169 184
169 26
169 79
169 157
169 126
170 160
170 129
170 153
170 161
170 200
170 71
170 110
170 16
170 120
170 212
170 149
170 151
170 152
170 116
170 187
170 156
170 167
170 55
171 65
171 35
171 5
171 79
171 144
171 120
171 146
171 155
171 27
171 55
171 184
171 26
171 59
171 156
171 159
172 37
172 198
172 167
172 39
172 140
172 110
172 175
172 117
172 214
172 182
172 158
172 191
173 160
173 192
173 66
173 164
173 193
173 107
173 130
173 111
173 177
173 211
173 17
173 121
173 185
173 188
173 31
174 160
174 161
174 162
174 155
174 199
174 138
174 142
174 49
174 178
174 147
174 212
174 182
174 187
175 128
175 129
175 130
175 163
175 198
175 200
175 108
175 203
175 140
175 46
175 172
175 204
175 151
175 155
175 60
175 190
176 194
176 196
176 197
176 201
176 206
176 210
176 211
176 184
176 186
177 192
177 130
177 124
177 74
177 173
177 111
177 211
177 121
177 185
177 155
177 188
177 157
178 161
178 162
178 102
178 199
178 138
178 205
178 142
178 174
178 49
178 147
178 212
178 206
178 182
178 183
178 216
178 187
178 158
178 159
179 195
179 197
179 135
179 103
179 76
179 207
179 115
179 21
179 187
179 125
179 85
180 1
180 68
180 70
180 33
180 72
180 11
180 17
180 57
180 4
180 71
181 160
181 97
181 34
181 197
181 7
181 202
181 78
181 21
181 123
181 30
182 142
182 147
182 23
182 28
182 30
182 160
182 161
182 162
182 172
182 174
182 178
182 158
182 183
182 187
182 190
182 194
182 197
182 209
182 212
182 216
182 97
182 110
182 120
182 123
183 162
183 195
183 197
183 199
183 201
183 138
183 142
183 144
183 178
183 147
183 212
183 182
183 187
183 159
184 35
184 196
184 5
184 199
184 169
184 171
184 205
184 93
184 176
184 113
184 210
184 211
184 201
184 186
184 27
184 26
184 191
185 32
185 166
185 107
185 173
185 177
185 121
185 188
186 192
186 131
186 196
186 197
186 199
186 41
186 176
186 210
186 211
186 213
186 201
186 184
186 27
186 158
187 138
187 142
187 143
187 147
187 153
187 156
187 158
187 159
187 160
187 161
187 162
187 39
187 42
187 199
187 174
187 49
187 178
187 179
187 30
187 54
187 183
187 95
187 117
187 61
187 62
187 191
187 194
187 196
187 197
187 71
187 201
187 202
187 203
187 76
187 206
187 211
187 212
187 85
187 214
187 215
187 216
187 182
187 97
187 103
187 110
187 125
187 190
187 122
187 170
188 192
188 130
188 196
188 145
188 107
188 173
188 177
188 18
188 185
188 155
189 98
189 99
189 100
189 165
189 71
189 139
189 16
189 113
189 3
189 154
190 129
190 7
190 147
190 151
190 158
190 38
190 135
190 175
190 182
190 187
190 60
190 61
190 195
190 196
190 197
190 199
190 200
190 210
190 212
190 216
190 108
190 125
191 4
191 136
191 140
191 15
191 16
191 148
191 28
191 157
191 163
191 165
191 166
191 172
191 48
191 54
191 55
191 184
191 187
191 196
191 199
191 203
191 208
191 81
191 211
191 86
191 90
191 91
192 130
192 164
192 133
192 145
192 31
192 74
192 107
192 12
192 173
192 111
192 177
192 211
192 121
192 186
192 155
192 188
192 157
192 5
193 163
193 132
193 166
193 40
193 173
193 22
193 88
194 129
194 138
194 142
194 147
194 151
194 152
194 155
194 28
194 158
194 159
194 162
194 166
194 156
194 71
194 46
194 176
194 182
194 187
194 196
194 199
194 200
194 201
194 203
194 204
194 209
194 210
194 215
194 110
194 120
194 125
194 126
194 127
195 69
195 135
195 168
195 30
195 43
195 208
195 179
195 158
195 23
195 59
195 183
195 190
196 6
196 135
196 151
196 153
196 33
196 38
196 176
196 54
196 184
196 186
196 187
196 188
196 190
196 191
196 194
196 199
196 200
196 204
196 207
196 208
196 210
196 211
196 215
196 216
196 60
196 25
197 176
197 115
197 179
197 102
197 135
197 168
197 42
197 46
197 207
197 208
197 209
197 147
197 212
197 21
197 182
197 183
197 186
197 187
197 202
197 190
197 181
198 128
198 129
198 130
198 75
198 8
198 172
198 203
198 204
198 175
198 200
199 5
199 21
199 26
199 156
199 159
199 34
199 174
199 178
199 183
199 184
199 186
199 187
199 190
199 191
199 194
199 196
199 201
199 204
199 162
199 205
199 210
199 211
199 212
199 215
199 216
199 207
200 129
200 194
200 67
200 196
200 198
200 6
200 108
200 170
200 203
200 204
200 110
200 175
200 94
200 151
200 38
200 190
201 32
201 130
201 187
201 147
201 199
201 169
201 183
201 194
201 205
201 176
201 184
201 210
201 211
201 212
201 27
201 215
201 216
201 186
201 155
201 156
202 160
202 97
202 34
202 187
202 197
202 7
202 27
202 21
202 123
202 30
202 181
203 149
203 129
203 194
203 91
203 118
203 198
203 200
203 204
203 175
203 82
203 213
203 86
203 187
203 133
203 191
204 194
204 196
204 198
204 199
204 200
204 203
204 125
204 175
204 87
204 153
204 61
204 95
205 34
205 5
205 199
205 168
205 169
205 135
205 207
205 16
205 184
205 178
205 115
205 21
205 201
205 216
206 64
206 97
206 162
206 102
206 103
206 137
206 135
206 76
206 161
206 80
206 209
206 178
206 212
206 176
206 187
206 216
206 126
207 115
207 196
207 197
207 199
207 169
207 135
207 109
207 205
207 114
207 179
207 86
208 64
208 129
208 195
208 36
208 197
208 103
208 136
208 108
208 191
208 16
208 212
208 54
208 196
208 123
208 69
209 64
209 51
209 194
209 197
209 102
209 135
209 137
209 43
209 76
209 206
209 80
209 50
209 147
209 158
209 182
209 216
209 62
209 127
209 125
209 126
209 117
210 194
210 196
210 199
210 201
210 126
210 14
210 176
210 211
210 147
210 215
210 184
210 186
210 156
210 190
211 15
211 144
211 145
211 146
211 148
211 155
211 156
211 157
211 48
211 40
211 173
211 176
211 177
211 55
211 184
211 186
211 187
211 191
211 192
211 196
211 199
211 201
211 210
211 91
211 107
211 63
212 138
212 142
212 147
212 156
212 158
212 159
212 160
212 162
212 170
212 71
212 174
212 49
212 178
212 182
212 183
212 187
212 190
212 197
212 199
212 201
212 206
212 208
212 216
212 123
213 2
213 133
213 18
213 149
213 155
213 86
213 5
213 163
213 38
213 41
213 44
213 54
213 186
213 75
213 74
213 203
213 76
213 81
213 214
213 217
213 91
213 101
213 124
214 129
214 6
214 140
214 148
214 149
214 158
214 163
214 37
214 41
214 172
214 47
214 48
214 187
214 80
214 213
214 216
214 91
214 92
214 94
214 101
214 104
214 110
214 126
215 194
215 196
215 199
215 201
215 127
215 44
215 110
215 81
215 210
215 46
215 151
215 153
215 187
215 60
215 158
215 159
216 138
216 142
216 16
216 151
216 24
216 158
216 163
216 39
216 168
216 178
216 182
216 187
216 190
216 196
216 199
216 201
216 205
216 206
216 209
216 212
216 214
216 93
216 103
216 126
217 58
217 101
217 86
217 213
