1 8
1 78
1 87
1 89
1 58
1 219
1 218
2 99
2 89
2 11
2 97
2 55
3 33
3 35
3 37
3 9
3 44
3 14
3 16
3 51
3 20
3 46
3 69
3 60
3 29
3 62
3 31
4 33
4 38
4 102
4 71
4 105
4 106
4 7
4 93
5 65
5 98
5 67
5 10
5 12
5 15
5 52
5 56
5 60
5 61
6 98
6 43
6 93
6 56
6 29
6 31
7 4
7 38
7 105
7 106
7 80
7 23
7 91
7 93
8 1
8 36
8 97
8 83
8 55
8 220
8 30
8 63
9 97
9 3
9 42
9 51
9 21
9 22
9 23
9 29
10 5
10 79
10 88
10 221
10 85
10 56
10 61
10 222
10 21
11 97
11 2
11 36
11 49
11 104
11 92
11 76
11 17
11 83
11 55
11 89
11 26
11 28
11 58
12 101
12 41
12 42
12 105
12 31
12 60
12 5
13 82
13 20
13 37
13 103
14 57
14 3
14 29
14 223
14 87
15 224
15 5
15 54
15 29
16 97
16 3
16 29
16 37
17 48
17 89
17 11
17 36
17 99
18 104
18 79
18 49
18 82
18 83
18 92
19 41
19 95
19 36
19 78
19 52
20 35
20 37
20 13
20 46
20 47
20 82
20 3
20 88
20 29
20 94
21 224
21 9
21 10
21 77
21 52
21 23
21 42
22 34
22 9
22 55
22 66
22 78
22 77
22 51
22 54
22 23
22 24
22 89
23 54
23 7
23 9
23 44
23 77
23 51
23 21
23 22
23 90
23 27
23 86
24 22
24 93
24 94
24 29
25 26
25 102
25 66
25 54
25 29
26 32
26 42
26 11
26 76
26 45
26 25
27 225
27 100
27 76
27 77
27 78
27 49
27 30
27 23
27 91
27 62
28 97
28 66
28 36
28 11
28 226
28 48
28 49
28 55
28 89
28 221
28 94
29 3
29 6
29 9
29 14
29 15
29 16
29 20
29 24
29 25
29 31
29 32
29 33
29 36
29 37
29 39
29 41
29 46
29 56
29 57
29 75
29 79
29 80
29 93
29 97
29 98
29 99
30 97
30 99
30 102
30 8
30 89
30 27
31 33
31 3
31 69
31 6
31 39
31 12
31 44
31 79
31 35
31 54
31 56
31 57
31 29
31 51
32 220
32 26
32 108
32 29
32 55
33 3
33 4
33 69
33 29
33 35
33 87
33 93
33 31
34 65
34 97
34 102
34 71
34 73
34 22
34 105
34 92
35 224
35 33
35 3
35 44
35 45
35 46
35 51
35 20
35 31
36 19
36 97
36 11
36 8
36 41
36 107
36 76
36 28
36 29
36 80
36 17
36 99
36 53
36 92
36 93
36 94
36 95
37 3
37 43
37 13
37 46
37 16
37 20
37 52
37 29
37 62
38 105
38 106
38 4
38 7
39 41
39 29
39 31
40 96
40 99
40 44
40 46
40 81
40 51
40 86
40 90
41 36
41 39
41 72
41 75
41 12
41 46
41 29
41 80
41 19
41 55
41 93
41 95
42 100
42 101
42 9
42 12
42 45
42 21
42 87
42 57
42 26
43 96
43 98
43 67
43 37
43 6
43 72
43 46
43 81
43 102
43 69
44 3
44 99
44 40
44 35
44 54
44 23
44 94
44 31
45 35
45 100
45 101
45 42
45 49
45 84
45 26
45 59
45 60
45 95
46 64
46 35
46 100
46 37
46 40
46 41
46 43
46 47
46 81
46 82
46 3
46 20
46 85
46 87
46 57
46 90
46 220
46 29
47 100
47 107
47 46
47 82
47 20
47 58
47 91
47 92
48 96
48 99
48 28
48 78
48 17
48 50
48 55
48 58
48 220
49 11
49 45
49 18
49 54
49 56
49 27
49 28
50 96
50 78
50 79
50 48
50 83
50 220
50 94
51 224
51 65
51 3
51 22
51 35
51 40
51 9
51 99
51 86
51 23
51 31
52 65
52 98
52 99
52 37
52 97
52 81
52 19
52 21
52 61
52 5
53 96
53 97
53 36
53 101
53 107
53 108
53 83
53 55
54 44
54 15
54 222
54 49
54 25
54 62
54 22
54 23
54 56
54 88
54 93
54 94
54 31
55 32
55 64
55 2
55 11
55 8
55 41
55 107
55 108
55 66
55 48
55 104
55 53
55 22
55 91
55 28
56 68
56 5
56 6
56 72
56 73
56 10
56 29
56 49
56 82
56 54
56 90
56 93
56 31
57 98
57 73
57 74
57 29
57 46
57 61
57 14
57 42
57 31
58 1
58 97
58 71
58 11
58 108
58 47
58 48
58 83
58 220
59 64
59 100
59 45
59 69
60 3
60 68
60 5
60 12
60 45
60 81
60 84
60 101
61 67
61 5
61 10
61 79
61 81
61 83
61 52
61 57
61 218
62 3
62 37
62 91
62 54
62 90
62 27
62 101
63 8
63 220
63 103
64 59
64 99
64 69
64 46
64 55
65 34
65 5
65 102
65 51
65 52
65 87
65 218
65 101
65 69
66 22
66 55
66 25
66 91
66 28
66 94
67 98
67 5
67 43
67 83
67 87
67 218
67 92
67 61
68 56
68 88
68 103
68 60
68 87
69 64
69 33
69 3
69 101
69 102
69 65
69 43
69 59
69 31
70 96
70 105
70 92
70 93
71 105
71 34
71 107
71 4
71 58
72 56
72 41
72 43
72 100
73 56
73 57
73 34
74 88
74 57
75 41
75 29
75 93
76 11
76 89
76 26
76 27
76 36
77 27
77 21
77 22
77 23
78 1
78 48
78 50
78 19
78 22
78 27
78 220
78 95
79 10
79 18
79 29
79 81
79 50
79 61
79 31
80 36
80 7
80 41
80 93
80 105
80 29
81 99
81 40
81 43
81 46
81 79
81 52
81 60
81 61
82 13
82 46
82 47
82 18
82 20
82 56
83 67
83 8
83 105
83 11
83 18
83 104
83 50
83 53
83 58
83 92
83 61
84 101
84 103
84 60
84 45
84 95
85 10
85 46
85 222
85 87
86 40
86 97
86 51
86 92
86 23
87 1
87 67
87 68
87 33
87 65
87 42
87 46
87 14
87 89
87 218
87 85
87 101
88 68
88 10
88 93
88 20
88 54
88 74
88 95
89 1
89 2
89 108
89 11
89 76
89 28
89 17
89 22
89 87
89 218
89 91
89 92
89 30
90 40
90 56
90 46
90 62
90 23
91 66
91 103
91 7
91 47
91 55
91 89
91 27
91 92
91 62
92 96
92 34
92 67
92 36
92 70
92 11
92 47
92 18
92 99
92 86
92 89
92 83
92 100
92 91
92 95
93 33
93 98
93 75
93 4
93 70
93 6
93 7
93 41
93 107
93 80
93 24
93 54
93 105
93 56
93 36
93 29
93 88
94 66
94 99
94 36
94 102
94 44
94 50
94 20
94 54
94 24
94 28
95 99
95 36
95 41
95 45
95 78
95 19
95 84
95 88
95 92
96 70
96 40
96 105
96 43
96 108
96 48
96 50
96 53
96 92
97 2
97 99
97 36
97 8
97 9
97 11
97 34
97 16
97 52
97 53
97 86
97 100
97 58
97 28
97 29
97 30
98 67
98 5
98 6
98 43
98 29
98 52
98 57
98 93
99 64
99 97
99 2
99 36
99 17
99 40
99 44
99 48
99 81
99 51
99 52
99 30
99 92
99 29
99 94
99 95
100 97
100 59
100 101
100 72
100 42
100 45
100 46
100 47
100 27
100 92
100 223
101 65
101 100
101 69
101 42
101 12
101 45
101 84
101 53
101 87
101 60
101 62
102 65
102 34
102 4
102 69
102 43
102 226
102 30
102 25
102 94
103 225
103 68
103 108
103 13
103 84
103 91
103 220
103 63
104 11
104 18
104 83
104 55
105 96
105 34
105 4
105 38
105 70
105 7
105 106
105 71
105 12
105 80
105 83
105 93
106 105
106 4
106 38
106 7
107 36
107 71
107 47
107 53
107 55
107 219
107 93
108 32
108 96
108 103
108 53
108 55
108 89
108 58
109 227
109 132
109 111
109 118
109 119
109 126
110 112
110 114
110 228
110 133
110 118
111 228
111 133
111 136
111 138
111 140
111 109
111 113
111 114
112 114
112 228
112 133
112 110
113 128
113 129
113 130
113 131
113 132
113 134
113 136
113 137
113 138
113 140
113 141
113 143
113 144
113 145
113 150
113 152
113 111
113 114
113 116
113 117
113 118
113 119
113 121
113 122
113 123
113 124
113 126
113 127
114 130
114 132
114 137
114 143
114 110
114 111
114 112
114 113
114 123
115 132
115 116
115 119
116 128
116 132
116 133
116 135
116 142
116 113
116 115
116 118
116 228
117 131
117 134
117 135
117 141
117 113
117 120
118 132
118 137
118 109
118 110
118 143
118 113
118 116
119 227
119 228
119 109
119 113
119 115
119 149
119 123
120 131
120 132
120 117
120 135
121 229
121 134
121 136
121 143
121 113
121 149
121 151
121 122
122 132
122 141
122 113
122 121
122 124
122 125
122 127
123 132
123 143
123 144
123 113
123 114
123 119
124 128
124 136
124 139
124 140
124 113
124 147
124 122
125 144
125 122
125 139
125 229
125 230
126 129
126 132
126 138
126 141
126 109
126 144
126 113
126 146
127 113
127 139
127 141
127 145
127 150
127 122
128 136
128 140
128 144
128 113
128 116
128 124
129 113
129 148
129 132
129 126
130 131
130 136
130 142
130 143
130 113
130 114
130 149
131 130
131 134
131 135
131 143
131 113
131 117
131 150
131 120
131 149
132 129
132 133
132 135
132 136
132 137
132 138
132 140
132 141
132 143
132 147
132 152
132 228
132 109
132 113
132 114
132 115
132 116
132 118
132 120
132 122
132 123
132 126
133 132
133 110
133 111
133 112
133 116
133 228
134 131
134 135
134 136
134 138
134 144
134 113
134 117
134 121
135 131
135 132
135 134
135 136
135 138
135 140
135 116
135 117
135 120
136 128
136 130
136 132
136 134
136 135
136 138
136 139
136 111
136 144
136 113
136 146
136 147
136 148
136 150
136 151
136 121
136 143
136 124
137 132
137 113
137 114
137 149
137 118
137 152
137 228
138 132
138 134
138 135
138 136
138 140
138 111
138 145
138 113
138 143
138 126
139 230
139 136
139 142
139 144
139 146
139 124
139 125
139 127
140 128
140 132
140 135
140 138
140 111
140 113
140 124
141 132
141 229
141 113
141 142
141 145
141 149
141 122
141 127
141 126
141 117
142 152
142 130
142 139
142 116
142 141
143 130
143 131
143 132
143 118
143 136
143 138
143 113
143 114
143 147
143 150
143 121
143 123
144 128
144 230
144 134
144 136
144 139
144 113
144 150
144 123
144 125
144 126
145 229
145 138
145 141
145 113
145 152
145 127
146 136
146 139
146 126
147 136
147 124
147 143
147 132
147 151
148 136
148 129
148 152
149 130
149 131
149 137
149 141
149 119
149 121
150 131
150 136
150 143
150 144
150 113
150 127
151 136
151 121
151 147
152 132
152 113
152 137
152 142
152 145
152 148
152 228
153 160
153 161
153 162
153 165
153 167
153 174
153 184
154 160
154 177
154 231
154 157
154 167
155 160
155 232
155 171
155 180
156 233
156 170
156 235
156 172
156 173
156 178
156 234
157 164
157 167
157 170
157 236
157 177
157 154
158 160
158 163
158 165
158 166
158 170
158 235
158 236
158 237
158 176
158 179
158 185
159 161
159 167
159 231
159 175
159 176
159 179
159 186
160 161
160 164
160 167
160 176
160 183
160 153
160 154
160 155
160 158
161 160
161 169
161 171
161 173
161 175
161 176
161 179
161 182
161 153
161 159
162 184
162 153
162 165
162 174
162 175
163 176
163 233
163 158
163 182
164 160
164 176
164 157
164 177
164 175
165 162
165 166
165 168
165 233
165 234
165 235
165 173
165 183
165 184
165 153
165 158
166 165
166 168
166 236
166 234
166 172
166 173
166 237
166 178
166 158
167 160
167 174
167 175
167 176
167 157
167 153
167 186
167 154
167 159
168 165
168 166
168 236
168 170
168 235
168 172
168 173
168 237
168 179
169 176
169 161
169 171
169 179
169 175
170 168
170 172
170 236
170 237
170 178
170 183
170 156
170 157
170 158
171 161
171 169
171 234
171 175
171 176
171 182
171 155
172 166
172 168
172 170
172 237
172 178
172 183
172 156
172 234
173 161
173 165
173 166
173 168
173 233
173 236
173 237
173 178
173 183
173 156
174 153
174 162
174 179
174 182
174 167
175 161
175 162
175 164
175 167
175 169
175 171
175 237
175 176
175 181
175 233
175 184
175 159
175 231
176 160
176 161
176 163
176 164
176 167
176 169
176 171
176 175
176 179
176 181
176 182
176 233
176 186
176 158
176 159
177 164
177 231
177 178
177 179
177 154
177 157
178 166
178 233
178 170
178 172
178 173
178 237
178 177
178 179
178 156
179 161
179 168
179 169
179 174
179 176
179 177
179 178
179 181
179 158
179 159
180 232
180 155
181 176
181 179
181 175
182 161
182 163
182 233
182 171
182 174
182 176
182 186
183 160
183 170
183 172
183 165
183 173
184 153
184 162
184 165
184 234
184 175
185 158
185 231
186 176
186 233
186 159
186 182
186 167
187 192
187 238
187 209
187 206
187 216
187 191
188 192
188 216
188 212
188 197
188 206
189 192
189 193
189 199
189 200
189 201
189 205
189 207
189 208
189 209
189 239
190 206
190 207
190 208
190 209
190 210
190 212
190 216
190 191
191 192
191 193
191 194
191 200
191 201
191 204
191 206
191 207
191 208
191 209
191 212
191 214
191 187
191 190
192 193
192 199
192 200
192 201
192 206
192 207
192 208
192 209
192 214
192 216
192 187
192 188
192 189
192 191
193 192
193 197
193 205
193 207
193 208
193 210
193 217
193 189
193 191
194 200
194 206
194 210
194 212
194 214
194 191
195 216
195 212
195 204
195 215
196 204
196 206
196 207
196 212
196 213
196 214
196 216
196 217
197 193
197 198
197 199
197 202
197 204
197 240
197 216
197 188
198 240
198 204
198 197
198 215
199 192
199 197
199 239
199 208
199 216
199 189
200 192
200 194
200 201
200 205
200 206
200 207
200 208
200 209
200 212
200 189
200 191
201 192
201 200
201 206
201 207
201 208
201 212
201 189
201 191
202 240
202 204
202 197
202 215
203 240
203 215
204 195
204 196
204 197
204 198
204 202
204 240
204 214
204 215
204 217
204 191
205 193
205 200
205 206
205 207
205 208
205 210
205 211
205 213
205 217
205 189
206 192
206 194
206 196
206 200
206 201
206 205
206 207
206 208
206 209
206 212
206 187
206 188
206 190
206 191
207 192
207 193
207 196
207 200
207 201
207 205
207 206
207 208
207 210
207 212
207 214
207 215
207 189
207 190
207 191
208 192
208 193
208 199
208 200
208 201
208 205
208 206
208 207
208 210
208 189
208 190
208 191
209 192
209 200
209 206
209 211
209 212
209 213
209 215
209 187
209 189
209 190
209 191
210 193
210 194
210 205
210 207
210 208
210 190
211 216
211 209
211 217
211 213
211 205
212 194
212 195
212 196
212 200
212 201
212 206
212 207
212 209
212 217
212 188
212 190
212 191
213 216
213 209
213 211
213 196
213 205
214 192
214 194
214 196
214 204
214 207
214 241
214 216
214 191
215 195
215 198
215 202
215 203
215 204
215 207
215 240
215 209
216 192
216 195
216 196
216 197
216 199
216 211
216 213
216 214
216 217
216 187
216 188
216 190
217 193
217 196
217 204
217 205
217 241
217 211
217 212
217 216
218 1
218 67
218 65
218 87
218 89
218 61
219 1
219 107
220 32
220 103
220 8
220 46
220 48
220 50
220 78
220 58
220 63
221 10
221 28
222 10
222 85
222 54
223 100
223 14
224 35
224 51
224 21
224 15
225 27
225 103
226 28
226 102
227 109
227 119
228 132
228 133
228 137
228 110
228 111
228 112
228 116
228 119
228 152
229 141
229 145
229 125
229 121
230 144
230 139
230 125
231 177
231 154
231 159
231 185
231 175
232 155
232 180
233 163
233 165
233 173
233 175
233 176
233 178
233 182
233 186
233 156
234 165
234 166
234 171
234 172
234 184
234 156
235 168
235 156
235 165
235 158
236 166
236 168
236 170
236 173
236 157
236 158
237 166
237 168
237 170
237 172
237 173
237 175
237 178
237 158
238 187
239 189
239 199
240 197
240 198
240 202
240 203
240 204
240 215
241 217
241 214
