2 28
3 165
3 101
3 55
4 96
4 44
4 207
5 210
9 33
9 74
11 130
16 128
17 157
18 111
19 221
22 205
23 67
24 82
24 206
26 168
28 65
30 33
30 233
33 132
37 73
44 233
45 99
48 110
51 68
51 189
52 141
54 146
54 75
55 128
56 217
56 109
57 161
58 82
58 222
60 203
62 145
65 104
66 139
68 76
70 153
71 152
71 217
72 139
72 206
73 171
73 116
76 221
78 105
78 237
83 170
84 205
84 198
85 210
85 123
87 131
87 102
88 162
92 205
94 162
96 239
102 107
105 200
106 168
108 223
109 160
112 241
112 203
113 239
116 123
123 145
128 164
135 162
135 173
138 220
140 196
141 235
141 143
142 175
143 163
146 164
155 214
155 166
174 185
177 217
200 204
205 209
219 238
