1 89
3 46
4 71
5 52
6 43
10 221
10 222
10 21
11 97
13 103
14 57
18 92
21 52
21 77
22 51
28 97
29 79
29 93
29 39
32 220
40 90
40 86
41 80
41 95
41 55
45 60
46 82
46 100
47 107
48 58
49 56
50 78
52 65
55 107
58 108
60 101
61 67
62 91
62 101
66 91
66 94
67 87
69 101
83 92
84 101
88 93
89 92
91 92
92 99
109 227
109 132
111 136
113 128
114 143
118 132
121 136
122 127
123 132
126 132
131 149
134 138
134 135
139 144
141 145
142 152
155 160
156 173
158 185
159 175
161 171
161 179
166 178
166 172
170 178
170 172
170 237
173 178
175 233
175 231
177 231
188 197
189 193
189 207
189 199
190 208
191 208
192 206
195 204
197 240
200 205
204 214
