1 1029
2 1029
3 1029
4 1029
5 1029
6 1029
7 1029
8 1030
9 1030
10 1030
11 1030
12 1030
13 1030
14 1030
15 1030
16 1030
17 1030
18 1031
19 1031
20 1031
21 1031
22 1031
23 1031
24 1031
25 1031
26 1031
27 1031
28 1032
29 1032
30 1032
31 1032
32 1032
33 1032
34 1032
35 1032
36 1032
37 1032
38 1033
39 1033
40 1033
41 1033
42 1033
43 1033
44 1033
45 1033
46 1033
47 1033
48 1034
49 1034
50 1034
51 1034
52 1034
53 1034
54 405
55 244
56 405
57 405
58 406
59 246
60 410
61 1035
62 751
63 933
64 1035
65 1035
66 991
67 472
68 934
69 254
70 254
71 1035
72 991
73 1035
74 264
75 268
76 270
77 436
78 248
79 473
80 265
81 441
82 1036
83 1036
84 447
85 432
86 267
87 450
88 278
89 453
90 433
91 434
92 451
93 934
94 1036
95 454
96 433
97 464
98 1036
99 250
100 251
101 242
102 643
103 255
104 1034
105 662
106 675
107 1034
108 255
109 884
110 1034
111 1035
112 676
113 691
114 1284
115 432
116 693
117 432
118 702
119 702
120 703
121 1036
122 923
123 923
124 436
125 747
126 202
127 805
128 751
129 255
130 1034
131 1035
132 1035
133 1036
134 1037
135 1037
136 1037
137 1037
138 1037
139 1037
140 1037
141 1037
142 1037
143 1037
144 1038
145 1038
146 1038
147 1038
148 1038
149 1038
150 1038
151 1038
152 1038
153 1038
154 1039
155 1039
156 1039
157 1039
158 1039
159 1039
160 1039
161 1039
162 1039
163 1039
164 1040
165 1040
166 1040
167 1040
168 1040
169 1040
170 1040
171 1040
172 1040
173 1040
174 1041
175 1041
176 1041
177 1041
178 1041
179 1041
180 1041
181 1041
182 1041
183 1041
184 1042
185 1042
186 1042
187 1042
188 1042
189 1042
190 1042
191 1042
192 1042
193 1042
194 1043
195 1043
196 1043
197 1043
198 1043
199 1043
200 1043
201 1043
202 1043
202 126
203 1043
204 1044
205 1044
206 1044
207 1044
208 1044
209 1044
210 1044
211 1044
212 1044
213 1044
214 1045
215 1045
216 1045
217 1045
218 1045
219 1045
220 1045
221 1045
222 1045
223 1045
224 1046
225 1046
226 1046
227 1046
228 1046
229 1046
230 1046
231 1046
232 1046
233 1046
234 1047
235 1047
236 1047
237 1047
238 1047
239 1047
240 1047
241 1047
242 101
242 1047
243 1047
244 1048
244 55
245 1048
246 1048
246 59
247 1048
248 1048
248 78
249 1048
250 1048
250 99
251 1048
251 100
252 1048
253 1048
254 1049
254 69
254 70
255 129
255 103
255 108
255 1049
256 1080
257 1081
258 1049
259 1049
260 1049
261 1049
262 1081
263 1049
264 1049
264 74
265 80
265 1049
266 1049
267 1050
267 86
268 75
268 1118
269 1050
270 1050
270 76
271 1050
272 1050
273 1050
274 1050
275 1050
276 1050
277 1050
278 88
278 1051
279 1051
280 1051
281 1051
282 1051
283 1051
284 1051
285 1051
286 1051
287 1051
288 1052
289 1052
290 1052
291 1052
292 1052
293 1052
294 1052
295 1052
296 1052
297 1052
298 1053
299 1053
300 1053
301 1053
302 1053
303 1053
304 1053
305 1053
306 1053
307 1053
308 1054
309 1054
310 1054
311 1054
312 1054
313 1054
314 1054
315 1054
316 1054
317 1054
318 1055
319 1055
320 1055
321 1055
322 1055
323 1055
324 1055
325 1055
326 1055
327 1055
328 1056
329 1056
330 1056
331 1056
332 1056
333 1056
334 1056
335 1056
336 1056
337 1056
338 1057
339 1057
340 1057
341 1057
342 1057
343 1057
344 1057
345 1057
346 1057
347 1057
348 1058
349 1058
350 1058
351 1058
352 1058
353 1058
354 1058
355 1058
356 1058
357 1058
358 1059
359 1059
360 1059
361 1059
362 1059
363 1059
364 1059
365 1059
366 1059
367 1059
368 1060
369 1060
370 1060
371 1060
372 1060
373 1060
374 1060
375 1060
376 1060
377 1060
378 1061
379 1061
380 1061
381 1061
382 1061
383 1061
384 1061
385 1061
386 1061
387 1061
388 1062
389 1062
390 1062
391 1062
392 1062
393 1062
394 1062
395 1062
396 1062
397 1062
398 1063
399 1063
400 1063
401 1063
402 1063
403 1063
404 1063
405 56
405 57
405 54
405 1063
406 58
406 1063
407 1063
408 1064
409 1064
410 1064
410 60
411 1064
412 1064
413 1064
414 1064
415 1064
416 1064
417 1064
418 1065
419 1065
420 1065
421 1065
422 1065
423 1065
424 1065
425 1065
426 1065
427 1065
428 1066
429 1066
430 1066
431 1066
432 1066
432 115
432 85
432 117
433 96
433 90
433 1066
434 1066
434 91
435 1066
436 1066
436 124
436 77
437 1066
438 1067
439 1067
440 1067
441 81
441 1067
442 1067
443 1067
444 1067
445 1067
446 1067
447 1067
447 84
448 1068
449 1068
450 1068
450 87
451 92
451 1068
452 1068
453 89
453 1068
454 1068
454 95
455 1068
456 1068
457 1068
458 1069
459 1069
460 1069
461 1069
462 1069
463 1069
464 97
464 1069
465 1069
466 1069
467 1069
468 1070
469 1070
470 1070
471 1070
472 67
472 1070
473 1070
473 79
474 1070
475 1070
476 1070
477 1070
478 1071
479 1071
480 1071
481 1071
482 1071
483 1071
484 1071
485 1071
486 1071
487 1071
488 1072
489 1072
490 1072
491 1072
492 1072
493 1072
494 1072
495 1072
496 1072
497 1072
498 1073
499 1073
500 1299
501 1300
502 1073
503 1073
504 1301
505 1073
506 1073
507 1073
508 1073
509 1073
510 1073
511 1074
512 1074
513 1074
514 1074
515 1074
516 1074
517 1074
518 1074
519 1074
520 1091
521 1092
522 1075
523 1075
524 1075
525 1075
526 1074
527 1091
528 1075
529 1075
530 1075
531 1075
532 1119
533 1119
534 1075
535 1076
536 1076
537 1076
538 1075
539 1119
540 1076
541 1076
542 1076
543 1076
544 1076
545 1076
546 1076
547 1077
548 1077
549 1077
550 1077
551 1077
552 1077
553 1077
554 1077
555 1077
556 1077
557 1078
558 1078
559 1078
560 1078
561 1078
562 1078
563 1078
564 1078
565 1078
566 1078
567 1079
568 1079
569 1079
570 1079
571 1079
572 1079
573 1079
574 1079
575 1079
576 1079
577 1080
578 1080
579 1080
580 1080
581 1080
582 1080
583 1028
584 1080
585 1080
586 1080
587 1081
588 1081
589 1081
590 1081
591 1081
592 1081
593 1081
594 1081
595 1082
596 1082
597 1082
598 1082
599 1082
600 1082
601 1082
602 1082
603 1082
604 1082
605 1083
606 1083
607 1083
608 1083
609 1083
610 1083
611 1083
612 1083
613 1083
614 1083
615 1084
616 1084
617 1084
618 1084
619 1084
620 1084
621 1084
622 1084
623 1084
624 1084
625 1085
626 1085
627 1085
628 1085
629 1085
630 1085
631 1085
632 1085
633 1085
634 1085
635 1086
636 1086
637 1086
638 1086
639 1086
640 1086
641 1086
642 1086
643 102
643 1086
644 1086
645 1087
646 1087
647 1087
648 1087
649 1087
650 1087
651 1087
652 1087
653 1087
654 1087
655 1088
656 1088
657 1088
658 1088
659 1088
660 1088
661 1088
662 1088
662 105
663 1088
664 1088
665 1089
666 1089
667 1089
668 1089
669 1089
670 1089
671 1089
672 1089
673 1089
674 1089
675 106
675 1090
676 112
676 1090
677 1090
678 1090
679 1090
680 1090
681 1090
682 1090
683 1090
684 1090
685 1091
686 1091
687 1091
688 1091
689 1091
690 1091
691 113
691 1119
692 1119
693 1091
693 116
694 1119
695 1092
696 1092
697 1091
698 1092
699 1092
700 1092
701 1092
702 1093
702 118
702 119
703 120
703 1302
704 1093
705 1303
706 1304
707 1093
708 1093
709 1093
710 1093
711 1093
712 1093
713 1119
714 1176
715 1093
716 1094
717 1094
718 1094
719 1093
720 1119
721 1094
722 1094
723 1094
724 1094
725 1094
726 1094
727 1094
728 1095
729 1176
730 1177
731 1095
732 1095
733 1095
734 1095
735 1095
736 1177
737 1095
738 1095
739 1095
740 1095
741 1096
742 909
743 1096
744 1096
745 1096
746 1096
747 1305
747 125
748 1027
749 1096
750 1177
751 128
751 1096
751 62
752 1096
753 1096
754 1096
755 1097
756 1097
757 1097
758 1097
759 1097
760 1097
761 1097
762 1097
763 1097
764 1097
765 1098
766 1098
767 1098
768 1098
769 1098
770 1098
771 1098
772 1098
773 1098
774 1098
775 934
776 1099
777 901
778 1306
779 1099
780 1099
781 1099
782 1099
783 1099
784 1099
785 1099
786 1099
787 1099
788 1100
789 1177
790 1177
791 1100
792 1100
793 1100
794 1177
795 1100
796 1100
797 1100
798 1100
799 1028
800 1177
801 1177
802 1307
803 1203
804 1100
805 1177
805 127
806 829
807 829
808 1101
809 1101
810 1092
811 1092
812 1308
813 1100
814 1101
815 1101
816 1092
817 1101
818 1230
819 1101
820 1177
821 1178
822 1101
823 1203
824 850
825 1101
826 1178
827 1101
828 1101
829 806
829 1102
829 807
830 1102
831 1102
832 1102
833 1102
834 1102
835 1102
836 1102
837 1102
838 1102
839 1103
840 1103
841 1103
842 1103
843 1103
844 1178
845 1178
846 1103
847 1178
848 1103
849 1104
850 824
850 1104
851 1103
852 1103
853 1103
854 1104
855 1104
856 1104
857 1104
858 1104
859 1105
860 1105
861 1105
862 1105
863 1105
864 1105
865 1105
866 1105
867 1105
868 1105
869 1106
870 1106
871 1106
872 1106
873 1106
874 1106
875 1106
876 1106
877 1106
878 1106
879 1107
880 1107
881 1107
882 1107
883 1107
884 1107
884 109
885 1107
886 1107
887 1107
888 1107
889 1108
890 1108
891 1108
892 1108
893 1108
894 1108
895 1108
896 1108
897 1108
898 1108
899 1109
900 1109
901 777
901 1109
902 1109
903 1109
904 1109
905 1109
906 1109
907 1109
908 1109
909 742
909 1110
910 1110
911 1110
912 1110
913 1110
914 1110
915 1110
916 1110
917 1110
918 1110
919 1111
920 1111
921 1111
922 1111
923 122
923 123
923 1111
924 1111
925 1111
926 1111
927 1111
928 1111
929 1112
930 1112
931 1112
932 1112
933 1112
933 63
934 1112
934 68
934 93
934 775
935 1112
936 1112
937 1112
938 1112
939 1113
940 1113
941 1113
942 1113
943 1113
944 1113
945 1113
946 1113
947 1113
948 1113
949 1114
950 1114
951 1114
952 1114
953 1114
954 1114
955 1114
956 1114
957 1114
958 1114
959 1115
960 1115
961 1115
962 1104
963 1104
964 1104
965 1309
966 1310
967 1178
968 1178
969 1115
970 1115
971 1115
972 1178
973 1115
974 978
975 1115
976 978
977 1234
978 976
978 979
978 974
979 978
979 1311
980 1312
981 1313
982 1115
983 1072
984 1028
985 1116
986 1314
987 1315
988 1116
989 1116
990 1116
991 72
991 66
991 1116
992 1116
993 1116
994 1116
995 1116
996 1117
997 1117
998 1117
999 1117
1000 1117
1001 1117
1002 1117
1003 1117
1004 1117
1005 1117
1006 1118
1007 1118
1008 1118
1009 1118
1010 1118
1011 1118
1012 1118
1013 1118
1014 1118
1015 1178
1016 1179
1017 1179
1018 1179
1019 1120
1020 1119
1021 1178
1022 1119
1023 1179
1024 1120
1025 1120
1026 1120
1027 1120
1027 748
1028 984
1028 1120
1028 583
1028 799
1029 1120
1029 1
1029 2
1029 3
1029 4
1029 5
1029 6
1029 7
1030 1120
1030 8
1030 9
1030 10
1030 11
1030 12
1030 13
1030 14
1030 15
1030 16
1030 17
1031 1120
1031 18
1031 19
1031 20
1031 21
1031 22
1031 23
1031 24
1031 25
1031 26
1031 27
1032 32
1032 33
1032 34
1032 35
1032 36
1032 37
1032 1120
1032 28
1032 29
1032 30
1032 31
1033 1121
1033 38
1033 39
1033 40
1033 41
1033 42
1033 43
1033 44
1033 45
1033 46
1033 47
1034 1121
1034 130
1034 104
1034 107
1034 110
1034 48
1034 49
1034 50
1034 51
1034 52
1034 53
1035 64
1035 65
1035 131
1035 132
1035 1121
1035 71
1035 73
1035 111
1035 61
1036 1121
1036 98
1036 133
1036 82
1036 83
1036 121
1036 94
1037 1121
1037 134
1037 135
1037 136
1037 137
1037 138
1037 139
1037 140
1037 141
1037 142
1037 143
1038 1121
1038 144
1038 145
1038 146
1038 147
1038 148
1038 149
1038 150
1038 151
1038 152
1038 153
1039 160
1039 161
1039 162
1039 163
1039 1121
1039 154
1039 155
1039 156
1039 157
1039 158
1039 159
1040 1121
1040 164
1040 165
1040 166
1040 167
1040 168
1040 169
1040 170
1040 171
1040 172
1040 173
1041 1121
1041 174
1041 175
1041 176
1041 177
1041 178
1041 179
1041 180
1041 181
1041 182
1041 183
1042 192
1042 193
1042 1121
1042 184
1042 185
1042 186
1042 187
1042 188
1042 189
1042 190
1042 191
1043 194
1043 195
1043 196
1043 197
1043 198
1043 199
1043 200
1043 201
1043 202
1043 203
1043 1122
1044 1122
1044 204
1044 205
1044 206
1044 207
1044 208
1044 209
1044 210
1044 211
1044 212
1044 213
1045 1122
1045 214
1045 215
1045 216
1045 217
1045 218
1045 219
1045 220
1045 221
1045 222
1045 223
1046 224
1046 225
1046 226
1046 227
1046 228
1046 229
1046 230
1046 231
1046 232
1046 233
1046 1122
1047 1122
1047 234
1047 235
1047 236
1047 237
1047 238
1047 239
1047 240
1047 241
1047 242
1047 243
1048 251
1048 244
1048 245
1048 246
1048 247
1048 248
1048 249
1048 250
1048 1179
1048 252
1048 253
1049 258
1049 259
1049 260
1049 261
1049 263
1049 264
1049 265
1049 266
1049 1179
1049 254
1049 255
1050 267
1050 269
1050 270
1050 271
1050 272
1050 273
1050 274
1050 275
1050 276
1050 277
1050 1179
1051 283
1051 278
1051 279
1051 280
1051 281
1051 282
1051 1179
1051 284
1051 285
1051 286
1051 287
1052 288
1052 289
1052 290
1052 291
1052 292
1052 293
1052 294
1052 295
1052 296
1052 297
1052 1180
1053 298
1053 299
1053 300
1053 301
1053 302
1053 303
1053 304
1053 305
1053 306
1053 307
1053 1180
1054 1122
1054 308
1054 309
1054 310
1054 311
1054 312
1054 313
1054 314
1054 315
1054 316
1054 317
1055 320
1055 321
1055 322
1055 323
1055 324
1055 325
1055 326
1055 327
1055 1179
1055 318
1055 319
1056 1122
1056 328
1056 329
1056 330
1056 331
1056 332
1056 333
1056 334
1056 335
1056 336
1056 337
1057 347
1057 338
1057 339
1057 340
1057 341
1057 342
1057 343
1057 344
1057 345
1057 346
1057 1179
1058 352
1058 353
1058 354
1058 355
1058 356
1058 357
1058 1122
1058 348
1058 349
1058 350
1058 351
1059 358
1059 359
1059 360
1059 361
1059 362
1059 363
1059 364
1059 365
1059 366
1059 367
1059 1180
1060 368
1060 369
1060 370
1060 371
1060 372
1060 373
1060 374
1060 375
1060 376
1060 377
1060 1180
1061 384
1061 385
1061 386
1061 387
1061 380
1061 378
1061 379
1061 1180
1061 381
1061 382
1061 383
1062 388
1062 389
1062 390
1062 391
1062 392
1062 393
1062 394
1062 395
1062 396
1062 397
1062 1180
1063 398
1063 399
1063 400
1063 401
1063 402
1063 403
1063 404
1063 405
1063 406
1063 407
1063 1180
1064 416
1064 417
1064 412
1064 408
1064 409
1064 410
1064 411
1064 1180
1064 413
1064 414
1064 415
1065 418
1065 419
1065 420
1065 421
1065 422
1065 423
1065 424
1065 425
1065 426
1065 427
1065 1181
1066 1122
1066 428
1066 429
1066 430
1066 431
1066 432
1066 433
1066 434
1066 435
1066 436
1066 437
1067 444
1067 438
1067 439
1067 440
1067 441
1067 442
1067 443
1067 1180
1067 445
1067 446
1067 447
1068 448
1068 449
1068 450
1068 451
1068 452
1068 453
1068 454
1068 455
1068 456
1068 457
1068 1122
1069 458
1069 459
1069 460
1069 461
1069 462
1069 463
1069 464
1069 465
1069 466
1069 467
1069 1180
1070 1123
1070 468
1070 469
1070 470
1070 471
1070 472
1070 473
1070 474
1070 475
1070 476
1070 477
1071 480
1071 481
1071 482
1071 483
1071 484
1071 485
1071 486
1071 487
1071 1181
1071 478
1071 479
1072 1316
1072 488
1072 489
1072 490
1072 491
1072 492
1072 493
1072 494
1072 495
1072 496
1072 497
1072 983
1073 1123
1073 498
1073 499
1073 502
1073 503
1073 505
1073 506
1073 507
1073 508
1073 509
1073 510
1074 512
1074 513
1074 514
1074 515
1074 516
1074 517
1074 518
1074 519
1074 526
1074 1123
1074 511
1075 1123
1075 522
1075 523
1075 524
1075 525
1075 528
1075 529
1075 530
1075 531
1075 534
1075 538
1076 544
1076 545
1076 546
1076 1317
1076 535
1076 536
1076 537
1076 540
1076 541
1076 542
1076 543
1077 547
1077 548
1077 549
1077 550
1077 551
1077 552
1077 553
1077 554
1077 555
1077 556
1077 1317
1078 1123
1078 557
1078 558
1078 559
1078 560
1078 561
1078 562
1078 563
1078 564
1078 565
1078 566
1079 576
1079 1123
1079 567
1079 568
1079 569
1079 570
1079 571
1079 572
1079 573
1079 574
1079 575
1080 256
1080 577
1080 578
1080 579
1080 580
1080 581
1080 582
1080 584
1080 585
1080 586
1080 1123
1081 257
1081 1123
1081 262
1081 587
1081 588
1081 589
1081 590
1081 591
1081 592
1081 593
1081 594
1082 1123
1082 595
1082 596
1082 597
1082 598
1082 599
1082 600
1082 601
1082 602
1082 603
1082 604
1083 608
1083 609
1083 610
1083 611
1083 612
1083 613
1083 614
1083 1123
1083 605
1083 606
1083 607
1084 1124
1084 615
1084 616
1084 617
1084 618
1084 619
1084 620
1084 621
1084 622
1084 623
1084 624
1085 1124
1085 625
1085 626
1085 627
1085 628
1085 629
1085 630
1085 631
1085 632
1085 633
1085 634
1086 640
1086 641
1086 642
1086 643
1086 644
1086 1124
1086 635
1086 636
1086 637
1086 638
1086 639
1087 1124
1087 645
1087 646
1087 647
1087 648
1087 649
1087 650
1087 651
1087 652
1087 653
1087 654
1088 1124
1088 655
1088 656
1088 657
1088 658
1088 659
1088 660
1088 661
1088 662
1088 663
1088 664
1089 672
1089 673
1089 674
1089 1124
1089 665
1089 666
1089 667
1089 668
1089 669
1089 670
1089 671
1090 675
1090 676
1090 677
1090 678
1090 679
1090 680
1090 681
1090 682
1090 683
1090 684
1090 1124
1091 1124
1091 520
1091 685
1091 686
1091 687
1091 688
1091 689
1091 690
1091 693
1091 697
1091 527
1092 1124
1092 521
1092 810
1092 811
1092 816
1092 695
1092 696
1092 698
1092 699
1092 700
1092 701
1093 704
1093 707
1093 708
1093 709
1093 710
1093 711
1093 712
1093 715
1093 719
1093 1124
1093 702
1094 1125
1094 716
1094 717
1094 718
1094 721
1094 722
1094 723
1094 724
1094 725
1094 726
1094 727
1095 737
1095 738
1095 739
1095 740
1095 1125
1095 728
1095 731
1095 732
1095 733
1095 734
1095 735
1096 741
1096 743
1096 744
1096 745
1096 746
1096 749
1096 751
1096 752
1096 753
1096 754
1096 1125
1097 1125
1097 755
1097 756
1097 757
1097 758
1097 759
1097 760
1097 761
1097 762
1097 763
1097 764
1098 768
1098 769
1098 770
1098 771
1098 772
1098 773
1098 774
1098 767
1098 765
1098 766
1098 1125
1099 1125
1099 776
1099 779
1099 780
1099 781
1099 782
1099 783
1099 784
1099 785
1099 786
1099 787
1100 804
1100 1125
1100 813
1100 788
1100 791
1100 792
1100 793
1100 795
1100 796
1100 797
1100 798
1101 1125
1101 808
1101 809
1101 814
1101 815
1101 817
1101 819
1101 822
1101 825
1101 827
1101 828
1102 832
1102 833
1102 834
1102 835
1102 836
1102 837
1102 838
1102 831
1102 829
1102 830
1102 1125
1103 1125
1103 839
1103 840
1103 841
1103 842
1103 843
1103 846
1103 848
1103 851
1103 852
1103 853
1104 962
1104 963
1104 964
1104 1126
1104 849
1104 850
1104 854
1104 855
1104 856
1104 857
1104 858
1105 864
1105 865
1105 866
1105 867
1105 868
1105 1126
1105 859
1105 860
1105 861
1105 862
1105 863
1106 869
1106 870
1106 871
1106 872
1106 873
1106 874
1106 875
1106 876
1106 877
1106 878
1106 1126
1107 1126
1107 879
1107 880
1107 881
1107 882
1107 883
1107 884
1107 885
1107 886
1107 887
1107 888
1108 896
1108 897
1108 898
1108 1126
1108 889
1108 890
1108 891
1108 892
1108 893
1108 894
1108 895
1109 899
1109 900
1109 901
1109 902
1109 903
1109 904
1109 905
1109 906
1109 907
1109 908
1109 1126
1110 1126
1110 909
1110 910
1110 911
1110 912
1110 913
1110 914
1110 915
1110 916
1110 917
1110 918
1111 928
1111 1126
1111 919
1111 920
1111 921
1111 922
1111 923
1111 924
1111 925
1111 926
1111 927
1112 929
1112 930
1112 931
1112 932
1112 933
1112 934
1112 935
1112 936
1112 937
1112 938
1112 1126
1113 1126
1113 939
1113 940
1113 941
1113 942
1113 943
1113 944
1113 945
1113 946
1113 947
1113 948
1114 1127
1114 949
1114 950
1114 951
1114 952
1114 953
1114 954
1114 955
1114 956
1114 957
1114 958
1115 960
1115 961
1115 1127
1115 969
1115 970
1115 971
1115 973
1115 975
1115 982
1115 959
1116 992
1116 993
1116 994
1116 995
1116 1127
1116 985
1116 988
1116 989
1116 990
1116 991
1117 996
1117 997
1117 998
1117 999
1117 1000
1117 1001
1117 1002
1117 1003
1117 1004
1117 1005
1117 1127
1118 1127
1118 268
1118 1006
1118 1007
1118 1008
1118 1009
1118 1010
1118 1011
1118 1012
1118 1013
1118 1014
1119 1127
1119 713
1119 720
1119 691
1119 692
1119 533
1119 694
1119 532
1119 539
1119 1020
1119 1022
1120 1024
1120 1025
1120 1026
1120 1027
1120 1028
1120 1029
1120 1030
1120 1031
1120 1032
1120 1127
1120 1019
1121 1127
1121 1033
1121 1034
1121 1035
1121 1036
1121 1037
1121 1038
1121 1039
1121 1040
1121 1041
1121 1042
1122 1056
1122 1058
1122 1127
1122 1066
1122 1068
1122 1043
1122 1044
1122 1045
1122 1046
1122 1047
1122 1054
1123 1127
1123 1070
1123 1073
1123 1074
1123 1075
1123 1078
1123 1079
1123 1080
1123 1081
1123 1082
1123 1083
1124 1088
1124 1089
1124 1090
1124 1091
1124 1092
1124 1093
1124 1128
1124 1084
1124 1085
1124 1086
1124 1087
1125 1094
1125 1095
1125 1096
1125 1097
1125 1098
1125 1099
1125 1100
1125 1101
1125 1102
1125 1103
1125 1128
1126 1128
1126 1104
1126 1105
1126 1106
1126 1107
1126 1108
1126 1109
1126 1110
1126 1111
1126 1112
1126 1113
1127 1120
1127 1121
1127 1122
1127 1123
1127 1128
1127 1114
1127 1115
1127 1116
1127 1117
1127 1118
1127 1119
1128 1129
1128 1124
1128 1125
1128 1126
1128 1127
1129 1128
1129 1134
1130 1144
1131 1154
1132 1166
1133 1178
1134 1129
1134 1190
1135 1200
1136 1210
1137 1220
1138 1230
1139 1240
1140 1250
1141 1318
1142 1319
1143 1320
1144 1321
1144 1130
1145 1322
1146 1323
1147 1324
1148 1325
1149 1253
1150 1254
1151 1267
1152 1277
1153 1287
1154 1297
1154 1131
1155 1326
1156 1327
1157 1328
1158 1329
1159 1330
1160 1331
1161 1332
1162 1333
1163 1334
1164 1335
1165 1336
1166 1337
1166 1132
1167 1338
1168 1339
1169 1340
1170 1341
1171 1342
1172 1343
1173 1344
1174 1345
1175 1346
1176 729
1176 714
1176 1347
1177 736
1177 800
1177 1348
1177 805
1177 801
1177 750
1177 820
1177 789
1177 790
1177 794
1177 730
1178 1349
1178 967
1178 968
1178 972
1178 844
1178 1133
1178 845
1178 821
1178 1015
1178 826
1178 847
1178 1021
1179 1057
1179 1350
1179 1023
1179 1016
1179 1017
1179 1048
1179 1049
1179 1018
1179 1051
1179 1050
1179 1055
1180 1059
1180 1060
1180 1061
1180 1062
1180 1063
1180 1064
1180 1351
1180 1069
1180 1067
1180 1052
1180 1053
1181 1352
1181 1065
1181 1071
1182 1353
1183 1354
1184 1355
1185 1356
1186 1357
1187 1358
1188 1359
1189 1360
1190 1361
1190 1134
1191 1362
1192 1363
1193 1364
1194 1365
1195 1366
1196 1367
1197 1368
1198 1369
1199 1370
1200 1371
1200 1135
1201 1372
1202 1373
1203 803
1203 1374
1203 823
1204 1375
1205 1376
1206 1377
1207 1378
1208 1379
1209 1380
1210 1136
1210 1381
1211 1382
1212 1383
1213 1384
1214 1385
1215 1386
1216 1387
1217 1388
1218 1389
1219 1390
1220 1137
1220 1391
1221 1392
1222 1393
1223 1394
1224 1395
1225 1396
1226 1397
1227 1398
1228 1399
1229 1400
1230 1401
1230 818
1230 1138
1231 1402
1232 1403
1233 1404
1234 977
1234 1405
1235 1406
1236 1407
1237 1408
1238 1409
1239 1410
1240 1139
1240 1411
1241 1412
1242 1413
1243 1414
1244 1257
1245 1415
1246 1416
1247 1417
1248 1258
1249 1418
1250 1419
1250 1140
1251 1420
1252 1421
1253 1149
1253 1422
1254 1150
1254 1423
1255 1424
1256 1425
1257 1426
1257 1244
1258 1248
1258 1427
1259 1428
1260 1429
1261 1430
1262 1431
1263 1432
1264 1433
1265 1434
1266 1435
1267 1436
1267 1151
1268 1437
1269 1438
1270 1439
1271 1440
1272 1441
1273 1442
1274 1443
1275 1444
1276 1445
1277 1152
1277 1446
1278 1447
1279 1448
1280 1449
1281 1450
1282 1451
1283 1452
1284 114
1284 1453
1285 1454
1286 1455
1287 1456
1287 1153
1288 1457
1289 1458
1290 1459
1291 1460
1292 1461
1293 1462
1294 1463
1295 1464
1296 1465
1297 1154
1297 1466
1298 1467
1299 500
1300 501
1301 504
1302 703
1303 705
1304 706
1305 747
1306 778
1307 802
1308 812
1309 965
1310 966
1311 979
1312 980
1313 981
1314 986
1315 987
1316 1072
1317 1076
1317 1077
1318 1141
1319 1142
1320 1143
1321 1144
1322 1145
1323 1146
1324 1147
1325 1148
1326 1155
1327 1156
1328 1157
1329 1158
1330 1159
1331 1160
1332 1161
1333 1162
1334 1163
1335 1164
1336 1165
1337 1166
1338 1167
1339 1168
1340 1169
1341 1170
1342 1171
1343 1172
1344 1173
1345 1174
1346 1175
1347 1176
1348 1177
1349 1178
1350 1179
1351 1180
1352 1181
1353 1182
1354 1183
1355 1184
1356 1185
1357 1186
1358 1187
1359 1188
1360 1189
1361 1190
1362 1191
1363 1192
1364 1193
1365 1194
1366 1195
1367 1196
1368 1197
1369 1198
1370 1199
1371 1200
1372 1201
1373 1202
1374 1203
1375 1204
1376 1205
1377 1206
1378 1207
1379 1208
1380 1209
1381 1210
1382 1211
1383 1212
1384 1213
1385 1214
1386 1215
1387 1216
1388 1217
1389 1218
1390 1219
1391 1220
1392 1221
1393 1222
1394 1223
1395 1224
1396 1225
1397 1226
1398 1227
1399 1228
1400 1229
1401 1230
1402 1231
1403 1232
1404 1233
1405 1234
1406 1235
1407 1236
1408 1237
1409 1238
1410 1239
1411 1240
1412 1241
1413 1242
1414 1243
1415 1245
1416 1246
1417 1247
1418 1249
1419 1250
1420 1251
1421 1252
1422 1253
1423 1254
1424 1255
1425 1256
1426 1257
1427 1258
1428 1259
1429 1260
1430 1261
1431 1262
1432 1263
1433 1264
1434 1265
1435 1266
1436 1267
1437 1268
1438 1269
1439 1270
1440 1271
1441 1272
1442 1273
1443 1274
1444 1275
1445 1276
1446 1277
1447 1278
1448 1279
1449 1280
1450 1281
1451 1282
1452 1283
1453 1284
1454 1285
1455 1286
1456 1287
1457 1288
1458 1289
1459 1290
1460 1291
1461 1292
1462 1293
1463 1294
1464 1295
1465 1296
1466 1297
1467 1298
