1 1029
2 1029
3 1029
4 1029
1029 5
1029 6
1029 7
8 1030
9 1030
10 1030
11 1030
12 1030
13 1030
14 1030
15 1030
16 1030
17 1030
18 1031
19 1031
20 1031
21 1031
22 1031
23 1031
24 1031
25 1031
26 1031
27 1031
28 1032
29 1032
30 1032
32 1032
33 1032
34 1032
35 1032
36 1032
38 1033
39 1033
40 1033
41 1033
42 1033
44 1033
45 1033
46 1033
47 1033
48 1034
1032 37
1032 31
50 1034
51 1034
52 1034
53 1034
54 405
1033 43
56 405
57 405
58 406
59 246
60 410
1034 104
1034 107
1034 110
1034 49
62 751
63 933
64 1035
65 1035
66 991
1035 71
1035 73
1035 111
1035 61
68 934
69 254
70 254
72 991
74 264
75 268
76 270
77 436
78 248
79 473
80 265
81 441
82 1036
83 1036
84 447
85 432
86 267
87 450
88 278
89 453
90 433
91 434
92 451
93 934
94 1036
95 454
96 433
97 464
98 1036
99 250
100 251
101 242
102 643
103 255
105 662
106 675
108 255
109 884
112 676
113 691
114 1284
115 432
116 693
117 432
118 702
119 702
120 703
121 1036
122 923
123 923
124 436
125 747
126 202
127 805
128 751
129 255
244 55
67 472
