513 3
5 539
5 159
518 1308
1035 150
972 862
526 124
941 883
530 183
1043 38
533 819
1047 42
1049 753
1049 379
1050 913
540 630
541 426
542 847
517 144
33 89
36 1134
1457 433
1064 568
41 828
956 1369
44 480
44 1407
558 1425
48 1126
1080 105
1110 1169
580 1298
1462 411
583 1360
1099 1070
593 1268
1107 1201
85 1257
86 186
86 871
1112 735
91 356
91 1253
1116 216
1116 287
606 1164
95 1442
1120 417
1122 318
101 740
101 422
109 161
112 1453
113 998
1139 650
1139 1226
116 634
629 740
1147 432
1149 320
1149 178
1045 920
133 1266
1163 855
653 853
857 164
1133 697
1181 980
1184 403
681 201
1194 314
1200 762
182 480
1211 834
1232 882
1216 906
705 438
706 472
195 441
195 1317
710 994
710 470
712 444
203 330
1183 1423
208 725
724 416
725 1168
726 436
734 825
223 1416
1249 225
1250 1002
228 1347
229 247
744 1338
1259 855
255 1360
1285 858
776 1334
780 304
784 275
790 1395
473 1335
283 933
1312 375
1323 353
1324 843
308 1347
833 1157
326 906
330 985
331 971
333 1459
568 1342
1362 976
354 955
357 408
873 507
367 950
1395 835
372 466
390 1430
906 428
1424 419
1439 1007
424 460
1018 1013
498 1193
