1 2
2 16
2 3
3 4
4 892
4 893
5 737
5 6
6 7
6 20
6 21
6 377
6 412
6 413
6 894
7 8
7 435
7 436
7 502
8 9
8 483
8 502
8 838
9 10
9 482
9 502
10 11
10 895
11 25
11 12
11 501
11 28
12 896
12 897
12 13
13 32
14 15
15 16
16 17
17 18
17 898
18 360
18 19
18 900
18 899
19 901
20 902
20 375
21 483
21 484
21 903
21 22
21 860
22 904
22 23
23 24
24 25
25 26
25 502
26 27
27 28
28 29
29 30
30 31
31 32
32 905
33 34
33 362
34 906
34 35
35 36
35 907
35 556
35 810
36 37
37 38
37 556
37 908
37 909
37 378
37 379
37 734
38 39
39 40
40 41
40 738
40 909
40 734
41 42
41 48
41 49
41 377
41 413
41 414
42 43
43 44
43 910
45 441
45 44
45 69
45 46
45 913
46 70
46 47
47 48
47 557
47 911
48 49
48 557
49 50
49 484
49 914
50 51
51 52
51 557
52 53
52 486
53 54
54 55
54 915
54 486
54 487
55 82
55 487
55 503
56 57
57 916
58 59
59 917
59 918
60 377
60 714
60 363
60 61
61 920
61 363
61 62
61 919
44 912
44 894
44 911
