512 1010
512 1126
513 690
513 635
1026 162
6 824
521 395
523 659
13 382
685 879
529 536
19 498
20 992
1046 732
25 251
25 903
26 865
26 635
1052 653
1033 970
33 767
1030 929
1062 163
1062 884
1062 151
1007 904
552 233
1065 166
1066 779
1066 374
44 696
558 200
558 308
561 752
561 952
561 806
1074 328
51 370
1077 320
55 465
56 1120
569 442
607 494
1084 38
1085 1168
62 488
63 765
63 271
578 60
578 645
1008 942
70 388
71 462
780 834
76 929
78 397
525 791
592 502
952 662
594 106
1109 292
1111 439
1113 124
92 936
92 531
606 763
1119 216
614 352
107 840
108 335
109 743
622 488
622 736
111 995
114 1086
1140 467
873 453
1144 716
634 901
634 679
1147 163
1153 781
130 307
136 334
620 352
1169 260
659 902
660 983
662 273
367 938
367 1102
668 396
159 511
162 443
162 459
676 1043
165 743
626 382
688 338
628 977
700 1064
190 1003
190 1006
214 456
215 418
731 902
225 926
298 291
747 1138
236 985
758 308
766 771
257 376
268 810
270 278
274 930
279 942
283 410
572 494
290 496
295 455
810 494
301 890
311 332
820 986
315 958
320 1020
835 487
397 353
568 593
857 1023
347 844
347 423
370 253
575 66
384 879
902 978
623 995
395 976
407 431
427 440
