1 2
2 16
2 1
2 3
3 2
3 4
4 3
4 892
4 893
5 737
5 6
6 5
6 7
6 20
6 377
6 412
6 413
6 894
7 8
7 435
7 436
7 6
7 502
8 9
8 483
8 838
8 502
8 7
9 8
9 10
9 502
10 9
10 11
10 895
11 25
11 10
11 12
11 501
11 28
12 896
12 897
12 11
12 13
13 32
13 12
14 15
15 16
15 14
16 2
16 15
17 18
17 898
18 360
18 17
18 19
18 900
18 899
19 18
19 901
20 6
20 902
21 484
21 483
21 860
21 22
21 903
22 904
22 21
22 23
23 24
23 22
24 25
24 23
25 24
25 26
25 11
25 502
26 25
26 27
27 26
27 28
28 11
28 27
28 29
29 28
29 30
30 29
30 31
31 30
32 905
32 13
33 34
33 362
34 33
34 906
34 35
35 556
35 34
35 907
35 36
35 810
36 35
36 37
37 36
37 38
37 908
37 556
37 909
37 378
37 379
37 734
38 37
38 39
39 40
39 38
40 41
40 738
40 39
41 40
41 48
41 49
41 377
41 413
41 414
43 44
43 910
44 912
44 43
44 45
44 894
44 911
45 913
45 44
45 69
45 46
46 45
46 70
46 47
47 48
47 557
47 46
47 911
48 41
48 47
48 557
48 49
49 48
49 41
49 50
49 484
49 914
50 49
50 51
51 50
51 52
52 51
52 53
52 486
53 52
53 54
54 915
54 487
54 53
54 55
55 82
55 54
55 503
56 57
57 56
57 916
59 918
60 377
60 714
60 363
60 61
61 920
61 363
61 60
61 62
61 919
62 61
63 64
64 65
64 907
64 63
65 64
65 66
65 380
65 922
65 558
66 383
66 65
66 67
66 924
66 415
67 66
67 68
68 67
68 588
68 69
68 910
69 68
69 45
69 925
70 46
70 71
71 72
71 441
71 70
72 73
72 71
73 72
73 74
73 926
74 73
74 75
75 74
75 76
76 75
76 77
77 928
77 486
77 487
77 76
77 78
77 927
78 77
78 79
79 929
79 78
80 112
80 81
80 111
81 80
81 82
81 930
82 81
82 147
82 931
82 55
83 84
84 83
84 85
85 84
85 86
86 538
86 684
86 85
86 87
87 88
87 86
88 89
88 87
89 88
89 932
89 349
89 534
90 91
91 90
91 92
91 933
92 91
93 94
94 93
94 95
95 96
95 94
96 97
96 558
96 95
97 96
97 98
97 366
97 367
98 97
98 99
99 921
99 98
99 100
100 99
100 101
101 100
101 923
101 588
101 102
102 416
102 740
102 101
102 935
102 103
102 604
103 102
103 104
103 937
103 138
103 589
103 590
103 936
103 821
104 105
104 938
104 103
105 104
105 106
106 939
106 105
106 107
106 940
106 941
106 942
107 106
107 108
108 107
108 109
108 750
109 108
109 110
110 109
111 80
111 927
111 143
112 80
112 113
113 112
113 144
113 114
113 943
114 113
114 115
115 114
115 116
116 115
116 117
116 878
117 116
117 878
117 118
118 944
118 117
118 119
119 945
119 946
119 118
120 121
120 947
121 120
121 122
121 948
122 121
122 123
123 512
123 122
124 125
125 124
125 157
125 126
125 949
126 125
127 128
128 129
128 950
128 127
129 128
129 951
130 131
130 934
130 715
131 161
131 130
131 163
131 132
131 368
131 952
131 953
132 954
132 131
132 133
133 132
133 955
133 388
133 134
134 133
134 135
135 417
135 134
135 136
135 170
135 623
135 600
136 137
136 135
137 136
137 448
137 138
137 742
138 137
138 938
138 139
138 957
138 103
139 138
139 140
139 610
139 958
140 139
140 141
141 140
141 142
142 141
142 143
143 111
143 142
143 943
144 113
144 145
145 144
145 146
145 959
146 145
146 147
147 82
147 148
147 146
148 147
148 149
149 961
149 148
150 961
151 152
151 515
152 151
153 200
153 154
154 153
154 155
155 154
156 202
157 964
157 962
157 348
157 125
159 160
160 161
160 723
160 159
161 160
161 162
161 131
162 161
162 163
163 369
163 162
163 131
163 164
164 163
164 165
165 954
165 955
165 164
165 389
165 166
166 165
166 167
167 168
167 166
168 169
168 167
169 168
169 956
169 965
170 450
170 171
170 135
171 450
171 170
171 172
171 818
171 418
172 224
172 450
172 171
172 173
172 967
173 172
173 174
174 173
175 176
176 177
176 175
177 176
177 968
177 178
177 179
178 177
178 179
178 969
179 609
179 970
179 177
179 178
179 180
179 490
180 179
180 181
180 971
181 488
181 180
181 861
181 182
182 971
182 181
182 183
183 184
183 185
183 182
184 185
184 972
184 183
185 184
185 186
185 187
185 862
185 183
186 185
186 187
186 973
187 185
187 186
187 188
187 972
187 231
188 232
188 233
188 187
188 189
189 188
189 190
190 189
190 191
191 192
191 190
192 193
192 191
193 192
193 194
194 193
194 515
194 236
194 195
195 194
195 196
195 197
195 974
195 975
196 195
196 197
197 977
197 978
197 195
197 196
197 198
198 197
198 199
199 979
199 198
200 153
200 201
201 200
201 202
201 766
202 201
202 890
202 156
203 204
204 203
205 206
206 205
206 207
207 208
207 274
207 980
207 206
208 209
208 207
209 208
209 210
210 209
210 211
211 612
211 210
211 212
212 211
212 213
213 212
213 214
213 687
214 692
214 213
214 215
215 216
215 617
215 981
215 214
216 217
216 215
217 216
218 982
218 710
218 983
219 984
219 985
219 986
219 220
220 369
220 219
220 221
221 220
221 222
222 389
222 370
222 221
222 223
223 224
223 392
223 987
223 988
223 222
224 818
224 172
224 223
225 226
225 989
226 225
226 227
226 452
226 967
226 968
226 624
226 625
226 990
227 226
227 991
228 229
229 228
229 230
230 864
230 970
230 491
230 229
230 231
231 232
231 504
231 187
231 493
231 230
232 993
232 188
232 231
233 234
233 188
234 233
234 235
235 234
235 236
236 194
236 235
236 994
236 974
236 263
237 238
238 995
238 237
239 240
239 996
240 241
240 370
240 619
240 803
240 239
241 240
241 242
241 803
241 372
241 997
242 241
242 243
243 242
243 244
244 243
244 245
245 244
245 246
246 245
246 998
247 248
248 249
248 247
249 248
249 644
249 743
250 251
251 460
251 250
251 252
252 251
252 999
252 462
252 459
253 254
254 495
254 253
254 255
255 256
255 648
255 254
256 496
256 257
256 255
257 256
257 258
257 652
257 1002
258 257
258 259
259 258
259 260
260 259
260 261
261 260
261 262
262 261
262 263
263 236
263 516
263 262
264 265
264 1003
264 1004
264 1005
264 270
265 264
265 266
265 619
266 265
266 267
266 1006
267 273
267 266
267 397
267 398
267 277
268 649
268 1007
268 745
269 1008
269 498
270 292
270 264
270 271
270 1009
270 1010
270 1011
270 280
271 270
272 273
273 272
273 267
273 1012
274 207
275 1003
276 277
277 267
277 276
277 1013
277 278
278 277
278 279
279 278
279 1014
280 281
280 1012
280 270
280 1015
281 280
281 1016
281 671
282 296
282 1017
282 283
283 282
283 284
284 283
284 285
285 284
285 286
286 285
286 287
287 288
287 1018
287 469
287 286
288 772
288 287
289 290
290 289
290 291
291 290
291 1019
292 293
292 270
293 292
293 294
294 1013
294 293
294 295
295 296
295 294
295 302
296 282
296 295
297 298
298 297
298 1020
299 1021
299 774
300 1022
300 301
300 374
301 300
301 302
301 727
302 295
302 301
302 303
303 304
303 302
304 305
304 303
305 304
306 307
307 306
307 308
308 307
308 309
309 308
310 1023
310 374
310 311
311 312
311 310
312 313
312 311
313 312
313 314
314 313
314 315
315 314
315 323
315 316
316 1024
316 315
316 317
317 316
317 318
318 1026
318 779
318 317
318 319
319 320
319 779
319 318
320 1027
320 781
320 478
320 319
321 329
321 322
321 1029
322 321
322 1030
323 330
323 315
323 324
324 323
324 325
325 324
325 326
326 787
326 325
326 406
326 327
327 328
327 1025
327 326
327 1031
328 1032
328 327
329 321
329 330
330 329
330 323
330 331
330 1033
331 330
332 410
332 1035
332 1034
333 1036
336 337
337 336
338 544
338 339
338 1037
339 338
339 340
340 339
340 341
341 340
341 1038
341 686
342 343
343 344
343 342
344 1040
344 343
344 1039
345 346
346 345
346 347
346 1041
347 552
347 346
347 1042
348 680
348 932
348 157
349 89
349 1043
349 709
349 350
350 683
350 1044
350 349
351 809
351 619
351 804
351 1004
352 353
352 1045
353 352
353 354
354 353
354 1039
355 356
356 355
356 357
357 356
357 358
358 357
358 359
359 899
359 358
360 361
360 18
360 1046
361 360
361 893
361 1047
362 33
362 919
363 60
363 364
363 61
363 799
364 363
364 365
365 364
365 366
366 97
366 365
366 921
367 368
367 97
368 595
368 131
368 367
369 370
369 163
369 220
369 389
370 814
370 240
370 369
370 371
370 1048
370 985
370 222
371 370
371 411
371 431
372 241
372 1010
373 1022
374 720
374 300
374 310
375 376
375 816
375 726
376 377
376 375
377 376
377 41
377 378
377 60
377 6
378 377
378 811
378 37
379 1049
379 380
379 37
379 734
380 65
380 1050
380 379
381 382
382 921
382 1051
382 381
382 383
383 384
383 66
383 382
384 385
384 383
385 384
385 386
386 385
386 387
387 952
387 386
387 388
387 602
388 387
388 596
388 133
389 369
389 620
389 165
389 222
389 390
390 389
390 391
391 987
391 390
392 1048
392 393
392 634
392 223
393 392
393 394
393 812
394 393
394 395
395 394
395 396
396 395
396 397
396 423
397 396
397 267
397 1052
398 267
399 400
400 401
400 399
401 400
401 402
402 401
402 778
402 403
402 471
403 402
403 475
403 404
403 778
403 1053
404 403
404 405
405 1026
405 404
405 1054
406 326
406 790
407 408
408 409
408 407
409 408
409 1035
409 1055
410 1056
410 332
411 371
411 412
412 434
412 411
412 435
412 6
412 902
413 41
413 6
413 909
413 902
413 733
414 41
414 738
414 415
415 66
415 414
415 935
416 417
416 102
417 416
417 600
417 135
417 605
417 601
418 1057
418 171
418 419
419 418
419 420
419 1058
420 624
420 419
420 421
420 422
420 967
421 420
422 1059
422 420
422 423
423 396
423 644
423 422
423 998
424 425
425 424
425 426
425 1060
426 425
426 427
427 745
427 426
427 428
427 1061
428 427
428 429
429 428
429 430
430 1017
430 429
430 1062
431 432
431 371
432 433
432 431
433 432
433 434
433 747
434 433
434 412
435 7
435 412
435 551
436 437
436 7
437 436
437 438
438 556
438 437
438 439
439 440
439 438
440 439
440 911
441 442
441 71
442 441
442 443
443 442
443 444
444 443
444 445
444 591
445 444
445 590
445 446
446 941
446 940
446 445
446 447
447 939
447 446
448 137
448 742
448 606
450 608
450 451
450 1064
450 170
450 171
450 172
451 450
451 990
452 226
452 453
453 452
453 454
453 823
454 645
454 1065
454 453
454 455
455 456
455 1066
455 1067
455 454
456 457
456 646
456 455
457 456
458 1000
458 459
458 1068
458 647
459 458
459 252
459 1069
460 251
460 461
461 460
461 462
462 497
462 252
462 461
462 1070
462 463
463 849
463 462
464 465
464 1071
465 464
465 1072
465 466
466 465
466 467
466 1073
467 466
467 468
468 1018
468 467
469 470
469 287
470 1020
470 469
471 472
471 402
472 473
472 471
473 472
473 474
474 473
474 1053
475 403
475 476
476 475
476 477
477 476
478 320
478 783
478 479
479 480
479 478
480 479
480 1031
481 482
481 527
482 481
482 1075
483 8
483 1076
483 21
483 1077
484 904
484 49
484 21
484 485
485 484
485 486
486 52
486 77
486 1078
486 485
487 77
487 54
487 927
488 489
488 490
488 181
489 488
489 490
490 488
490 489
490 179
490 611
491 492
491 230
492 491
492 493
493 492
493 494
493 231
494 1000
494 1080
494 1079
494 493
494 999
495 254
496 256
496 497
497 496
497 652
497 462
498 499
498 269
499 498
499 500
500 499
500 1071
501 529
501 530
501 11
501 895
502 8
502 9
502 7
502 25
502 503
503 753
503 502
503 55
504 993
504 642
504 643
504 231
504 505
505 504
505 506
506 505
506 507
507 506
507 508
507 518
508 1081
508 507
508 509
509 508
509 510
510 509
510 511
511 1082
511 510
512 123
512 947
513 514
514 513
514 961
515 194
515 885
515 151
516 659
516 263
517 518
518 881
518 507
518 517
518 519
519 520
519 1081
519 764
519 518
520 521
520 519
521 520
521 522
522 521
523 524
524 523
524 1084
524 1085
525 526
526 1040
526 525
527 528
527 481
528 529
528 527
529 528
529 501
529 757
530 531
530 501
531 896
531 530
532 739
532 533
533 532
533 837
533 1086
534 89
534 707
534 708
534 1087
534 535
535 536
535 534
536 537
536 535
537 536
537 1088
537 538
538 537
538 539
538 86
538 559
539 538
539 540
540 539
540 541
541 540
541 542
542 541
542 1038
542 543
543 1089
543 542
544 545
544 338
545 544
545 546
546 545
546 1090
546 547
547 546
547 980
548 549
549 548
549 550
550 1075
550 549
551 435
551 1076
552 553
552 347
552 1091
553 552
553 554
554 553
554 555
555 554
555 900
556 35
556 37
556 726
556 438
557 48
557 748
557 47
558 96
558 65
558 714
558 1092
559 560
559 538
560 561
560 559
561 560
562 563
563 562
563 564
564 563
564 1094
565 566
566 565
566 567
567 568
567 566
567 798
568 567
568 1095
569 570
570 1096
570 569
571 572
572 571
572 573
573 1097
573 572
573 694
574 575
575 576
575 574
576 1098
576 575
577 578
578 577
578 579
579 578
579 580
580 579
580 581
581 580
581 582
582 581
582 583
583 584
583 582
584 585
584 583
585 584
585 702
587 933
588 68
588 101
588 589
589 588
589 103
590 913
590 445
590 103
591 592
591 444
592 926
592 591
593 594
594 593
594 934
595 368
595 1099
595 596
596 595
596 603
596 388
596 597
597 596
597 598
598 597
598 599
599 600
599 1100
599 598
600 417
600 135
600 599
601 1064
601 417
601 1101
602 387
603 596
603 604
604 603
604 1100
604 102
604 1102
605 936
605 417
606 448
606 607
607 608
607 606
608 609
608 450
608 751
608 1104
608 752
608 607
609 608
609 1104
609 179
610 139
611 1105
611 490
612 211
612 613
613 612
613 614
614 613
614 615
615 616
615 614
616 981
616 615
617 618
617 693
617 982
617 215
618 617
618 1106
619 265
619 716
619 240
619 1107
619 632
619 351
620 389
620 621
621 620
621 622
622 621
622 623
623 818
623 622
623 135
624 420
624 226
624 636
625 226
625 626
626 625
626 627
627 992
627 626
628 629
629 628
629 630
630 1108
630 629
630 862
630 631
631 1109
631 630
632 633
632 619
632 996
632 1110
633 632
633 984
633 725
634 392
634 635
635 634
635 967
636 624
636 1065
637 638
638 991
638 647
638 637
638 639
639 638
639 1079
640 641
641 640
641 642
642 504
642 641
642 1111
643 504
643 994
644 249
644 645
644 423
645 1066
645 644
645 454
646 456
647 458
647 638
648 255
648 1111
649 650
649 268
650 649
650 651
651 1112
651 650
651 1070
652 257
652 653
652 497
653 652
653 654
654 653
654 655
655 656
655 654
656 657
656 655
657 656
657 658
658 760
658 657
659 516
659 660
660 1113
660 1114
660 659
660 661
660 767
661 660
661 662
662 661
662 663
663 664
663 662
664 665
664 663
665 664
665 1115
666 667
667 666
667 668
668 667
668 669
669 668
669 1116
670 1016
670 1007
671 672
671 281
672 671
673 674
674 673
674 675
675 674
675 676
676 675
676 677
677 676
677 678
678 677
678 679
679 1117
679 678
680 681
680 348
681 680
681 682
682 681
682 964
682 1044
683 684
683 350
684 683
684 685
684 86
685 684
685 1038
686 341
686 687
687 213
687 1118
687 686
688 689
689 688
689 690
690 689
690 691
691 690
691 1118
692 693
692 214
693 617
693 1106
693 692
694 573
694 695
695 696
695 694
696 697
696 695
697 696
697 698
698 697
698 699
699 698
699 1087
700 701
701 700
702 585
702 703
703 702
704 705
705 704
705 706
706 705
706 707
707 706
707 534
707 1119
708 1043
708 534
709 1120
709 349
710 218
710 711
711 1005
711 710
712 713
713 712
713 1041
714 60
714 558
714 799
715 130
715 802
716 1121
716 1122
716 619
716 1011
717 718
718 717
718 719
719 720
719 718
720 721
720 374
720 719
721 720
721 722
722 721
722 1029
723 160
723 724
724 986
724 723
725 633
725 997
726 1123
726 556
726 375
727 728
727 301
728 729
728 727
729 728
729 1024
730 731
731 730
732 733
733 732
733 908
733 413
733 1124
734 379
734 37
734 735
735 736
735 734
736 735
737 5
737 909
738 40
738 1051
738 414
739 532
739 1125
740 741
740 102
741 740
741 742
742 448
742 137
742 741
742 937
743 744
743 249
743 835
743 1126
744 745
744 743
745 744
745 1112
745 427
745 268
745 1127
746 1062
747 433
748 557
748 749
749 928
749 748
750 108
750 958
751 608
752 608
752 1128
753 915
753 503
754 930
755 756
756 755
756 959
757 529
757 870
757 758
757 1129
758 871
758 757
758 759
759 1130
759 758
760 658
760 1131
761 762
762 761
763 1132
764 765
764 519
765 764
766 201
766 1134
767 768
767 660
768 767
769 770
770 769
770 771
771 1136
771 770
772 288
772 773
773 1137
773 772
774 299
774 775
775 776
775 774
776 775
777 1117
778 402
778 403
778 1138
779 780
779 318
779 319
780 779
780 1031
781 320
781 782
782 781
782 783
783 784
783 785
783 478
783 782
784 1139
784 783
785 786
785 783
786 785
786 1140
787 788
787 789
787 326
788 787
788 1141
789 787
789 790
790 789
790 1142
790 406
791 1143
792 1144
792 793
793 792
793 1030
794 795
795 794
795 796
796 795
796 797
797 796
797 1119
798 1088
798 567
799 800
799 714
799 363
800 1145
800 799
801 1092
802 953
802 715
803 240
803 241
803 1110
803 1121
804 805
804 806
804 351
805 804
806 804
806 807
807 808
807 806
808 1148
808 807
809 1149
809 351
810 920
810 35
810 1150
811 378
811 1050
812 393
812 813
813 1058
813 812
814 370
815 1151
816 375
817 1099
818 224
818 171
818 988
818 623
819 1152
820 1153
821 822
821 103
822 821
822 942
823 1059
823 453
824 825
825 824
826 827
827 826
827 828
828 827
828 829
829 828
829 830
830 829
830 831
831 830
832 833
833 832
833 834
834 833
835 1060
835 743
836 1155
837 533
837 838
838 8
838 1156
838 837
839 1157
840 957
841 842
842 841
842 843
843 842
843 844
844 843
845 846
846 845
846 847
847 1108
847 846
847 1158
848 1159
849 463
850 851
851 850
851 852
852 851
852 853
853 852
853 854
854 853
854 855
855 856
855 854
856 857
856 855
857 856
857 858
858 857
858 1161
859 1073
860 21
861 181
862 185
862 630
862 863
863 864
863 862
864 865
864 973
864 230
864 863
865 864
865 866
866 865
866 867
867 866
867 868
868 867
868 1164
869 1129
870 757
870 1166
870 1165
871 872
871 758
872 873
872 871
872 1167
873 872
873 874
874 873
874 875
875 1168
875 874
876 897
878 116
878 117
879 1169
880 1170
881 1113
881 518
882 905
883 948
884 1171
885 515
885 886
886 885
887 888
888 889
888 887
889 888
889 978
890 202
890 1173
892 4
893 361
893 4
894 44
894 6
895 10
895 501
896 531
896 12
897 12
897 876
898 17
899 18
899 359
900 18
900 555
901 19
902 20
902 412
902 413
903 21
904 484
904 22
905 32
905 882
906 34
907 64
907 35
908 37
908 733
909 737
909 37
909 413
910 43
910 68
911 440
911 44
911 47
912 44
913 45
913 590
914 49
915 753
915 54
916 57
918 59
919 362
919 61
920 810
920 61
921 99
921 366
921 382
922 65
923 101
924 66
925 69
926 592
926 73
927 111
927 77
927 487
928 77
928 749
929 79
930 81
930 754
931 82
932 89
932 348
933 91
933 587
934 130
934 594
935 102
935 415
936 605
936 103
937 742
937 103
938 104
938 138
939 106
939 447
940 106
940 446
941 106
941 446
942 106
942 822
943 113
943 143
944 118
945 119
946 119
947 120
947 512
948 121
948 883
949 125
950 128
951 129
952 131
952 387
953 802
953 131
954 132
954 165
955 133
955 165
956 169
957 840
957 138
958 139
958 750
959 145
959 756
961 514
961 149
961 150
962 157
964 682
964 157
965 169
967 172
967 226
967 635
967 420
968 177
968 226
969 178
970 179
970 230
971 180
971 182
972 184
972 187
973 864
973 186
974 195
974 236
975 195
977 197
978 889
978 197
979 199
980 547
980 207
981 616
981 215
982 617
982 218
983 218
984 633
984 219
985 370
985 219
986 219
986 724
987 223
987 391
988 818
988 223
989 225
990 226
990 451
991 227
991 638
992 627
993 232
993 504
994 643
994 236
995 238
996 632
996 239
997 241
997 725
998 246
998 423
999 252
999 494
1000 458
1000 494
1002 257
1003 264
1003 275
1004 264
1004 351
1005 264
1005 711
1006 266
1007 268
1007 670
1008 269
1009 270
1010 372
1010 270
1011 716
1011 270
1012 280
1012 273
1013 277
1013 294
1014 279
1015 280
1016 281
1016 670
1017 282
1017 430
1018 468
1018 287
1019 291
1020 298
1020 470
1021 299
1022 300
1022 373
1023 310
1024 729
1024 316
1025 327
1026 405
1026 318
1027 320
1029 321
1029 722
1030 793
1030 322
1031 480
1031 780
1031 327
1032 328
1033 330
1034 332
1035 409
1035 332
1036 333
1037 338
1038 341
1038 542
1038 685
1039 344
1039 354
1040 344
1040 526
1041 713
1041 346
1042 347
1043 708
1043 349
1044 682
1044 350
1045 352
1046 360
1047 361
1048 392
1048 370
1049 379
1050 811
1050 380
1051 738
1051 382
1052 397
1053 474
1053 403
1054 405
1055 409
1056 410
1057 418
1058 419
1058 813
1059 422
1059 823
1060 425
1060 835
1061 427
1062 746
1062 430
1064 601
1064 450
1065 636
1065 454
1066 645
1066 455
1067 455
1068 458
1069 459
1070 651
1070 462
1071 464
1071 500
1072 465
1073 466
1073 859
1075 482
1075 550
1076 483
1076 551
1077 483
1078 486
1079 494
1079 639
1080 494
1081 508
1081 519
1082 511
1084 524
1085 524
1086 533
1087 699
1087 534
1088 537
1088 798
1089 543
1090 546
1091 552
1092 801
1092 558
1094 564
1095 568
1096 570
1097 573
1098 576
1099 817
1099 595
1100 604
1100 599
1101 601
1102 604
1104 608
1104 609
1105 611
1106 618
1106 693
1107 619
1108 630
1108 847
1109 631
1110 632
1110 803
1111 648
1111 642
1112 745
1112 651
1113 881
1113 660
1114 660
1115 665
1116 669
1117 777
1117 679
1118 691
1118 687
1119 707
1119 797
1120 709
1121 803
1121 716
1122 716
1123 726
1124 733
1125 739
1126 743
1127 745
1128 752
1129 757
1129 869
1130 759
1131 760
1132 763
1134 766
1136 771
1137 773
1138 778
1139 784
1140 786
1141 788
1142 790
1143 791
1144 792
1145 800
1148 808
1149 809
1150 810
1151 815
1152 819
1153 820
1155 836
1156 838
1157 839
1158 847
1159 848
1161 858
1164 868
1165 870
1166 870
1167 872
1168 875
1169 879
1170 880
1171 884
1173 890
