2 5
3 2070
4 5
5 6
5 2059
5 2065
5 2066
5 2067
5 2068
5 2074
5 2366
6 2074
8 1832
9 269
13 1616
13 530
13 588
2067 2073
2734 1989
22 114
24 74
28 808
28 761
28 1611
31 95
35 60
35 2694
2089 2116
42 56
42 1675
42 230
42 1766
42 79
1714 1753
1714 1666
1714 1685
1714 1606
50 59
2099 2118
2100 2101
1374 1362
1374 1436
2102 1552
56 113
57 94
64 761
64 1606
65 71
69 2836
70 2146
70 108
75 88
2126 2659
79 165
79 774
79 457
79 85
79 827
79 830
79 581
87 1400
87 90
87 2151
87 230
87 1791
88 98
89 2155
93 96
2731 1357
102 800
102 232
102 1683
102 113
105 113
109 26
109 110
113 1606
113 264
113 1613
113 1616
113 1268
113 1609
113 261
2165 2168
2165 2166
118 119
119 130
119 170
119 588
119 984
119 122
123 574
2174 279
1045 1316
1045 2599
128 159
2177 2019
2753 1703
2184 248
138 133
139 140
139 164
140 165
140 501
142 448
2413 1248
146 255
2198 2194
154 469
2801 2777
2305 2303
158 739
158 580
159 170
159 955
159 954
161 581
165 342
165 261
165 648
165 1940
165 341
165 630
165 216
165 955
165 453
166 744
166 313
166 444
166 630
166 657
167 644
167 581
167 241
167 694
167 574
167 485
168 179
170 261
170 519
170 1800
170 521
170 1552
170 1301
170 538
170 1288
170 172
170 174
170 175
170 648
170 1459
170 1717
170 443
170 961
170 580
170 581
170 1351
170 588
170 716
170 718
170 1616
170 487
170 750
170 494
2759 1652
172 646
172 530
172 660
172 2871
172 541
172 287
173 696
173 546
173 739
174 739
174 232
174 841
174 1835
174 621
174 1806
174 175
174 1328
174 177
174 724
174 494
174 727
174 216
174 2871
174 218
174 188
174 542
174 1855
175 705
175 961
175 711
175 750
175 519
175 232
175 1321
175 1643
175 716
175 622
175 1616
175 1800
175 1810
175 727
175 984
175 1407
175 1791
175 1873
175 287
176 690
176 636
176 445
2226 499
179 630
179 521
179 1835
179 628
179 181
179 534
179 696
179 538
179 637
179 446
180 457
180 1895
180 680
180 188
180 1835
180 727
180 441
180 444
180 446
181 714
181 523
181 269
181 727
181 252
182 192
183 642
183 643
183 444
183 446
183 583
185 665
2234 509
188 1835
2237 941
192 608
192 195
192 269
192 341
195 662
195 201
195 1548
195 623
195 534
195 446
196 202
2245 1986
205 210
209 252
213 235
213 444
214 232
214 223
216 229
216 1350
216 678
216 521
216 1835
216 1616
216 440
216 543
218 246
218 1895
218 522
218 967
218 749
218 1616
218 534
218 761
218 665
218 315
219 248
219 230
219 247
220 248
220 229
220 711
221 229
221 678
221 588
221 614
221 718
221 313
221 540
221 445
222 245
222 307
222 445
222 229
223 581
223 678
223 711
223 584
223 266
223 714
2273 726
226 228
226 247
2427 1357
229 238
229 2162
229 251
230 1442
230 646
230 487
230 553
230 1879
230 557
230 1870
230 749
230 692
230 664
230 543
232 581
232 551
232 264
232 1321
232 650
232 694
232 269
232 660
232 981
232 340
232 858
232 1407
232 541
232 341
2282 588
235 238
2170 2881
237 522
237 1835
237 530
237 446
237 662
237 665
237 542
239 544
239 486
239 686
239 307
239 2005
239 1943
239 540
239 445
241 261
241 1873
241 661
241 310
241 247
241 441
241 444
241 581
2291 824
2291 2664
2292 840
245 261
247 252
247 253
247 542
248 678
248 530
248 317
249 536
249 306
252 672
252 549
252 647
252 648
252 273
252 744
252 1806
252 1807
252 530
252 531
252 308
252 534
252 540
252 541
253 261
2302 874
255 640
255 608
255 257
255 521
255 1740
255 1293
255 686
255 305
255 1364
255 1513
255 536
255 1753
255 538
255 444
255 349
2327 2329
257 580
257 551
257 534
257 536
257 541
2306 2319
261 672
261 320
261 643
261 265
261 647
261 1597
261 307
261 596
261 662
261 312
261 538
261 517
262 444
263 530
264 445
267 306
268 273
268 530
268 665
269 672
269 726
269 718
269 623
269 305
269 530
269 534
269 446
269 2006
269 542
2318 2320
2318 2324
2318 2310
275 711
275 521
275 683
275 588
275 1895
275 692
275 2871
277 280
278 291
280 2022
281 305
281 444
281 292
283 305
2332 893
287 290
287 291
287 302
287 306
287 307
287 630
290 304
2341 919
2344 941
297 628
297 2645
298 302
2347 972
2348 2353
2349 957
2349 966
303 308
303 542
304 718
2354 341
307 678
308 656
308 312
312 705
312 324
312 646
312 519
312 1800
312 457
312 1355
312 1740
312 1457
315 581
315 542
315 335
320 584
320 1809
320 630
320 541
322 341
326 530
2104 1210
341 458
341 1740
341 343
2394 1153
348 349
2398 1147
2789 2790
2406 1196
359 1874
361 588
362 1874
365 1531
365 957
1789 1780
1789 1775
371 373
374 385
374 1874
374 588
374 377
2423 1309
376 386
377 588
377 381
379 588
379 1874
379 388
379 589
379 382
383 385
383 386
2432 1321
2454 1351
2455 1855
399 401
399 426
399 694
2448 1908
2448 1855
2452 1855
405 406
2894 1109
2458 1354
2458 1357
2459 1338
2459 588
2465 1328
422 423
2473 1383
427 428
2477 1424
431 432
437 534
441 646
441 1959
441 647
441 659
441 533
444 692
444 534
445 547
446 549
446 683
446 1870
446 1942
447 534
450 457
455 457
457 557
457 654
457 501
457 461
458 553
462 589
463 588
469 909
469 954
469 726
469 476
469 957
469 478
2520 1538
2527 1520
2528 1531
2530 1518
483 501
483 959
485 961
485 931
485 486
485 683
485 914
485 662
485 954
486 1328
486 487
495 2868
495 2222
497 501
501 541
503 510
507 984
507 726
509 515
509 1874
509 510
2240 1687
2560 2874
2561 1581
2562 2563
516 666
516 659
2566 1856
2566 1890
519 646
519 655
519 2006
519 542
521 736
521 588
521 662
523 588
2574 1582
527 683
2576 1556
2576 1997
530 1835
530 586
530 551
531 541
2268 2006
2268 718
533 588
533 694
534 548
534 586
534 2006
534 713
534 665
534 1321
2583 1560
536 2187
536 654
536 1807
538 1959
538 665
2479 1973
541 580
541 551
541 650
541 557
541 686
541 1202
542 1355
544 551
545 647
546 662
546 1959
550 699
550 654
551 678
551 1959
551 655
551 661
2600 1548
2600 1573
2602 2595
2602 1581
557 1835
557 660
2607 1556
2609 1548
2610 1552
2613 1563
2613 1548
569 589
2883 903
2620 1580
574 588
2623 1548
2626 1548
580 640
580 644
580 598
581 694
581 1727
2630 1560
586 692
586 701
587 692
588 1548
588 1810
588 1940
588 919
588 1791
588 674
588 2213
588 678
588 1429
588 1196
588 1328
588 1769
588 1597
588 841
588 1740
588 1616
588 984
588 1753
588 743
588 1407
2642 1855
600 672
601 668
605 661
2816 2814
2655 2773
608 1800
2832 1741
612 628
2492 1465
618 1800
622 647
622 654
2674 1055
627 1800
628 630
630 1548
630 981
632 649
632 655
2681 726
2682 1315
635 713
635 660
635 665
636 648
637 658
2686 1364
2686 1373
640 664
640 714
642 648
644 645
644 649
644 1959
644 655
644 665
645 659
645 654
647 1328
650 678
650 694
2700 726
2050 1881
654 692
654 662
656 710
657 662
658 672
659 662
661 692
662 1828
662 1349
662 1809
662 1355
662 1740
662 692
662 1806
662 2006
665 692
666 710
2773 2768
2409 1233
672 673
672 745
672 1322
672 1336
672 1810
672 1354
673 1855
674 736
674 744
674 1321
674 1336
674 1309
2723 1548
2724 2564
2724 1548
2725 1652
679 1835
681 714
682 714
683 1442
683 1895
683 1002
683 1701
683 1336
683 1855
687 689
2736 1702
692 1895
692 1268
693 694
693 1895
694 1124
694 646
694 1109
703 705
705 1355
705 984
705 955
705 957
706 710
710 736
711 1701
711 589
2760 1652
714 1958
714 1321
717 718
718 733
719 726
724 2006
725 726
726 1701
726 1126
726 904
726 1355
726 1582
726 1359
726 980
726 2014
729 2006
2511 2549
1829 1919
736 1800
736 1806
739 741
744 1810
746 747
747 858
750 1616
750 1687
750 1597
2799 1627
752 1628
753 1643
755 756
758 1688
2807 2811
760 761
766 804
767 789
768 804
774 1740
777 1690
777 1611
777 1683
777 790
783 1611
784 791
786 790
787 790
789 1764
789 1683
789 812
789 1701
790 804
2841 860
2844 1234
797 1716
800 1616
800 1753
800 1716
801 1664
804 811
808 1664
808 1683
808 1629
808 1631
2209 1941
2866 1161
2862 1126
817 2924
818 1248
818 1124
818 1628
818 822
822 2721
822 835
822 1766
822 1196
822 1187
822 1268
822 1628
820 1688
820 1683
827 1276
827 1628
828 835
2880 952
833 589
846 858
849 852
1733 1675
1733 1766
853 1688
825 1248
2904 1881
858 1674
858 1727
859 1628
860 1643
860 1683
861 2296
863 1611
864 865
2927 1104
884 1882
888 1882
889 1545
889 1531
896 1516
897 1177
897 1516
900 1517
906 907
909 1379
909 972
909 1586
909 914
909 1364
909 2015
909 1055
912 914
912 924
914 1440
914 966
914 1429
914 1432
916 957
918 920
919 961
919 1055
919 1727
919 924
919 1407
920 928
920 946
920 2015
920 951
2543 1545
924 929
924 967
924 1513
924 1586
924 980
924 1429
924 1436
924 927
927 928
940 946
941 2339
941 1933
941 2678
942 2015
943 950
946 947
947 2015
948 2015
950 2015
950 973
951 2345
951 980
954 1769
954 972
954 982
954 1436
955 961
955 1321
955 1586
955 1331
955 957
956 966
956 972
956 1429
956 646
957 1538
957 984
957 1351
957 1933
957 969
957 1429
957 961
957 1912
957 1433
957 1688
957 1364
957 1442
957 1919
959 1818
959 1300
959 1362
959 1399
961 1435
961 975
961 1364
962 1432
962 1440
964 973
964 966
966 969
966 974
967 976
967 1769
967 2346
972 2695
975 1579
975 1769
2692 2225
980 1800
981 982
981 1919
2283 1289
984 1435
984 1548
984 1436
984 2015
986 1791
990 995
994 1002
999 1801
999 1769
1000 1001
1002 1024
1002 1400
1002 1575
1002 1545
1002 1553
1002 1560
1002 1722
1002 1018
1004 1032
1004 1570
1004 1683
1004 1566
1010 1041
1014 1041
1015 1022
1016 1513
1016 1769
1016 2374
1016 1055
2218 2220
1024 1050
1025 1582
1027 1041
1029 1791
2903 1881
1038 1041
1040 1041
1041 1585
1042 1047
2564 1571
2564 1551
1050 1791
1051 1801
1055 1058
1055 1831
1059 1966
1064 1582
1069 1089
1069 1073
1069 1147
1069 1070
1069 1087
1070 1177
1070 1147
1070 1260
2911 1562
2570 1553
1101 1106
1104 1241
1106 1153
1106 1151
1106 1116
1106 1132
1108 1114
1109 1123
1109 1171
1109 1968
1109 1155
2575 1571
2575 1563
1116 1170
1116 1135
1119 2852
1119 1151
1120 1124
1121 1159
1123 1153
1123 1146
1123 1161
1124 1634
1124 1135
1124 1147
1125 1969
1126 1141
1126 1828
1126 1167
2578 1566
1135 1144
1135 1156
1141 1161
2580 1556
2580 1582
1147 2781
1156 1167
2582 1897
1159 1167
2584 1890
2584 1551
1172 1176
1174 1177
1174 2002
1175 1183
1177 1727
1177 1181
1178 1248
1187 1290
1191 1268
1192 1999
1196 1216
1196 1218
1196 1219
1196 1225
1198 1211
1200 1228
1201 1291
1211 1229
1222 1289
2593 1548
2593 1567
2632 1550
1226 2671
2595 1554
1236 1238
1238 1239
1239 1828
1242 1276
1242 589
1248 1259
1248 1688
2599 1568
2599 1558
2599 1550
1262 1268
1266 1643
1268 1272
1268 1727
1747 1664
1747 1667
1747 1640
1747 1756
1747 2670
1747 1689
1747 1850
1747 1724
1273 1274
1273 1643
1273 1285
1276 1293
1280 1701
1281 1643
1282 1766
1285 1634
1285 1628
1289 1616
1289 1597
1290 1616
1293 2637
2605 1571
1296 1616
1296 1628
1296 1998
1300 1351
1300 2014
1301 1305
1302 1855
1309 1331
1309 1817
1309 1338
1309 2035
1310 1311
1312 1328
1312 1355
1312 1315
1316 1458
1316 1885
1316 1855
1317 1349
1319 1855
1321 1331
1328 1361
1328 1329
1328 1330
1328 2040
1330 1331
1330 1357
1330 1855
1333 1855
1336 1912
1338 1912
1338 1810
1338 1855
1340 2035
1342 2035
1346 1855
1347 1357
1347 1351
1349 1912
1351 1806
1355 2024
1355 1358
1355 1791
1356 1855
1357 1912
1358 2036
1358 1855
1361 1987
1362 1436
1362 1429
1364 1378
1364 1379
1364 1508
1364 1405
1364 1394
1367 1369
1373 1386
1379 1769
1380 1555
1381 1513
1381 1508
1386 1472
1386 1433
1386 1388
1399 1513
1400 1568
1400 1924
1400 1928
1400 1580
1400 1552
1400 1562
1400 1565
1406 1407
1407 1408
1407 1412
1407 1508
1414 1417
1422 2596
1422 1548
1422 1513
1429 1508
1430 1433
1436 1440
1443 1921
1448 1513
1450 1792
1450 1516
1451 1792
1458 1459
1459 1944
1460 1464
1460 1467
1460 1461
1461 1467
1464 1471
1465 1472
1472 1555
1472 1513
1473 1480
1473 1770
1475 1799
1479 1493
1480 1513
1485 1513
589 1874
1491 1508
1493 1799
1493 1545
1493 1778
1493 1497
1493 1791
1495 1513
1550 1553
1550 1575
1550 1567
1502 1584
1508 1792
1508 1830
1508 1575
1508 1489
1513 1569
1513 1575
1513 1565
1515 1532
1516 1545
1516 1518
1516 1524
1516 1525
1516 2007
1516 1532
1516 1533
1517 1520
1517 1531
1518 1545
1525 1540
1531 1791
1532 1538
1538 1545
1538 2547
2646 1865
2646 1594
2646 1854
2646 1735
2596 1556
1545 1869
1548 1553
1548 1558
1548 1559
1548 1564
1548 2720
1548 1574
1548 1616
1548 1830
1548 1791
1551 1769
1552 1769
1552 1580
1552 1560
1552 1557
1552 1562
1553 1905
1553 1560
1553 1567
1554 1856
1554 1997
1554 1558
1554 1575
1555 1574
1555 1582
1555 1557
1555 1562
1555 1563
1556 1571
1556 1557
1556 1914
1557 1570
1557 1582
1558 1856
1558 1570
1558 1571
1558 1572
1558 1573
1558 1574
1560 1890
1561 1791
1562 1906
1562 1563
1563 1568
1563 1569
1563 1905
1564 1856
1564 1769
1565 1571
1567 1575
1568 1570
1568 1575
1569 1928
1569 1570
1569 1905
1570 1573
1570 1801
1570 2016
1572 1905
1572 1830
1573 1857
1575 1890
1575 1996
1575 1581
1575 2042
1575 1906
1579 1582
1580 1928
1581 1582
1582 2016
1582 1799
1582 1769
1582 1740
1582 1997
1583 1584
1591 1722
1597 1634
1597 1766
1597 1986
1597 1765
1597 1716
1597 1727
1597 1701
1598 1621
1598 1653
1599 1683
1599 1765
1599 1606
1599 1687
1600 1709
1606 1740
1606 1709
1606 1616
1606 1716
2713 1716
1609 1613
1610 1641
1610 1716
1611 1634
1611 1636
1611 1734
1611 1702
1611 1852
1611 1715
1611 1723
1612 1675
1612 1683
1613 1765
1613 2027
1613 1740
1613 1691
1613 1629
1616 1644
1616 1740
1616 1687
1616 1764
1622 1695
1623 1986
1624 1628
1624 1716
1624 1629
1624 1702
1628 1691
1628 1640
1628 1641
1628 1672
1628 1721
1628 1648
1629 1760
1629 1740
1629 1710
1629 1688
1629 1683
1629 1687
1629 1753
1629 1850
1631 1724
1634 1643
1634 1641
1634 1695
1636 1688
1638 1762
1640 1858
1640 1675
1641 1765
1641 1717
1641 1674
1643 1701
1643 1737
1643 1765
1644 1707
1644 1732
1648 1724
1653 1715
1662 2030
1662 1862
1664 1753
1665 1740
1666 1765
1669 1762
1671 1688
1672 1675
1672 1765
1673 1683
1674 1755
1674 1737
1675 1704
1675 1683
1675 1752
1675 1753
1680 1766
1683 1737
1683 1709
1683 1727
1685 1701
1685 1716
1685 1753
1685 1691
1685 1727
1687 1764
1687 1740
1688 1718
1688 1736
1688 1879
1688 1828
1695 1704
1695 1753
1695 1716
1699 1766
1700 1740
1701 1703
1702 1766
1703 1765
1703 1734
1703 1740
1703 1743
1705 1758
1707 1716
1707 1722
1707 1830
1709 1727
1715 1753
1716 1764
1716 2726
1716 1744
1718 1753
1718 1727
1727 646
1727 1755
1731 1765
1737 1764
1738 1765
1740 1743
1765 2030
1765 1767
1765 1993
1766 1910
1766 1880
1768 1943
1769 1924
1786 1799
1791 646
1800 1956
1801 1928
1806 1873
1810 2015
1815 1855
1817 1855
1820 1824
646 1873
1855 2041
1863 1943
1912 2033
1986 1988
2005 2006
