3 428
3 2423
5 341
6 2857
7 2703
8 2596
9 747
10 286
11 1736
11 2545
12 1912
12 2435
13 526
15 486
16 1706
16 2867
16 1870
17 2669
18 2725
19 850
20 417
21 2185
22 864
22 55
23 1329
23 2069
24 311
24 303
26 757
27 1680
27 453
28 641
28 956
28 2607
29 2860
31 1131
31 2935
32 2110
33 722
34 161
34 989
35 2882
36 1140
37 162
37 843
39 587
41 1967
43 2122
44 2635
44 2052
45 1282
46 2202
46 503
48 1421
49 313
50 1280
50 1132
55 2240
56 737
57 2553
57 107
57 1830
58 2287
61 281
63 2685
64 2097
65 1061
65 2127
66 1273
66 2074
67 1962
67 2495
68 1610
68 2884
70 840
70 790
71 1773
71 1367
76 216
77 2682
77 596
79 2243
79 533
80 2926
81 2495
82 2482
83 1654
83 415
85 2767
86 296
86 1005
86 2503
88 1096
88 1385
89 1360
90 2058
90 2815
92 1284
93 352
93 1488
94 968
94 1517
95 1272
95 1784
95 1134
96 1178
97 704
97 1963
98 1849
99 896
105 1594
106 2074
106 2491
107 2197
108 1481
109 1968
109 1486
110 1606
111 528
111 2014
112 946
112 1735
113 546
113 383
117 2646
118 1384
119 671
120 2274
122 1265
122 2618
122 2603
123 1310
124 2151
125 1820
125 1309
126 2736
127 1323
128 728
129 2440
129 2782
130 1416
132 1066
133 1474
134 2108
136 1153
136 2716
137 1303
138 1409
138 1541
140 1499
142 2624
147 909
147 1590
148 1525
149 2027
151 2132
155 1057
155 1917
155 1625
157 2036
158 2297
158 2194
158 2055
159 682
160 2273
162 2510
162 2886
162 1230
163 1686
164 794
167 1097
170 2657
170 1858
170 618
170 2926
170 496
170 829
171 1976
171 905
171 1997
173 1768
173 2731
173 1460
174 1753
175 2850
177 2603
178 698
178 2933
179 413
179 1438
181 2536
181 335
182 961
182 1907
183 309
185 1428
185 2838
185 630
186 2576
186 1387
188 1555
189 2747
190 1573
192 1029
194 1598
194 1895
195 260
196 2442
196 2532
199 1474
199 742
199 2791
201 485
203 1853
205 1923
206 711
207 2489
210 625
212 2297
213 1957
214 610
216 1008
218 492
218 2799
219 894
220 1176
220 1268
221 1010
221 2702
223 1639
227 1632
228 940
230 594
231 1124
232 1182
233 2143
234 287
237 1480
238 1120
239 1085
241 864
242 2914
242 2443
242 1037
243 2770
244 2187
244 2060
245 2387
245 2467
245 1157
246 709
247 1289
247 2370
247 2315
247 1854
249 1268
249 2006
249 1199
251 1362
251 1591
255 2489
255 1766
256 2073
256 468
257 258
257 1213
258 1230
259 1369
259 1987
259 2428
259 2367
260 1362
262 1883
264 2930
266 2280
266 2132
267 1448
270 887
271 945
271 2745
272 1121
273 1812
275 2070
276 1825
279 732
280 955
283 2368
283 2658
284 330
285 2189
288 1194
288 1167
289 561
292 430
292 2215
293 1846
296 1293
297 793
297 1894
297 1945
298 1008
298 1077
299 2648
300 1321
300 2597
301 1432
301 1777
301 1851
302 1477
304 1899
306 1574
307 592
311 576
311 2903
311 1705
315 1960
319 1455
320 897
320 869
322 1720
322 2406
323 2935
324 1477
325 520
325 2779
325 2655
326 459
328 1822
330 2128
333 684
334 449
336 1596
336 2919
337 2907
337 820
337 2701
338 427
338 2766
341 1501
343 490
343 1919
344 2527
347 2274
347 971
347 2389
348 2388
348 1170
348 1012
349 1776
350 978
350 397
351 1648
351 2043
353 2421
354 2313
355 2856
356 1143
360 1160
361 385
361 2297
363 628
363 1517
363 2287
365 587
365 1772
366 2674
368 884
369 774
372 416
374 2822
374 2007
375 1063
376 2154
377 1467
378 937
382 1621
384 1413
387 2598
387 917
387 614
388 1453
390 977
392 2622
393 2589
394 2419
394 635
394 1036
395 2134
396 423
397 784
397 1698
399 1118
400 1626
400 2579
400 1781
401 592
401 840
401 1969
401 1569
404 2627
406 1761
407 2088
408 2608
409 1546
412 1826
413 545
414 942
415 2354
416 2550
419 1021
420 869
421 832
421 963
421 2277
426 793
426 1530
426 622
426 2025
427 2214
428 1481
429 553
429 667
429 1491
430 2908
431 2710
433 1567
434 2688
436 2858
436 1077
437 1154
438 2424
438 2890
438 2045
439 2371
442 1980
442 1870
443 2811
445 1732
447 1064
447 459
447 2860
448 464
448 513
448 2728
448 2057
449 769
449 2762
450 1835
451 1728
451 1071
453 720
453 2718
454 873
454 558
454 1391
457 1313
457 756
457 1798
460 2265
460 1367
462 2768
462 1881
463 597
465 832
465 977
465 2898
465 2811
467 2118
468 574
469 1647
473 2864
473 2733
474 2321
476 2407
480 1015
482 960
484 955
485 537
487 1057
488 2477
490 1659
491 1109
494 2769
495 697
495 1275
495 2373
495 2398
496 576
496 1425
499 1915
499 613
499 2255
502 2065
503 2936
505 973
506 2107
506 2660
508 1435
508 1628
509 1913
513 1320
513 2066
516 2320
517 1355
517 620
519 2365
521 1494
523 2779
525 2563
525 1827
526 1274
526 2068
527 616
527 2242
530 1105
530 1092
531 914
531 2300
532 1277
537 1345
537 967
541 2577
542 2913
542 2174
544 1409
545 1382
546 808
546 2475
547 1720
547 1372
549 2368
550 2132
551 2718
552 881
552 2363
552 694
552 2727
553 1369
553 614
554 2490
556 2628
557 605
560 2496
562 1595
563 1127
564 1062
565 568
565 2127
566 1902
567 2832
569 1394
570 2483
570 2174
572 1074
573 659
577 2909
581 1934
582 2865
582 1939
584 1058
586 1104
587 2249
590 929
590 754
592 2060
593 2354
594 1567
599 920
602 1011
606 1672
608 2522
609 1731
610 1346
612 1765
615 785
619 2741
620 1057
622 1218
624 2290
625 1199
626 1912
626 2161
627 741
627 2895
633 1699
633 2660
637 1442
638 2859
639 1928
640 2760
644 1554
645 1412
645 2867
645 1244
645 1521
647 2234
648 2137
648 1492
649 780
650 1681
650 1949
651 2275
651 2398
652 1714
653 2696
654 1493
655 852
661 1537
661 1820
661 1805
661 2413
662 1895
663 2834
664 2777
664 2548
667 1511
668 2011
668 1340
669 2714
669 1915
670 2429
671 1700
672 1338
673 2317
675 2252
679 2603
680 1356
680 2814
682 2501
683 1859
683 775
685 1212
685 1454
685 1367
686 2560
686 1898
687 2298
687 2916
688 2891
691 2603
691 1925
691 1126
694 984
696 2664
697 1725
698 2011
700 2580
702 844
703 990
705 867
706 2340
706 887
707 2822
708 2355
709 2401
709 1980
709 2718
711 1186
712 895
714 1699
719 933
720 1626
720 883
722 749
724 894
725 1368
725 1673
725 1905
727 1220
728 2510
729 2328
729 2416
729 1661
730 1731
731 1907
732 2161
732 2802
732 1143
733 2880
735 861
737 1480
737 2894
737 1591
739 2448
739 1190
740 2610
740 2301
741 1166
742 1991
742 1140
744 1211
745 2591
752 816
752 1178
753 2409
754 2409
755 805
756 2339
756 2638
758 2441
759 1652
759 2251
759 1180
760 2033
760 2631
761 1594
761 1677
761 2638
762 1347
762 1972
763 2157
765 1769
765 2039
766 1596
768 1955
768 2535
769 2355
769 1996
771 1769
775 2443
776 2423
777 2897
778 1722
781 1177
781 2107
784 841
784 2087
784 1655
785 2885
787 2729
788 2618
789 948
789 910
790 1529
790 1010
790 1637
792 1626
792 1095
795 1429
799 1522
801 824
803 1489
803 2324
803 2095
804 1505
806 2618
808 1502
809 2413
810 2076
812 1688
813 918
814 1465
816 2327
816 1903
818 2097
819 2706
819 1981
820 2827
821 1347
822 1597
824 1066
824 1773
825 1467
825 1991
826 2497
828 2908
829 1891
829 1002
830 1713
832 1183
833 2103
836 2041
836 2791
838 1218
839 1423
840 988
840 2862
843 2780
844 2116
845 1285
845 1030
850 1638
851 1792
852 2737
858 2520
861 1176
864 2312
866 1388
866 982
867 1616
867 1517
867 2865
868 1297
869 1646
870 2005
872 1270
874 1709
874 1518
875 2829
876 2083
876 979
877 1402
878 1827
878 2439
879 880
880 1603
880 1340
881 1721
884 2609
884 1171
886 2132
887 2037
888 1679
889 2488
889 2898
890 2768
890 2394
890 2220
891 2370
892 1004
893 2627
894 1213
894 1158
895 2745
897 931
897 1965
897 910
898 1231
901 1899
902 2472
902 1986
902 2294
903 2605
903 1175
905 2187
905 2783
908 2228
909 1263
915 2664
915 2893
916 2336
917 2750
918 2217
918 1582
919 1403
920 2398
923 2481
923 996
925 1288
925 2827
925 1460
925 1911
926 2853
928 1081
928 2151
929 1115
933 1936
937 2225
939 1713
939 1159
940 1761
940 1695
941 2900
942 1700
944 1634
944 1239
946 2314
947 1785
947 1815
950 2710
957 2797
958 2460
961 1936
961 2219
964 2192
965 1928
965 1201
966 2435
969 1642
971 1531
976 2392
976 1134
977 1338
977 1510
983 2627
984 1604
988 2903
989 1195
990 2468
993 2726
996 1760
997 1116
999 2440
999 2383
999 2351
1000 2819
1001 1851
1002 1401
1003 1068
1004 1056
1004 2189
1005 2918
1006 2028
1007 2802
1010 1385
1011 1249
1011 2420
1012 1958
1013 2257
1014 2864
1016 2342
1017 1593
1017 1890
1019 1859
1019 1541
1021 1690
1021 2598
1022 1509
1030 1512
1031 2021
1032 2122
1033 1970
1033 2046
1034 2520
1034 1780
1036 2018
1039 1309
1039 1341
1042 1211
1042 2078
1045 2789
1046 1179
1048 1753
1048 1175
1049 2753
1050 1677
1050 1375
1051 2657
1060 2587
1060 2716
1062 2364
1063 2183
1064 1691
1064 2756
1067 1507
1067 1683
1068 1128
1069 2626
1070 1505
1070 2116
1076 2252
1077 2291
1077 1730
1082 2593
1084 1198
1085 2502
1087 1309
1088 2037
1094 1358
1096 2631
1097 1806
1099 2840
1102 2298
1102 1422
1107 2824
1107 1490
1108 2419
1108 2396
1114 2140
1116 2620
1116 1679
1122 1739
1123 1246
1124 1500
1124 1518
1125 2105
1125 2939
1125 2796
1128 1280
1129 1932
1130 2664
1131 2121
1131 2517
1133 1422
1137 1825
1138 2277
1139 2337
1139 1263
1141 1865
1142 2551
1143 2276
1146 2300
1147 2140
1148 2795
1153 1706
1154 2857
1155 1951
1157 2719
1159 1251
1161 2556
1162 2498
1164 1804
1165 2834
1165 1341
1166 1234
1170 2821
1174 2290
1174 1887
1177 1356
1177 2303
1178 2589
1180 2593
1180 2108
1184 1905
1184 2286
1189 2916
1190 2912
1191 2879
1193 1931
1193 2407
1194 2210
1195 2352
1195 1260
1197 2370
1202 2064
1204 2463
1209 1995
1210 2271
1211 1522
1212 2789
1216 2686
1219 2016
1219 2141
1221 1298
1225 2863
1226 1828
1229 2767
1229 1518
1229 1615
1230 2441
1231 2656
1236 1464
1236 1541
1237 1898
1238 2584
1240 1787
1240 1700
1241 1824
1241 2016
1242 1609
1242 2439
1244 1733
1245 2627
1245 1717
1246 2025
1246 1412
1247 1341
1248 2600
1249 1570
1253 2818
1256 1258
1256 1594
1257 1712
1258 1343
1260 1965
1264 1812
1266 1517
1268 2376
1270 1841
1272 1469
1275 1962
1277 2481
1278 1412
1280 1666
1280 2757
1282 2477
1285 2461
1286 1934
1288 1425
1288 1515
1290 1520
1293 1682
1294 1801
1297 1967
1300 2180
1301 1493
1303 2255
1303 1409
1304 2331
1305 2882
1307 2268
1307 1351
1309 2008
1310 2368
1311 2219
1314 1477
1317 1884
1318 2710
1318 2086
1319 1545
1320 2246
1325 2124
1327 1438
1329 2220
1330 2792
1331 1553
1332 1337
1334 2094
1335 1458
1335 1828
1338 2815
1340 2924
1340 1551
1341 2831
1341 2253
1346 2842
1346 1458
1346 1567
1347 1856
1347 2316
1349 1567
1350 2269
1354 1612
1354 1998
1359 2166
1360 2938
1361 1628
1362 1431
1363 1430
1366 1939
1370 2288
1370 1998
1371 2413
1373 1529
1379 2866
1379 2644
1379 1639
1381 1412
1381 2917
1381 1767
1395 1998
1398 2309
1400 1937
1400 1691
1400 2385
1402 1558
1404 1779
1407 2129
1412 2127
1414 2126
1418 1913
1419 2660
1420 1604
1421 2841
1427 1933
1429 2499
1430 2239
1431 2445
1432 1564
1435 1827
1436 1539
1439 1913
1440 2421
1441 2399
1442 2491
1442 1957
1443 1621
1445 2088
1446 2820
1446 1484
1448 2171
1453 2206
1454 1456
1454 1511
1457 2070
1461 1708
1466 2127
1467 1953
1467 1998
1471 2187
1472 1570
1473 1707
1474 2712
1490 1774
1495 2144
1495 2898
1496 2163
1497 2154
1497 1663
1498 1694
1499 2130
1499 2262
1500 2047
1502 2483
1506 2376
1507 1576
1507 1901
1507 1943
1510 1614
1510 2609
1511 1764
1515 2757
1516 1945
1519 1804
1520 1672
1520 1705
1521 1706
1521 2103
1523 2517
1525 2565
1534 2171
1534 2918
1535 1684
1537 2636
1539 1900
1540 2855
1545 2514
1551 2753
1551 1803
1551 1775
1552 1746
1552 2436
1553 2804
1556 2872
1559 1638
1565 2197
1568 2659
1570 1798
1570 2386
1570 2555
1570 2046
1571 2138
1574 2362
1575 1604
1577 2748
1578 2889
1579 2376
1580 2037
1580 1655
1584 2401
1589 1957
1593 2459
1594 2936
1595 2243
1595 2886
1595 2771
1596 2776
1597 1632
1597 1915
1597 1859
1598 2002
1600 1937
1602 2525
1604 2636
1604 2106
1606 2386
1607 2504
1607 1622
1609 1887
1610 2570
1613 2472
1614 1702
1615 2329
1616 2514
1616 1939
1618 2773
1619 2885
1620 2744
1620 2896
1620 2626
1622 1882
1630 2703
1631 2683
1634 2089
1634 2935
1637 1817
1640 2482
1641 2782
1642 1955
1642 1734
1645 1666
1651 2745
1652 2654
1656 1834
1657 2315
1669 2174
1674 1906
1675 1791
1676 1788
1679 2736
1684 2308
1689 1705
1691 2112
1691 2539
1692 2185
1696 2336
1696 2314
1698 2100
1701 2590
1703 2673
1705 1824
1709 2409
1712 2664
1718 2158
1722 1978
1728 1923
1729 2680
1729 2422
1729 2054
1732 2606
1734 2234
1740 2361
1740 1999
1742 2192
1742 2043
1745 2553
1745 1780
1747 2220
1750 2531
1756 1942
1757 2898
1760 2771
1768 2216
1773 2441
1775 2834
1775 1939
1776 2500
1778 2909
1779 1938
1780 2737
1782 2850
1782 2919
1786 2721
1786 2590
1787 2736
1788 2419
1790 2192
1790 2869
1792 2425
1796 2608
1796 2562
1796 2892
1801 2278
1807 2539
1809 2512
1812 2136
1812 1860
1813 2414
1815 2079
1818 2527
1822 2538
1822 2790
1827 2631
1829 1897
1830 2607
1832 2129
1834 1960
1835 2264
1837 2591
1839 2894
1839 1887
1841 2765
1841 2359
1844 2579
1860 2443
1862 2576
1862 2492
1862 2510
1866 2513
1866 1921
1867 2241
1870 2392
1875 2006
1875 2270
1881 2777
1884 2494
1888 2556
1890 2200
1890 2524
1896 2364
1898 1987
1902 2694
1907 2312
1919 2840
1919 2490
1929 1957
1930 2092
1934 2869
1944 2863
1945 2834
1949 2116
1950 1954
1959 2532
1960 2019
1961 2549
1961 2870
1964 2792
1967 2292
1967 2548
1971 2713
1971 2837
1975 2512
1977 2729
1980 2505
1984 2330
1988 2092
1988 2183
1989 2896
1997 2015
2000 2468
2000 2663
2005 2117
2011 2536
2016 2586
2017 2211
2017 2027
2020 2294
2021 2451
2022 2514
2027 2829
2032 2925
2032 2751
2035 2678
2043 2728
2043 2879
2046 2250
2052 2596
2052 2658
2057 2228
2058 2225
2064 2862
2070 2481
2071 2379
2072 2504
2081 2680
2081 2294
2084 2249
2084 2873
2085 2333
2091 2849
2095 2501
2107 2587
2107 2738
2108 2654
2123 2907
2123 2540
2124 2126
2128 2871
2130 2277
2130 2725
2132 2591
2134 2581
2135 2338
2139 2741
2140 2725
2141 2412
2145 2801
2148 2834
2151 2331
2152 2751
2153 2811
2155 2431
2159 2846
2167 2880
2167 2866
2176 2447
2180 2837
2188 2897
2195 2911
2202 2549
2204 2211
2204 2676
2212 2357
2214 2667
2224 2356
2226 2731
2227 2480
2228 2464
2232 2644
2234 2652
2235 2858
2242 2703
2248 2372
2248 2765
2252 2496
2269 2452
2273 2455
2276 2915
2276 2389
2280 2785
2287 2703
2297 2838
2302 2798
2307 2720
2310 2503
2311 2453
2318 2588
2320 2767
2336 2346
2337 2390
2340 2810
2341 2908
2348 2747
2352 2464
2357 2493
2363 2384
2364 2692
2364 2492
2388 2790
2391 2415
2395 2930
2395 2933
2411 2441
2412 2912
2417 2816
2428 2703
2431 2453
2432 2829
2432 2703
2443 2839
2445 2919
2455 2805
2458 2623
2465 2779
2466 2923
2468 2934
2486 2669
2487 2512
2495 2690
2500 2662
2504 2921
2506 2533
2509 2539
2512 2723
2512 2581
2520 2650
2528 2598
2536 2552
2539 2703
2543 2581
2544 2787
2545 2846
2551 2747
2555 2907
2556 2928
2564 2792
2572 2915
2576 2729
2580 2719
2597 2844
2601 2839
2611 2675
2656 2897
2661 2667
2681 2825
2684 2761
2704 2835
2740 2900
2744 2758
2760 2909
2778 2817
2792 2841
2801 2891
2811 2820
2829 2855
2852 2927
2889 2913
