1 4854
2 3916
4779 3891
2455 3040
5 4091
4102 1922
4102 2498
2049 1531
2049 829
2058 3137
2058 1683
2059 3280
4108 2285
2061 2522
15 2279
2064 143
2065 1069
2066 1098
2068 1676
21 4555
2251 738
23 4491
2072 3167
4100 4245
3759 2980
2077 577
2078 3679
2053 2468
4570 998
33 2571
34 556
34 2542
34 927
4131 3254
2084 1331
2084 215
39 3086
2088 2707
2089 3691
4139 266
4139 1829
44 4864
44 3169
4141 340
48 3151
2098 1650
2739 1102
2100 576
2100 959
3659 4165
3081 866
3081 4611
4152 943
57 1246
4156 4903
4157 1139
64 4008
64 4664
2115 3212
4503 2917
2117 4305
2117 111
70 1798
2120 673
74 574
2123 486
77 3267
4174 2899
2128 122
81 4642
2130 3249
84 4486
4640 2818
4184 2029
4185 951
90 639
2140 462
93 3817
94 1106
95 2846
4504 3783
100 4817
2149 4819
4198 804
103 4740
104 2899
106 1228
4206 1980
4206 4654
111 246
2408 354
114 4268
4212 3370
117 1128
2166 904
119 2709
120 4403
121 3508
122 3340
122 4822
123 4806
124 4929
124 4908
4222 1126
4117 1393
2335 3481
129 877
4226 4820
3435 2161
4228 1537
4228 2845
2181 3342
134 4399
2186 2709
2189 2285
3096 3111
4242 866
4243 1102
4245 264
4249 2565
4251 3429
156 347
4255 187
4256 1263
2209 2322
163 1616
4260 1792
2758 4073
166 4882
4264 1794
2218 2794
2947 4459
176 181
178 3920
2228 2703
181 4440
181 4474
4278 3686
4279 1673
186 1033
189 3283
4287 4535
4288 1873
2080 4113
194 4022
197 883
197 1518
2246 3741
3105 4869
3105 2606
201 3556
4298 528
203 1253
4300 1843
2253 2676
2254 2999
2256 703
209 3230
210 2096
2261 833
214 1551
215 4831
216 294
220 1905
220 1306
221 1781
221 4885
222 2436
223 1397
4188 4479
225 4374
4322 991
227 4395
2277 2577
4326 3728
4326 1013
232 4448
2281 4714
4475 2507
237 3117
4334 369
239 4674
2288 3648
2289 3513
4339 1543
246 1853
4343 411
4344 2427
4345 888
250 400
4516 4580
256 992
256 3239
2306 4797
726 2571
726 2015
4358 3736
4358 3415
2316 295
270 3571
271 897
272 2521
273 4745
274 3839
3801 4773
2328 1777
281 2995
4378 3495
4442 1810
4383 1429
289 2583
2339 797
4486 985
294 1822
2346 4196
4399 548
4399 3917
2353 4770
307 353
2356 1662
3806 3057
310 3795
4489 1682
4443 4024
2365 561
321 3532
4418 2234
323 1758
324 3519
3809 3746
4424 2511
4425 2396
4239 3716
2383 1574
4433 3209
1716 3392
4438 4829
2105 1584
346 3657
347 4637
350 2630
4447 1380
353 3009
360 2960
360 3934
2411 3021
2412 3785
2450 975
367 3351
2416 2137
4466 1398
371 4542
372 380
4841 976
376 3650
4474 2778
379 628
381 3778
4479 393
386 1711
3050 3833
2436 4524
390 1847
3559 4525
392 2959
4490 2873
396 2850
2446 4419
4845 2941
401 1992
402 2717
403 1591
2452 2429
406 1177
407 2025
407 1018
2456 3117
4505 4938
4505 3019
2460 646
4509 1526
4510 3126
4511 2620
418 3128
2459 4901
4517 4920
4518 3190
4522 673
427 682
432 3831
4529 3655
2482 1771
2483 951
438 3337
438 669
2487 2372
2676 4027
4852 3613
2490 3467
2490 1959
444 886
4170 4829
446 3450
446 651
4543 1781
4544 1493
449 2555
4546 709
4171 1624
4171 827
2500 4548
453 1723
2502 4718
4555 695
4557 587
2511 937
464 3957
2514 1376
4563 2838
470 3505
471 3840
474 1107
2523 4712
476 4911
476 2887
483 645
484 2598
2533 3037
2536 506
4585 4790
4585 3478
493 4877
4591 1032
4592 1481
2545 1376
2546 1217
501 3465
4180 2582
3995 3986
4611 2226
516 1275
517 3627
4615 1628
1452 4065
4621 3883
527 1289
528 992
2577 3944
4628 3254
2583 1872
536 1708
537 2019
4637 1815
4639 1677
4327 1620
2601 1406
2601 1278
554 3004
557 3764
558 891
2611 4431
4660 2585
4190 1687
575 1326
577 3446
4861 2028
4861 3917
4406 4680
583 3467
2632 3104
2633 1616
588 764
2637 1946
590 907
781 2775
2640 595
4690 2043
2644 4711
2644 4295
4657 4095
2646 4708
603 3500
2654 4368
607 3848
4708 1007
2150 2817
4537 4067
2678 4387
3154 1360
2689 964
4748 3149
4748 1775
4750 1438
2703 2918
3909 3625
2711 3297
4548 4887
4763 1537
2717 1888
2501 741
4770 1731
678 1210
4209 1166
682 3529
683 2172
685 1938
2735 997
2737 3281
2737 1404
691 1048
691 3347
693 1873
693 4670
4794 1600
4797 3879
2214 4210
703 1465
2753 3615
2755 1416
709 3639
4808 4923
716 3020
717 4914
718 4834
4817 1132
722 3730
722 1711
4819 2207
2510 3817
4825 1111
2781 1869
734 1937
2784 4054
2512 1501
739 535
742 3998
746 3571
2797 3794
2804 3397
760 3045
4857 2025
762 4366
765 2873
4862 841
767 3288
774 1795
780 1081
780 4747
2830 3894
2832 850
788 3073
788 4290
790 2966
2839 3085
792 848
4890 1239
797 1088
4901 2904
807 1033
2524 3060
4907 3856
4907 4328
2866 935
816 1997
1843 4009
2868 3085
4920 3208
4920 1346
2874 4724
4930 1933
1163 1772
4461 2554
859 3979
859 3639
2909 3668
3579 3473
2912 1450
2918 3975
1511 1475
2926 1794
2932 1334
2935 1851
2935 3693
2938 4093
2943 1835
896 4001
899 3760
905 3556
2954 3197
908 3734
3907 3188
1860 3651
923 2978
924 3589
926 1364
839 3150
948 3402
952 3557
958 3283
962 3368
964 3348
967 2297
967 3434
3022 4812
976 3748
977 1190
3026 3511
986 1488
992 1181
3043 3675
3043 1547
996 1574
1002 1681
1004 1905
2625 3958
3072 3247
3243 4484
3078 1549
2561 3485
4126 4652
3085 2440
3085 1387
3085 1071
1039 3726
3089 3763
4272 550
3113 1522
1066 3910
1079 1240
1081 1304
1083 1107
3133 1656
3133 4407
1086 1666
3138 1362
1091 1705
3161 4625
1114 3705
3166 1236
3171 1526
1124 1933
3173 2971
1133 1245
1143 3528
1150 1208
4130 3024
4812 1635
3206 4002
1159 4030
535 1855
1164 3816
1164 3382
2925 1404
1219 4021
789 1439
3221 3299
1175 3666
4294 2606
3239 3776
3239 1303
2631 4050
2631 4006
4295 2977
1675 1937
3585 3269
1203 956
2249 1908
1209 1258
1214 1673
3263 4775
1223 1363
1230 1622
3296 1996
550 4420
1254 1974
3964 4216
3964 1316
2258 1727
1747 3488
2602 1404
2602 3677
1579 3904
1579 3055
3335 1491
1290 2636
1291 3999
3340 3462
1295 2786
1791 4088
2606 3653
3351 3832
3351 3562
1304 1999
1316 3863
4681 3066
2226 4798
1330 3953
1930 3480
4837 3670
4321 4034
1352 3374
3401 3586
3404 3552
1360 1965
1365 1528
1365 1820
1370 912
3433 1680
3440 4420
1395 4565
2624 1557
1415 3679
2285 3955
3472 1976
1438 1674
2971 3930
3499 1881
3502 1771
1459 1503
1472 3976
1489 3908
3557 3798
3562 1582
1783 4420
1961 2660
4488 3536
3582 1670
3593 1841
4484 4394
1552 4799
1564 4213
1569 1727
3620 4473
1597 956
2999 4289
1615 1831
3683 3802
3678 3653
3685 1879
1644 4081
4031 3749
1696 1952
1721 3956
3271 4091
3877 2047
3818 1836
3822 4065
1320 3952
2687 1811
1798 1845
1812 1940
3871 1932
3878 1978
3900 4769
3724 4116
1866 4028
3922 1969
1678 3965
4002 4022
