1 2
1 3
1 4
2 304
2 3160
2 3161
2 3162
2 3163
3 323
3 324
3 325
3 302
4 336
4 363
5 8
5 9
5 6
5 7
6 2426
6 2446
7 2241
8 2241
9 3164
9 2479
10 11
11 2285
11 2351
12 13
13 3157
13 3165
14 15
15 102
15 107
15 144
15 145
15 146
15 3166
15 3167
16 17
16 18
17 32
17 31
17 3168
17 3169
18 41
19 20
20 3170
20 21
21 22
21 23
21 24
21 25
21 26
22 27
23 3171
23 3172
24 90
25 3171
25 164
25 3173
25 59
25 179
25 27
26 30
27 55
28 29
28 30
29 3174
29 3175
29 148
29 53
29 54
29 85
30 59
31 3176
31 34
31 33
31 3177
32 82
32 141
33 3178
33 3179
34 100
35 36
35 37
36 3178
36 38
37 157
38 39
39 188
39 138
39 3180
40 41
40 42
41 95
42 3181
43 44
44 109
44 94
45 46
46 130
46 3182
46 367
46 49
46 3183
47 48
47 49
48 99
49 109
49 3182
49 3184
49 3185
50 51
50 52
51 80
51 3186
51 110
52 3187
53 3188
53 54
53 55
54 55
55 62
55 179
56 57
56 3181
57 3189
58 59
59 152
59 108
59 81
59 3190
59 3191
59 153
60 61
60 62
61 3192
61 91
61 62
61 3174
62 75
62 179
62 3193
62 3194
63 64
63 65
64 112
65 160
65 68
66 67
66 68
67 112
68 3195
68 3174
69 70
70 72
70 71
71 73
71 74
71 75
71 3196
72 78
73 76
73 77
73 3197
73 3198
73 3199
74 3200
74 114
74 116
74 119
74 120
74 121
75 3196
76 3202
76 87
76 89
76 3201
77 112
77 3203
77 159
78 79
79 180
80 3186
80 81
80 83
80 82
81 84
82 3204
83 172
84 3205
85 86
86 184
86 3206
86 135
87 88
88 161
88 3207
88 3208
88 3209
88 138
88 189
89 148
89 134
90 91
90 92
91 156
92 3194
93 94
94 425
94 3210
94 109
94 142
94 433
95 172
95 158
96 97
96 98
96 3166
97 3211
97 3212
97 166
98 104
98 3211
98 3213
99 127
100 101
101 136
102 103
103 145
104 105
104 107
104 106
104 3213
105 107
106 107
107 3180
107 3209
108 109
109 1765
109 140
109 3214
110 111
111 112
112 3215
112 3216
112 159
113 114
114 3217
114 3218
114 117
114 118
115 116
116 122
117 3219
117 756
118 3220
118 3221
118 3222
118 3223
119 161
119 743
119 728
119 3220
119 3224
119 3225
119 3226
119 3227
119 767
120 728
120 697
120 3228
120 3229
121 3230
122 164
122 163
122 165
123 124
123 125
124 131
124 3231
125 176
125 3232
126 128
126 129
126 127
127 130
128 129
128 167
129 193
130 147
131 132
131 133
131 3231
132 134
132 135
133 186
134 185
134 3233
135 3205
136 137
137 138
138 139
139 189
139 742
140 3191
141 3234
141 3235
142 143
143 180
144 3236
145 187
146 3212
147 372
147 3237
147 3238
148 149
149 164
149 3239
149 3240
149 3241
149 3242
149 167
149 173
150 3211
150 151
151 166
152 154
153 175
154 155
155 425
156 3244
156 3243
156 3245
157 158
157 159
158 3189
159 172
159 3246
159 3187
159 183
160 174
161 162
162 758
162 3247
163 3248
163 3249
163 164
163 170
164 3250
165 456
165 170
165 2790
165 653
166 3203
167 168
168 2549
168 382
169 3173
170 401
170 433
171 3192
172 3215
173 377
173 2783
174 175
175 3251
176 177
176 178
177 3252
178 3233
178 3253
179 3205
179 180
179 181
180 182
181 3141
182 3254
183 3195
184 3255
185 186
185 3252
186 190
186 191
187 3256
187 188
188 3250
189 713
189 3258
189 3257
190 194
191 3253
192 3180
193 3237
194 3234
195 3259
195 196
195 197
196 232
196 235
196 3260
196 3261
196 3262
197 275
197 288
198 200
198 201
198 199
199 202
199 203
199 204
200 3263
201 284
201 295
202 3264
202 204
202 239
202 240
202 282
202 286
203 3265
203 3266
204 275
204 235
205 206
205 207
206 3267
206 3268
206 3269
206 208
206 209
207 265
207 3270
207 293
208 228
208 3269
208 3271
208 3272
208 269
208 237
208 239
209 3272
210 211
210 212
211 3273
211 212
211 266
212 284
212 3274
212 3263
213 214
213 215
214 220
214 3275
214 3276
215 260
215 3277
216 217
217 218
217 223
218 219
218 220
218 221
218 222
219 231
219 3278
219 3279
219 3280
219 242
220 3273
220 3275
220 240
220 3281
221 222
222 3282
222 3275
223 291
223 3283
224 225
225 226
226 227
226 228
226 229
226 230
226 231
227 228
227 229
227 230
227 231
227 268
228 3264
228 230
228 3284
229 230
230 268
230 269
230 270
230 271
231 3280
232 233
232 234
232 3260
232 3285
233 3261
233 3286
233 3285
234 3285
235 236
236 2882
238 240
238 237
238 239
239 272
239 3264
240 260
240 243
241 3278
242 244
242 3279
243 3264
243 244
244 3288
244 3287
245 3289
245 3290
245 246
245 3270
245 247
246 248
246 249
246 250
247 3289
247 3291
247 3292
248 3288
248 3287
249 3291
250 254
250 3293
250 293
251 252
251 253
252 290
252 3286
253 2866
253 3294
254 3293
255 256
256 280
256 281
256 3295
257 258
258 259
258 260
259 3296
260 3297
260 262
261 262
262 3298
262 3299
262 263
262 264
262 3300
263 3301
264 3297
264 3302
265 3303
266 267
267 286
267 287
268 271
268 270
268 269
269 270
269 271
270 3272
270 271
271 3304
272 1016
272 877
273 274
274 275
274 276
275 294
276 3305
276 2892
276 2893
276 3306
277 3297
278 279
279 280
280 281
281 292
281 3296
282 3307
283 284
283 3308
283 285
284 3309
284 3310
284 3263
285 3311
286 3274
287 3312
288 289
289 870
289 778
289 784
289 957
289 959
290 2868
290 2867
291 3313
292 3314
293 3315
293 3316
294 3317
295 3318
296 297
296 298
296 299
296 300
296 301
296 3160
297 303
297 302
297 3319
298 3320
298 3163
299 3320
299 300
300 344
301 342
302 320
302 319
302 3319
304 3321
305 306
306 3322
306 347
306 356
306 3323
307 308
307 309
308 336
309 1664
309 328
309 1677
309 1684
309 1685
309 1654
309 3324
309 3325
317 303
326 303
353 303
354 303
3283 237
3319 303
