1 834
2 80
2 210
3 1554
5 1132
5 941
5 1287
6 864
7 898
8 1513
8 1204
8 573
9 28
9 1094
11 531
11 188
11 1519
12 736
12 393
12 1349
13 992
13 315
13 1267
14 218
14 835
15 905
15 1442
15 387
16 931
16 774
17 810
17 1180
18 1039
18 131
18 1004
18 327
20 1032
20 225
20 77
21 783
22 1116
22 1011
22 852
22 101
23 72
23 136
23 98
23 672
23 474
24 1309
24 54
25 765
25 29
25 589
27 1563
27 1330
27 459
28 569
28 142
28 335
29 1019
29 980
30 712
30 1039
30 1309
30 967
31 1018
31 1084
31 1326
32 1273
32 1263
33 524
33 404
33 1265
34 138
34 1004
35 432
35 887
35 1163
35 494
35 535
36 842
36 220
37 339
38 1537
38 498
39 369
39 1381
41 888
41 658
43 493
46 672
46 704
46 803
46 1152
46 940
46 1117
48 960
48 585
49 547
50 1344
50 1568
50 140
50 855
51 748
51 518
52 1177
52 1061
53 840
53 889
53 1513
54 421
54 552
54 110
54 1367
54 190
55 291
55 1373
56 722
56 772
57 1353
57 1085
58 665
58 1175
58 1213
58 463
59 895
59 751
60 178
60 987
61 880
61 1468
61 506
61 292
62 237
62 1119
64 1175
64 212
64 1422
64 439
65 553
65 899
65 1340
65 1350
65 295
67 1009
68 1176
69 113
69 835
69 483
69 1451
70 762
70 1414
71 818
72 1080
72 1570
72 1284
73 811
73 980
74 1252
74 1061
74 1431
75 1052
75 815
76 1218
76 1387
76 829
77 552
77 1533
78 434
78 706
78 1154
78 631
79 296
79 628
79 110
79 967
80 988
80 948
80 325
81 227
81 388
82 464
82 1372
83 1460
83 268
85 1508
85 943
85 1127
85 941
85 1551
85 1007
86 1136
86 515
87 194
87 420
87 361
87 1558
87 1017
87 1018
88 809
88 1158
88 1383
89 1450
89 1148
90 953
90 1539
91 1242
92 1384
92 933
95 161
96 1344
97 644
97 1029
98 915
99 1085
99 855
100 625
100 1305
100 849
100 351
101 766
102 1049
102 645
102 415
104 194
104 738
104 910
104 903
105 1074
105 618
105 843
105 733
105 917
106 112
106 1224
106 292
106 301
106 558
107 854
108 1409
108 1427
108 614
109 1053
109 486
110 1184
110 801
111 1030
112 859
112 155
113 467
113 308
113 1341
114 985
114 363
114 1465
115 614
118 1097
119 343
120 1375
121 1546
122 793
122 890
122 1519
123 1493
123 951
124 1041
124 578
124 1340
124 589
125 1480
125 876
125 397
126 366
126 1015
128 785
128 1219
128 636
128 711
129 736
129 1060
130 1556
131 320
132 758
132 767
133 1243
134 1417
134 1423
134 159
135 1077
136 555
137 921
138 1162
138 814
139 1478
139 347
139 453
139 558
139 1013
140 403
140 290
141 1091
141 422
142 1288
142 974
143 1268
143 997
144 456
144 732
144 190
145 1369
146 1014
146 1332
146 685
146 334
147 345
147 1098
147 1116
147 1138
147 1113
148 1488
148 410
148 835
148 1138
148 1263
150 167
151 234
152 571
153 304
153 527
154 962
154 412
154 559
155 1519
156 1553
156 226
156 621
157 556
158 1457
158 1346
159 952
159 414
160 1488
160 1308
160 508
162 307
162 1253
162 807
163 1256
163 797
163 1398
164 648
164 519
165 676
166 360
166 937
166 866
166 806
167 870
167 1406
167 566
167 813
168 198
169 1313
169 1525
169 1457
170 1474
171 1250
173 1033
173 198
177 800
177 1450
177 724
177 1528
177 411
177 1482
178 1028
178 1222
178 328
178 332
178 913
178 247
179 1439
180 447
180 397
180 375
182 1074
182 1381
183 260
184 635
184 469
184 723
184 1189
185 585
185 1467
186 272
186 1346
186 613
187 1064
187 275
187 1060
187 1231
188 320
188 1103
189 547
190 785
190 845
190 941
191 1521
191 347
191 651
192 737
192 354
193 745
193 1282
193 1372
194 1454
195 1226
195 275
196 547
196 493
197 747
197 254
198 1389
199 1364
199 1345
199 892
200 1307
200 1278
201 1172
201 364
201 1332
202 1522
202 1031
203 448
203 331
203 981
203 1197
204 554
204 238
205 1433
205 1091
206 969
206 1242
207 533
208 1079
209 296
209 681
209 602
211 545
211 428
211 585
212 329
212 1314
212 467
213 873
213 343
214 505
214 330
214 1099
214 1108
214 561
215 762
215 1006
215 702
216 1201
216 684
218 776
218 346
218 1340
218 847
219 244
220 530
220 586
220 254
221 248
221 1062
221 687
222 1275
222 1276
222 1287
223 1548
223 267
223 403
224 269
225 1234
225 741
226 1168
227 944
227 794
227 775
229 371
229 1220
229 621
229 1053
230 630
231 1272
231 657
232 834
233 740
233 1317
234 564
235 240
235 1302
235 333
235 702
236 1245
237 1042
238 456
238 1338
239 725
240 738
242 1510
244 987
246 402
246 1387
247 926
248 987
249 1372
251 1219
251 959
252 800
252 1448
253 325
253 965
254 1173
254 792
254 1082
254 893
255 457
255 1542
255 590
256 1258
257 773
257 1094
257 1455
258 1536
258 338
258 1010
258 1389
259 1272
259 682
259 316
260 1287
260 1132
261 461
261 653
261 691
261 757
261 1402
261 1086
262 1521
262 746
262 1043
263 1265
263 755
263 934
264 496
264 1211
264 454
264 431
265 657
265 850
266 1215
266 551
269 841
270 617
270 1196
270 531
270 1524
270 1497
270 412
271 1242
271 1370
272 1152
272 1535
273 1210
273 1261
275 1091
275 1125
275 520
275 1294
275 1170
275 1015
277 965
278 687
280 872
280 1329
280 1058
281 1383
282 707
282 1284
282 1110
282 1439
283 1004
283 1189
284 1254
286 1211
286 1053
288 1511
289 514
289 549
289 950
289 957
291 711
291 1085
291 334
293 1504
293 1410
293 734
295 434
295 790
296 863
297 978
298 1184
298 343
299 761
299 1205
300 1560
300 407
301 566
303 1094
303 566
303 1519
307 1199
307 829
307 863
308 355
308 1543
309 872
309 1424
309 851
311 1365
312 1281
312 1419
313 705
314 1506
314 430
314 1535
316 439
318 1192
318 595
318 1111
319 410
319 502
320 960
320 1373
321 345
321 763
322 856
322 1466
322 941
322 1302
324 944
326 553
326 333
326 1013
328 1275
328 1444
328 1557
328 407
329 433
330 345
331 1048
331 1303
332 948
332 549
332 519
333 1264
333 481
333 1255
334 558
336 744
337 1312
337 1477
337 1494
338 504
339 385
339 953
340 1057
340 361
340 748
340 1331
340 792
340 1018
342 1033
342 919
342 1542
342 1182
342 455
343 752
343 1049
344 940
345 961
345 1068
345 662
346 464
346 444
346 1330
347 418
347 844
347 478
348 1254
348 854
348 1119
349 1077
349 1198
350 1044
350 362
350 675
350 708
351 1305
353 648
354 889
354 779
354 677
355 1033
355 1346
355 501
355 959
356 1034
356 1340
356 805
357 1168
357 1035
357 780
357 1510
357 446
358 1168
358 1084
360 884
361 1289
361 532
361 1079
361 636
362 458
362 909
363 487
364 644
365 1475
365 573
365 918
366 579
366 942
366 1519
367 1132
367 997
368 1113
368 492
369 849
369 1524
369 933
370 617
370 479
372 462
372 1239
373 721
373 1547
373 937
374 980
374 1346
374 772
374 1559
375 1033
376 1004
377 826
377 1563
379 498
379 998
381 1183
382 435
382 748
382 775
383 1115
383 604
386 560
386 910
387 1466
388 513
389 1564
392 729
392 539
393 1522
394 1201
395 923
397 558
397 847
398 1317
398 1502
399 809
400 991
400 1348
400 415
401 763
401 447
402 1011
402 486
403 739
404 643
404 944
404 979
404 885
404 1463
404 1211
405 1110
406 489
406 1193
407 899
408 886
408 879
409 1077
412 1156
412 1162
412 1263
413 1432
414 651
414 1302
415 1202
415 494
417 547
418 1300
419 1065
419 554
419 786
422 469
423 1565
424 538
424 1477
425 1227
425 1413
425 1558
426 882
426 660
426 1045
429 489
430 1411
432 1364
433 1213
434 582
435 1377
435 806
438 1420
439 1149
439 471
440 995
441 1298
441 916
441 1077
441 846
442 1126
444 907
444 564
444 1034
445 823
445 779
445 453
445 447
446 490
447 757
448 1461
448 494
448 999
449 848
449 1365
449 1405
451 1356
451 1332
452 747
452 780
452 599
453 1506
454 599
455 934
458 1065
458 634
459 482
459 823
460 920
460 1098
460 767
461 1089
461 1500
461 901
462 882
463 747
463 1570
463 943
464 788
465 1295
466 1200
466 1323
466 510
467 1122
468 1029
470 956
470 636
472 1138
472 1205
473 1544
473 1009
474 1287
475 1080
475 890
475 611
476 1141
476 1255
477 1363
478 742
479 952
479 665
480 1324
481 1135
482 858
483 1154
483 1251
483 1158
483 1037
483 1136
484 1032
484 1450
484 1191
485 1088
485 1362
485 947
485 990
485 718
487 1503
487 1167
488 1041
488 555
488 1044
489 922
489 1179
489 636
490 746
491 522
491 1306
491 1374
492 690
492 1548
493 1372
494 772
494 692
497 1463
500 992
500 902
502 1034
502 1236
504 1322
506 849
507 1127
508 1381
509 690
510 1441
510 1382
511 1280
513 782
514 1286
516 585
516 1438
517 872
518 1190
518 1063
518 1544
518 941
518 1326
518 789
519 1379
519 589
519 669
519 1008
519 1373
519 1053
520 769
520 852
520 694
520 865
521 1031
522 1209
522 1269
522 1417
523 1406
524 830
525 1535
526 1263
527 1349
529 540
529 727
531 1306
533 983
534 639
535 874
535 1179
535 694
536 791
537 1241
537 1119
538 825
538 1280
538 1391
541 1438
542 1537
542 1011
543 1000
544 1032
545 680
545 1476
546 1036
546 743
547 589
547 1528
548 1037
549 1512
549 795
550 1437
551 1252
551 1454
552 561
553 928
554 828
554 1373
554 1567
556 1528
556 1026
556 1324
557 809
557 596
558 870
558 684
559 1041
560 1264
560 1448
560 930
561 1382
562 1075
562 1332
562 871
563 817
563 686
566 1379
566 1394
566 1084
567 1522
567 1482
567 829
567 917
568 876
569 932
570 970
570 1044
572 1516
572 1150
573 758
574 577
574 1322
574 775
575 802
575 1189
575 1070
576 1033
579 1422
579 1276
579 1174
579 1359
580 912
581 887
584 1247
587 1336
587 1534
588 827
588 691
588 1006
590 737
590 1564
590 1517
590 1150
592 1021
592 1351
594 1152
595 676
596 1079
598 872
599 1429
600 1024
601 1560
602 1240
602 1412
602 945
603 1249
604 778
604 1310
605 1409
605 1330
605 1003
606 864
606 1236
606 1254
607 1077
607 1445
610 875
610 1214
611 1042
612 1412
613 1313
613 1253
613 1269
613 1055
613 1173
615 969
615 1395
615 1519
616 1199
618 714
618 1061
619 1081
619 1338
622 987
622 1359
623 1515
623 1462
623 1078
626 642
626 1438
627 1481
627 1277
628 921
628 1089
629 761
629 1540
629 719
630 1399
630 1124
630 1335
631 1409
631 1067
631 837
632 1138
632 973
633 1461
635 934
639 1155
639 1551
640 1064
641 994
641 1542
641 775
641 1165
641 664
641 1049
642 1217
644 1274
646 1546
647 1417
647 1099
648 952
649 1120
650 851
650 1062
650 799
651 892
651 1509
653 1432
653 1543
656 1091
656 1268
657 1449
660 1266
661 1040
661 1220
661 990
662 1338
663 1194
664 1497
665 1021
665 901
665 766
666 1364
668 995
670 1008
670 1315
671 1428
672 1543
673 881
673 1250
674 875
678 889
679 1285
681 1207
682 1213
683 1528
683 809
683 825
685 729
685 962
685 686
686 1162
686 1134
686 1200
686 1051
686 1310
687 1048
688 929
688 911
689 1081
689 773
690 764
690 1391
691 864
691 1484
691 1395
691 724
692 1483
692 1454
693 1301
695 776
695 1291
695 1044
696 1233
697 1094
699 930
699 869
699 1455
702 953
702 1562
702 837
703 716
705 975
706 1548
707 1196
707 942
708 1052
710 1284
710 1349
711 1174
712 1555
713 938
713 932
713 1470
713 1047
714 851
715 1422
715 717
715 1382
715 1111
716 1255
716 1384
716 1167
716 951
716 1336
717 896
717 1134
718 1366
720 793
721 1432
722 1281
724 1035
724 1096
725 1023
727 962
729 1563
730 1409
730 1359
731 939
735 1522
735 955
735 1239
736 1022
737 849
737 1452
739 1038
740 787
740 1204
743 915
743 1550
743 1078
747 1026
747 1124
747 1469
748 1520
748 1163
749 1362
750 885
751 1170
751 1038
752 1291
755 1013
755 998
758 817
758 1006
762 1441
762 964
762 1491
762 1432
763 1295
763 875
763 796
765 1400
766 806
766 1449
768 1308
768 815
769 1446
770 809
771 1041
772 1266
773 1359
773 1364
777 913
778 1125
779 988
780 1400
781 1099
781 907
783 894
784 1296
784 1421
788 1565
788 1109
788 1015
789 809
789 954
789 1076
789 1345
790 1404
792 1042
792 1394
793 877
796 1549
798 1108
800 1137
801 1039
802 997
803 1128
804 968
805 1082
805 1031
807 897
807 915
807 1190
809 1361
810 1442
811 1362
813 846
813 838
814 1334
815 1559
816 1018
816 1330
817 1225
818 949
820 835
820 1134
823 1121
824 1372
825 1385
825 955
826 1000
827 1360
827 918
828 1176
828 1372
829 1299
829 980
831 1100
832 882
832 1532
832 1463
834 1491
835 911
835 1393
837 1449
837 1099
838 1092
839 1153
839 1437
840 1273
842 1058
842 1087
844 1434
844 1028
846 1526
846 1417
847 1449
847 1247
849 955
849 891
850 1195
852 884
853 1347
854 1339
854 1570
855 1324
856 1428
856 1438
858 1435
858 1023
859 1565
862 1484
862 1188
863 1468
863 1380
863 1507
864 1498
864 1351
866 1014
873 1547
873 1495
874 1448
877 956
877 1253
878 1334
878 1007
879 1049
879 1097
880 943
882 1320
883 1537
884 1422
885 1464
885 1374
886 1282
887 1532
889 1014
889 1402
890 1371
892 1564
895 1091
895 1005
896 1110
896 1573
898 1375
899 1083
899 1385
901 1132
902 980
902 1355
904 1239
905 1527
908 1182
909 1044
912 1305
914 1301
915 1268
919 1508
920 1319
929 1561
929 1362
930 1503
931 1399
931 1127
932 1520
932 1528
933 1006
936 1221
939 1010
939 1412
941 1091
941 977
941 1303
942 1264
947 1365
947 1173
950 1331
951 1370
952 1284
954 1519
955 1043
957 1302
961 1391
962 964
964 1407
965 1195
966 1214
968 1004
969 1457
970 1314
970 1565
973 1382
973 1391
974 987
974 1558
974 1573
975 1262
977 1004
979 1088
981 1490
983 1288
983 1218
983 1007
984 1114
986 1320
988 1094
991 1246
993 1016
998 1074
1000 1242
1001 1504
1002 1014
1003 1280
1003 1444
1004 1092
1007 1188
1008 1330
1009 1541
1011 1570
1011 1462
1013 1171
1015 1460
1021 1319
1023 1570
1026 1500
1032 1072
1033 1333
1035 1451
1035 1095
1040 1190
1041 1280
1044 1376
1045 1333
1047 1416
1047 1183
1048 1531
1050 1357
1054 1192
1054 1386
1054 1471
1054 1373
1054 1343
1057 1172
1057 1452
1062 1082
1064 1228
1064 1243
1067 1130
1067 1154
1070 1425
1073 1273
1073 1559
1075 1354
1078 1325
1079 1456
1082 1547
1082 1524
1082 1309
1086 1227
1087 1451
1091 1253
1092 1189
1092 1487
1092 1395
1092 1172
1092 1334
1092 1305
1093 1548
1093 1436
1094 1477
1094 1385
1095 1428
1096 1480
1096 1161
1096 1474
1097 1382
1100 1484
1100 1117
1102 1113
1102 1354
1102 1217
1104 1535
1105 1545
1105 1375
1106 1454
1107 1374
1108 1498
1111 1468
1111 1158
1113 1225
1115 1399
1116 1228
1121 1318
1122 1220
1123 1184
1124 1435
1125 1371
1125 1549
1126 1368
1126 1149
1127 1401
1129 1509
1130 1253
1133 1316
1135 1354
1136 1286
1138 1328
1139 1288
1143 1344
1143 1229
1143 1158
1144 1336
1145 1178
1149 1223
1150 1174
1151 1329
1151 1261
1154 1271
1156 1164
1160 1337
1160 1203
1160 1350
1161 1362
1163 1424
1164 1205
1164 1414
1166 1500
1167 1257
1170 1176
1170 1206
1173 1402
1175 1454
1176 1248
1176 1394
1180 1322
1187 1491
1188 1342
1192 1291
1193 1228
1195 1410
1201 1384
1205 1224
1205 1392
1207 1401
1208 1478
1215 1484
1216 1307
1220 1335
1221 1232
1223 1476
1223 1439
1227 1401
1229 1477
1230 1531
1232 1450
1233 1353
1233 1283
1233 1489
1240 1524
1241 1304
1242 1490
1246 1373
1248 1319
1249 1284
1254 1465
1258 1568
1262 1387
1262 1309
1265 1348
1266 1306
1268 1447
1270 1448
1270 1572
1270 1373
1271 1564
1272 1305
1275 1483
1279 1428
1279 1526
1280 1411
1280 1497
1282 1358
1285 1408
1290 1552
1291 1292
1294 1344
1294 1468
1298 1354
1305 1365
1309 1376
1314 1417
1315 1369
1318 1418
1321 1568
1322 1418
1326 1458
1327 1468
1333 1507
1335 1468
1338 1565
1344 1481
1346 1407
1348 1489
1352 1501
1356 1402
1362 1518
1363 1526
1368 1432
1368 1457
1374 1408
1379 1556
1380 1442
1394 1490
1395 1505
1396 1512
1400 1458
1403 1435
1407 1423
1408 1559
1413 1566
1417 1556
1434 1505
1443 1540
1445 1523
1455 1544
1463 1517
1465 1560
1469 1511
1474 1572
1483 1548
1484 1518
1500 1523
1509 1532
1525 1568
1539 1543
