1 37
6 544
12 37
13 682
14 182
18 544
22 96
22 165
22 236
22 394
22 140
22 306
22 436
22 795
22 1149
22 556
23 1148
25 548
25 741
25 38
25 264
25 1225
25 303
25 981
25 1111
25 1274
25 61
25 62
28 93
28 1309
29 1003
30 616
31 1001
31 435
31 1478
31 971
32 855
32 311
34 193
34 611
34 1255
34 488
34 957
34 1100
34 815
34 972
34 1171
34 1172
34 1141
34 342
34 313
34 123
34 61
37 960
37 675
37 1045
37 346
38 895
38 1465
41 1348
41 1285
41 167
41 264
41 815
41 1141
42 172
48 1122
48 1160
48 93
48 950
48 495
48 1021
50 1309
50 822
54 1032
55 699
57 241
57 906
57 787
57 1314
57 983
58 554
58 1131
58 182
59 806
61 1120
61 1465
61 1123
61 741
61 838
61 855
61 1422
61 783
61 1296
61 466
61 1141
61 311
61 795
61 981
63 488
63 855
67 788
67 253
67 940
67 1213
67 303
68 394
69 93
70 709
71 1485
72 580
72 1002
72 1458
72 948
72 342
72 311
72 1181
72 766
72 575
74 655
74 1108
74 767
74 647
76 815
77 787
77 915
80 1465
80 1459
81 1003
84 539
85 560
85 290
86 726
89 1298
90 1124
90 989
91 172
91 957
93 172
93 778
93 1296
93 1298
93 532
93 1221
93 417
93 551
93 424
93 812
93 306
93 183
93 313
93 650
93 1348
93 711
93 1098
93 206
93 852
93 981
93 728
93 475
93 734
93 610
93 402
93 502
93 378
93 1407
94 483
94 694
94 687
96 709
96 1309
96 339
96 342
96 825
96 957
96 958
98 306
98 571
98 957
98 711
101 1137
101 1364
101 126
102 576
102 1120
102 1122
102 1381
102 165
102 1190
102 1185
102 265
102 138
102 775
102 303
102 304
102 401
102 1298
102 1451
102 342
102 1274
102 394
102 799
103 487
103 424
103 169
103 488
103 1202
103 823
103 313
103 285
104 1123
104 236
109 264
109 1096
109 274
109 1459
109 468
109 1340
110 165
110 199
110 1100
110 205
110 304
110 1465
110 1149
112 761
114 569
114 571
115 815
118 1177
118 1001
118 1148
118 815
119 1096
119 569
119 194
119 548
120 858
120 611
120 812
121 1472
121 1166
121 788
121 799
121 1323
121 947
121 823
121 313
121 1213
121 446
121 1344
121 850
121 853
121 726
121 569
121 729
121 604
121 1122
121 1123
121 616
121 532
121 1274
123 416
123 1003
123 342
123 231
123 1098
123 587
123 1010
123 1046
123 394
123 1418
126 673
126 644
126 1254
126 1319
126 518
126 916
126 767
130 1472
130 940
130 854
132 336
132 1148
132 709
132 775
136 569
136 1255
136 1111
137 569
137 1110
137 729
138 506
138 1034
138 781
138 1006
138 957
138 345
138 602
138 394
138 734
139 550
140 929
140 1123
140 165
140 1430
140 1127
140 1416
140 169
140 791
140 1296
140 947
140 729
140 601
140 1323
140 253
140 1150
140 191
144 1003
144 1173
145 399
146 571
146 579
146 795
146 1148
146 957
148 491
148 394
148 267
148 1100
148 339
148 1213
149 416
149 181
150 347
151 313
152 1386
153 264
153 339
155 1001
155 957
157 880
159 557
162 569
162 957
163 1296
163 1348
163 940
163 436
163 1151
165 801
165 610
165 1123
165 342
165 1190
165 1287
165 883
165 1202
165 1299
165 569
165 378
165 795
167 394
169 548
169 199
169 1394
169 989
169 306
169 788
169 729
169 1124
169 730
169 1084
169 1053
170 342
172 775
172 1416
172 791
172 1049
172 282
172 1051
172 1202
172 819
172 564
172 199
172 1096
172 466
172 1114
172 1120
172 741
172 1127
172 233
172 1006
172 1010
172 1016
172 298
175 957
181 342
181 709
182 1011
182 766
184 1287
186 914
189 230
189 958
190 453
190 1318
191 424
191 1231
191 1299
191 855
191 1465
191 446
193 550
193 488
193 1001
193 460
193 610
193 989
193 1448
193 466
193 819
193 534
193 729
193 858
193 799
193 253
193 1055
194 519
194 1042
194 602
194 550
194 1063
194 1451
194 300
194 306
194 952
194 1215
194 1088
194 1220
194 1357
194 981
194 854
194 730
194 348
194 989
194 1123
194 1124
194 495
194 764
194 510
194 1151
195 1255
197 604
199 321
199 1218
199 475
199 1063
199 264
199 522
199 1415
199 1394
199 1166
199 818
199 1001
199 726
199 937
199 858
199 1468
199 604
199 1309
199 735
200 1081
201 400
201 1185
201 1298
201 491
201 711
205 451
205 550
205 556
205 304
205 1107
205 1309
207 708
207 1255
207 1160
207 484
207 311
207 313
207 1084
210 616
211 584
211 645
212 1166
213 711
218 1418
220 1365
225 1368
225 683
225 1476
230 1141
230 1003
230 491
231 610
231 394
231 1297
231 819
231 602
232 597
233 321
233 1348
233 1465
233 1081
233 729
233 569
236 1063
236 1003
236 1296
236 264
236 1298
236 244
236 313
236 794
236 571
240 808
240 713
240 1141
240 377
241 1203
242 399
243 711
244 768
244 416
244 578
244 579
244 519
244 712
244 1098
244 989
244 400
244 1000
244 1010
244 788
244 1013
244 1448
244 1274
244 794
244 285
246 416
246 265
246 788
246 855
247 974
249 905
250 576
250 416
250 867
250 1448
250 841
250 1290
250 940
250 1325
250 495
250 1169
250 883
250 853
250 313
253 579
253 929
253 1450
253 759
253 1100
253 306
253 846
253 304
253 1298
253 1006
253 1110
253 1111
253 602
253 947
254 424
254 825
254 306
254 1132
254 1046
263 1450
264 929
264 802
264 475
264 390
264 729
264 267
264 1010
264 468
264 1177
264 795
264 285
265 810
267 1185
267 711
272 1148
272 579
272 940
272 1166
272 775
273 1001
273 706
273 1006
274 1345
274 1122
274 490
274 1003
274 794
274 1051
274 1119
279 815
281 709
282 709
282 711
282 825
282 1084
282 1213
284 313
285 365
285 558
285 1416
285 1426
285 883
285 734
285 855
285 788
285 1021
285 1150
288 1456
288 446
288 726
291 1075
291 1109
294 1330
294 1387
294 1012
294 951
296 600
296 353
296 708
296 1407
298 306
298 855
299 1270
300 1001
300 957
303 1448
303 812
303 1010
303 1016
303 730
303 799
303 1213
303 1055
304 488
304 729
304 1100
304 1309
304 1299
304 819
304 1111
304 1081
304 858
304 1150
305 569
305 957
306 1287
306 1299
306 1309
306 801
306 1063
306 1448
306 823
306 501
306 311
306 466
306 853
306 342
306 728
306 1119
306 1121
306 488
306 874
306 883
306 1141
311 385
311 390
311 1304
311 1177
311 539
311 1055
311 801
311 802
311 1059
311 422
311 936
311 1451
311 940
311 958
311 1347
311 459
311 506
311 866
311 1000
311 378
311 1151
313 390
313 493
313 912
313 788
313 416
313 1190
313 829
313 575
313 1218
313 977
313 728
313 1296
313 616
313 877
313 501
313 1274
313 1150
314 960
316 330
320 361
320 636
320 549
320 1302
321 385
321 748
321 424
321 588
321 1448
321 342
321 1055
327 1171
330 1040
333 1504
333 461
335 1373
336 1124
336 850
336 855
338 1149
339 1185
339 1348
339 1448
339 1450
339 491
339 1132
339 850
339 1042
339 729
339 957
339 958
342 491
342 1167
342 401
342 1430
342 1434
342 795
342 551
342 1323
342 1069
342 818
342 823
342 1465
342 958
342 575
342 711
342 1100
342 1001
342 1004
342 877
342 1150
342 1151
343 1001
345 1255
345 1287
347 621
350 569
355 855
356 928
356 1122
356 585
356 587
356 1465
356 378
361 1108
361 694
362 1255
365 1296
367 1008
367 636
367 639
369 1333
370 585
370 1171
376 1272
376 1175
377 947
377 1110
378 416
378 1121
378 579
378 1287
378 1185
378 551
378 850
378 611
378 788
378 1081
378 853
378 1177
378 1323
379 497
382 1319
382 1032
382 399
382 1235
382 1108
382 951
382 1277
383 584
383 665
383 787
384 915
385 839
385 841
385 714
385 1050
385 490
386 488
386 1081
386 1394
386 947
386 706
389 889
390 1141
391 1448
391 795
391 1348
391 1127
392 1255
393 1348
393 1309
394 1285
394 1160
394 1169
394 1434
394 799
394 1185
394 802
394 1202
394 1081
394 501
394 965
394 1430
394 929
394 721
394 854
394 989
394 734
394 1120
394 1122
394 739
394 1063
394 493
394 1150
394 788
394 1278
396 424
397 1150
399 962
399 450
399 1318
399 1157
399 742
399 1002
399 1458
399 597
399 1366
399 855
399 667
399 1148
400 506
400 711
400 1096
400 587
400 957
400 1430
400 1465
400 1081
400 762
400 1309
401 576
401 1057
401 940
401 850
401 436
401 957
402 1001
402 1274
402 947
403 1080
403 450
403 835
403 1229
403 1335
404 436
404 741
404 854
408 587
413 569
413 815
415 466
416 1171
416 1172
416 1430
416 791
416 793
416 858
416 958
416 473
416 602
416 1120
416 865
416 610
416 1123
416 616
416 1003
416 488
416 1274
420 1003
422 475
424 1063
424 846
424 957
424 1296
426 712
426 1232
426 1003
426 709
426 616
427 506
430 1171
433 1001
433 815
434 968
435 1448
435 1415
436 488
436 1096
436 875
436 783
436 1042
436 1177
436 858
436 446
437 729
437 446
437 855
440 539
446 819
450 1294
452 1255
453 915
454 1330
454 652
454 1319
460 587
460 755
461 1339
461 803
462 616
466 940
466 1069
466 498
466 886
466 764
468 1177
468 1189
468 791
470 741
471 855
477 791
477 855
483 674
483 1012
483 694
484 928
484 496
485 564
487 1152
487 823
487 578
487 799
488 616
488 812
488 496
488 604
490 1308
490 1199
491 1299
491 611
491 1063
491 1096
491 1098
491 1459
491 1296
491 1274
491 1087
491 1309
491 1055
493 791
495 611
495 1063
495 940
495 558
495 819
495 1055
496 571
496 1234
496 855
496 795
496 958
497 538
497 541
499 1394
501 1190
501 569
504 881
504 575
508 1003
512 815
516 1150
519 1177
520 711
522 1149
532 957
534 616
534 730
539 834
539 931
539 553
539 1166
539 693
539 989
539 894
548 576
548 579
548 1323
548 1141
548 950
548 858
548 1309
548 1055
549 951
550 1067
550 1092
550 1001
550 1003
550 814
550 1071
550 610
550 791
550 570
550 922
550 1055
551 711
551 587
551 1119
554 835
554 1282
556 1348
556 585
556 958
556 889
556 1150
557 751
560 915
560 1095
563 770
567 683
569 1164
569 1171
569 799
569 1063
569 1450
569 1069
569 1202
569 947
569 823
569 1439
569 957
569 1141
569 965
569 1096
569 853
569 858
569 861
569 613
569 1127
569 626
569 1403
569 1150
570 1419
570 1348
571 801
571 1451
571 929
571 1003
571 1166
571 1261
571 1042
571 1459
571 1337
571 1010
571 1177
571 827
571 1407
571 1309
571 1150
571 1087
572 948
572 1157
575 989
576 1120
576 1127
576 1096
576 1213
576 602
576 825
576 1148
576 1050
577 1177
579 1185
579 708
579 929
579 712
579 759
579 1141
579 1209
579 1124
580 906
580 787
582 903
584 676
584 905
584 787
584 1045
584 1144
585 838
585 1010
585 1141
585 1430
585 889
585 1150
585 799
587 928
587 712
587 1100
587 855
587 1299
587 1110
587 791
587 889
587 958
591 1465
591 858
591 764
591 950
595 1010
596 815
600 1159
601 1098
601 1005
602 1356
602 1010
602 1177
606 819
609 1241
609 729
609 989
609 853
609 1177
610 1120
610 1141
610 1274
610 1150
610 1190
611 1166
611 1394
611 1171
611 1081
615 1001
616 1507
616 1253
616 937
616 1515
616 783
616 1041
616 1001
616 1454
616 824
616 1242
616 1115
620 1255
623 1155
624 1285
628 927
631 1074
635 684
636 1361
636 1314
639 1045
643 1064
643 1522
643 1443
644 665
644 646
647 656
647 687
652 948
654 1012
654 1390
655 826
655 682
656 842
657 1048
657 1045
664 1060
666 957
666 989
668 682
674 1283
674 1390
674 951
676 1045
682 1390
682 687
682 1364
682 826
684 698
684 862
687 1137
687 951
693 791
694 695
695 1387
695 1302
697 1277
704 911
706 1000
706 781
706 788
706 1430
706 791
708 1090
709 1413
709 1291
709 1036
709 853
709 1189
709 936
709 1459
709 1081
709 1084
709 1120
709 711
709 841
709 981
709 1255
709 1407
710 1093
711 1042
711 1049
711 1462
711 1467
711 1213
711 1087
711 1472
711 1218
711 850
711 1145
711 1133
711 1524
711 950
711 889
711 1407
712 1287
712 1232
712 1081
715 815
716 1096
717 1255
718 1323
722 1255
726 1346
726 741
726 812
726 846
726 1081
726 729
729 768
729 771
729 1299
729 1046
729 819
729 802
729 1317
729 812
729 1459
729 1465
729 861
729 1123
729 741
729 1127
729 1000
729 1145
730 1120
730 929
731 769
734 1001
734 815
735 1003
735 1150
741 1185
741 1465
741 838
741 1063
741 1001
741 855
741 950
744 1428
744 1445
747 1150
748 1255
748 825
755 794
759 1465
764 981
764 1239
767 787
769 810
775 855
777 1001
777 1149
777 957
778 815
779 815
783 1069
783 1309
783 788
784 1255
787 1254
787 1082
788 1381
788 1448
788 1298
788 794
788 981
788 1179
788 958
788 799
791 1127
791 1141
791 1006
791 1456
791 1234
791 1171
791 1079
791 825
791 1351
791 1049
791 1255
794 1448
794 1100
794 1010
794 815
794 1132
794 1465
795 1120
795 1430
795 1413
795 1021
795 940
795 1309
795 1096
795 1141
797 1081
799 1160
799 1166
799 911
799 1042
799 1177
799 1448
799 940
799 1123
799 1149
799 1010
799 1274
799 1021
799 1407
800 1413
801 1003
801 815
801 853
801 989
804 1080
804 1309
804 1166
806 1151
812 1465
812 1287
812 1098
812 889
815 1063
815 957
815 1473
815 1219
815 964
815 1352
815 847
815 989
815 1141
815 1149
815 1278
819 1465
819 1150
819 1124
819 1001
819 1418
819 1451
819 1069
819 928
819 1459
819 1232
823 1100
823 1010
823 1081
823 957
825 1290
825 1098
825 883
825 1148
825 1213
826 1235
826 1330
833 1448
833 1369
835 915
839 1150
841 1122
841 1213
842 1108
846 1087
848 897
850 1003
850 1463
853 1448
853 1418
853 1459
854 929
854 1413
854 1001
854 1036
855 1541
855 1415
855 1166
855 1171
855 1055
855 1209
855 1285
855 1096
855 1110
855 1003
855 1213
855 883
855 1016
858 1298
858 1465
858 1239
858 1084
858 1213
858 1278
858 1087
866 1141
867 1111
872 1003
877 1001
883 1239
883 940
883 1394
883 957
883 1427
883 980
883 1274
884 1012
886 950
891 1255
895 1040
895 1226
897 1244
897 1254
904 1390
911 937
914 1131
916 1387
928 1141
929 1185
929 1220
929 940
929 1096
929 1177
929 1450
932 1157
937 1148
940 947
940 1226
940 1323
940 1003
940 1298
940 1141
940 1448
940 1213
946 1075
946 1190
947 1063
947 1296
947 950
948 1281
948 978
948 1330
950 1323
950 1287
950 1078
951 1377
951 1390
951 1137
951 1108
952 1150
952 1455
957 1287
957 1167
957 1190
957 1087
957 1472
957 1448
957 1274
957 1148
957 1407
958 1123
958 1185
958 1096
958 1213
958 1148
963 969
963 1319
967 1450
967 1150
969 1376
969 1079
969 1082
969 1175
970 1149
972 1338
977 1010
981 1120
981 1010
986 1465
989 1110
989 1399
989 1308
990 1165
992 1010
992 1150
993 1309
994 1328
994 1154
1000 1296
1001 1290
1001 1057
1001 1448
1001 1451
1001 1234
1001 1274
1002 1011
1002 1157
1003 1287
1003 1042
1003 1171
1003 1055
1003 1081
1003 1213
1003 1215
1003 1096
1003 1006
1003 1010
1003 1143
1006 1323
1006 1290
1006 1084
1006 1150
1008 1383
1010 1309
1010 1141
1010 1202
1010 1167
1013 1055
1015 1063
1021 1239
1032 1108
1037 1145
1039 1368
1042 1450
1042 1148
1055 1185
1055 1172
1055 1239
1055 1255
1057 1287
1059 1220
1063 1172
1063 1111
1069 1465
1069 1450
1069 1081
1074 1244
1075 1452
1078 1148
1080 1166
1081 1430
1081 1169
1081 1450
1081 1123
1081 1407
1087 1177
1087 1407
1095 1244
1096 1185
1096 1448
1096 1290
1096 1296
1096 1167
1098 1123
1110 1136
1111 1285
1111 1323
1120 1150
1121 1122
1122 1124
1122 1141
1122 1145
1123 1251
1123 1323
1124 1450
1124 1150
1124 1177
1124 1310
1124 1215
1127 1295
1127 1274
1137 1377
1141 1448
1141 1450
1141 1255
1143 1167
1148 1394
1148 1239
1148 1150
1149 1394
1149 1290
1150 1273
1167 1177
1169 1287
1170 1323
1171 1190
1171 1287
1173 1565
1175 1319
1177 1220
1181 1203
1186 1224
1186 1319
1189 1223
1190 1450
1190 1296
1190 1465
1197 1213
1213 1252
1213 1450
1213 1299
1219 1287
1223 1323
1224 1376
1229 1386
1229 1244
1229 1365
1231 1323
1235 1319
1251 1394
1255 1451
1255 1450
1272 1362
1279 1465
1283 1330
1285 1323
1333 1534
1348 1448
1355 1413
1394 1448
1418 1465
