1 769
1 4995
1 645
1 8
1 138
1 523
1 1170
1 147
1 174
1 29
1 286
1 4128
1 33
1 167
1 808
1 1069
1 1326
1 1071
1 726
1 3377
1 1589
1 1986
1 1547
1 205
1 720
1 337
1 978
1 139
1 1494
1 1603
1 734
1 1761
1 1250
1 195
1 209
1 4176
1 748
1 755
1 756
1 888
1 380
1 3349
2 64
2 4267
2 6339
2 7
2 43
2 2867
2 25
2 2780
2 63
3 83
3 366
4 388
4 520
4 1417
4 652
4 143
4 786
4 275
4 533
4 473
4 239
4 412
4 542
4 159
4 547
4 36
4 933
4 809
4 562
4 437
4 521
4 953
4 190
4 323
4 452
4 710
4 199
4 460
4 1359
4 676
4 1551
4 220
4 1060
4 227
4 357
4 105
4 3562
4 914
4 111
4 1522
4 2301
4 503
4 761
4 490
5 5520
5 1496
5 149
5 158
5 2470
5 39
5 169
5 2485
5 310
5 1343
5 2240
5 1735
5 6857
5 6607
5 471
5 3928
5 1124
5 2141
5 2913
5 2148
5 872
5 245
5 7166
6 2049
6 1544
6 521
6 1034
6 524
6 527
6 1048
6 6684
6 34
6 1060
6 1574
6 2088
6 45
6 1074
6 3635
6 1887
6 60
6 573
6 65
6 1091
6 69
6 79
6 2128
6 1107
6 597
6 87
6 88
6 1636
6 101
6 105
6 620
6 129
6 649
6 2187
6 654
6 151
6 3224
6 666
6 671
6 3233
6 167
6 1705
6 176
6 2738
6 1719
6 288
6 707
6 2246
6 711
6 2770
6 218
6 735
6 1764
6 3306
6 1785
6 2301
6 2303
6 1281
6 1795
6 262
6 264
6 265
6 266
6 275
6 2841
6 282
6 285
6 3872
6 1825
6 810
6 1850
6 317
6 1372
6 3422
6 2399
6 3643
6 3941
6 363
6 2927
6 2429
6 1406
6 3465
6 401
6 918
6 418
6 430
6 1969
6 953
6 463
6 474
6 478
6 992
6 485
6 4076
6 494
6 508
6 2133
7 64
7 4100
7 265
7 2442
7 16
7 149
7 25
7 675
7 2478
7 175
7 182
7 61
7 192
7 5965
7 82
7 339
7 1620
7 86
7 216
7 225
7 994
7 2643
7 2037
7 121
7 123
7 1406
8 1798
8 4104
8 138
8 1809
8 275
8 29
8 1822
8 1184
8 33
8 164
8 293
8 4521
8 174
8 2480
8 1846
8 3773
8 4549
8 74
8 77
8 88
8 4516
8 474
8 869
8 108
8 2672
8 756
8 1402
8 3197
8 2046
9 1536
9 1286
9 2183
9 521
9 1675
9 145
9 67
9 788
9 1561
9 1690
9 2287
9 2588
9 3098
9 965
9 2392
9 161
9 548
9 2566
9 2730
9 2860
9 1454
9 1586
9 3636
9 53
9 2356
9 3642
9 187
9 60
9 1333
9 192
9 65
9 1347
9 3140
9 1349
9 2529
9 1737
9 1119
9 5451
9 3916
9 1358
9 1232
9 2770
9 1619
9 3540
9 313
9 3032
9 601
9 1639
9 933
9 1632
9 2913
9 1188
9 100
9 1414
9 3559
9 618
9 103
9 353
9 1265
9 2803
9 894
9 761
9 1364
9 122
9 1149
9 126
9 3071
10 187
10 191
11 128
11 2817
11 2563
11 395
11 400
11 18
11 531
11 2585
11 1565
11 158
11 164
11 425
11 3756
11 173
11 2735
11 1585
11 178
11 565
11 696
11 1596
11 189
11 830
11 1728
11 481
11 841
11 79
11 80
11 213
11 478
11 993
11 226
11 227
11 105
11 236
11 365
11 111
11 368
11 886
11 720
12 768
12 1664
12 4226
12 1667
12 516
12 1925
12 1542
12 647
12 648
12 651
12 524
12 2574
12 786
12 20
12 473
12 1668
12 1434
12 3483
12 3482
12 3973
12 288
12 1648
12 547
12 676
12 433
12 809
12 775
12 3501
12 1672
12 3384
12 2620
12 701
12 5182
12 192
12 603
12 579
12 6725
12 198
12 2759
12 456
12 4298
12 3277
12 2895
12 675
12 469
12 2520
12 164
12 591
12 463
12 1863
12 122
12 199
12 607
12 2275
12 484
12 1765
12 3712
12 105
12 3200
12 619
12 3180
12 3184
12 1321
12 2561
12 245
12 869
12 632
12 761
12 3834
12 639
12 636
12 362
12 3199
13 1544
13 15
13 17
13 3603
13 1058
13 3619
13 36
13 1574
13 4135
13 46
13 3634
13 3635
13 52
13 180
13 1596
13 61
13 1087
13 68
13 71
13 585
13 77
13 1104
13 82
13 87
13 90
13 1551
13 4453
13 103
13 105
13 1646
13 148
13 151
13 666
13 1179
13 159
13 166
13 2727
13 168
13 682
13 692
13 187
13 3261
13 3776
13 195
13 210
13 3795
13 1752
13 1247
13 736
13 3813
13 233
13 2287
13 1271
13 1279
13 257
13 263
13 784
13 2833
13 789
13 790
13 791
13 2841
13 2846
13 811
13 821
13 823
13 1339
13 828
13 3901
13 830
13 1857
13 1858
13 835
13 3911
13 843
13 845
13 4944
13 854
13 346
13 863
13 354
13 357
13 876
13 1903
13 880
13 488
13 3390
13 2935
13 888
13 2429
13 388
13 902
13 2957
13 398
13 5528
13 1960
13 2985
13 2986
13 433
13 437
13 2494
13 3529
13 4049
13 2002
13 983
13 475
13 991
13 993
13 484
13 1000
13 2038
13 511
14 769
14 1031
14 19
14 3225
14 3224
14 2841
14 2846
14 1989
14 4258
14 164
14 678
14 2857
14 2986
14 2866
14 2789
14 3252
14 693
14 188
14 6469
14 70
14 200
14 76
14 2770
14 5972
14 5976
14 2780
14 3806
14 223
14 2854
14 232
14 124
14 242
14 115
14 374
14 4219
14 508
15 1926
15 2059
15 3603
15 1812
15 2170
15 150
15 152
15 1692
15 1053
15 159
15 163
15 5412
15 933
15 28
15 1327
15 817
15 818
15 52
15 181
15 1846
15 953
15 826
15 991
15 821
15 1732
15 582
15 1869
15 847
15 208
15 721
15 210
15 213
15 982
15 1657
15 346
15 1359
15 1850
15 3109
15 97
15 98
15 100
15 485
15 2151
15 488
15 233
15 875
15 1900
15 82
15 1902
15 1904
15 245
15 2169
15 2395
15 1659
16 448
16 2690
16 131
16 2310
16 3081
16 3085
16 2062
16 2064
16 2322
16 5891
16 610
16 1945
16 155
16 2717
16 1566
16 1440
16 1953
16 34
16 1926
16 167
16 632
16 2183
16 50
16 48
16 1969
16 3634
16 4126
16 2230
16 2487
16 2232
16 1012
16 186
16 189
16 1086
16 63
16 1088
16 1987
16 1732
16 4150
16 198
16 1479
16 1225
16 2379
16 1058
16 3281
16 3794
16 469
16 89
16 6491
16 1372
16 349
16 3423
16 224
16 2402
16 357
16 614
16 233
16 875
16 647
16 494
16 4975
16 579
16 243
16 3444
16 3957
16 3062
16 1031
16 5626
16 253
16 3455
17 2566
17 5641
17 651
17 2093
17 18
17 788
17 6299
17 4528
17 1058
17 163
17 36
17 806
17 45
17 1584
17 818
17 179
17 182
17 183
17 185
17 1338
17 2621
17 245
17 83
17 2117
17 1094
17 1480
17 207
17 1745
17 419
17 213
17 953
17 2141
17 1886
17 3807
17 864
17 227
17 616
17 233
17 234
17 491
17 365
17 1135
17 211
17 117
17 889
17 122
17 831
17 127
18 132
18 133
18 142
18 143
18 660
18 23
18 1051
18 28
18 163
18 164
18 806
18 177
18 40
18 44
18 1329
18 1338
18 3807
18 1725
18 831
18 83
18 3467
18 1349
18 2389
18 75
18 1103
18 208
18 82
18 211
18 213
18 218
18 5599
18 225
18 226
18 100
18 3729
18 233
18 234
18 1005
18 1746
18 3182
18 1135
18 552
18 2419
18 788
18 2423
18 889
18 123
18 1661
18 247
19 4225
19 4233
19 4207
19 6672
19 401
19 275
19 110
19 120
19 2842
19 2843
19 29
19 3230
19 1989
19 2224
19 4258
19 37
19 38
19 170
19 43
19 1964
19 47
19 2480
19 817
19 50
19 52
19 3637
19 3514
19 223
19 188
19 2877
19 703
19 1600
19 66
19 2883
19 2373
19 200
19 3191
19 76
19 209
19 594
19 124
19 105
19 5976
19 2779
19 2780
19 1885
19 2783
19 224
19 610
19 4196
19 2789
19 357
19 232
19 4220
19 3687
19 494
19 5743
19 4209
19 242
19 116
19 4215
19 72
19 1402
19 764
19 1557
20 2435
20 517
20 774
20 137
20 3501
20 786
20 1427
20 2068
20 789
20 1302
20 1047
20 3864
20 1434
20 1051
20 3483
20 4002
20 2083
20 838
20 412
20 810
20 5293
20 2862
20 1968
20 52
20 437
20 446
20 565
20 2113
20 580
20 710
20 2119
20 2377
20 3533
20 81
20 850
20 4185
20 89
20 97
20 356
20 1771
20 209
20 1461
20 1542
20 743
20 3474
20 239
20 243
20 5494
20 3817
20 4475
20 639
21 645
21 135
21 1288
21 268
21 819
21 1199
21 286
21 32
21 41
21 685
21 2479
21 51
21 824
21 735
21 1468
21 1470
21 1269
21 160
21 197
21 865
21 78
21 739
21 84
21 470
21 2522
21 1755
21 734
21 863
21 352
21 1761
21 1635
21 2794
21 2403
21 112
21 113
21 2802
21 2421
21 126
21 1791
22 2825
22 7052
22 1426
22 2713
22 2331
22 669
22 1477
22 219
22 552
22 297
22 3115
22 1325
22 2228
22 2012
22 2494
22 1343
22 2240
22 2373
22 1998
22 2256
22 82
22 1115
22 2268
22 2141
22 1374
22 1249
22 866
22 3176
22 1001
22 4970
22 2539
22 620
22 3154
22 495
22 2928
22 113
22 6363
22 2297
22 3580
22 4093
23 133
23 684
23 142
23 237
23 401
23 659
23 157
23 158
23 159
23 214
23 163
23 164
23 806
23 44
23 559
23 1970
23 308
23 311
23 185
23 347
23 190
23 3392
23 1417
23 582
23 460
23 207
23 1103
23 594
23 211
23 213
23 1494
23 1746
23 4058
23 463
23 1372
23 485
23 993
23 1381
23 105
23 234
23 236
23 82
23 239
23 1359
23 6772
23 446
23 233
23 123
23 85
23 127
24 939
24 261
24 263
24 2696
24 521
24 394
24 3083
24 1735
24 276
24 5143
24 27
24 1569
24 290
24 675
24 2213
24 2728
24 2729
24 2219
24 1581
24 175
24 5937
24 308
24 713
24 447
24 192
24 1731
24 289
24 1737
24 460
24 2128
24 2723
24 3086
24 199
24 1632
24 228
24 2031
24 3027
24 248
24 508
25 288
25 304
25 259
25 260
25 293
25 105
25 74
25 302
25 816
25 3776
25 275
25 212
25 566
25 186
25 86
25 202
25 318
26 48
26 132
26 166
26 102
26 5801
26 171
26 582
26 207
26 208
26 158
26 150
26 1338
26 190
26 95
27 288
27 289
27 263
27 424
27 1737
27 2858
27 439
27 460
27 404
27 478
27 521
27 308
27 2749
27 153
27 447
28 34
28 66
28 133
28 158
28 162
28 142
28 1745
28 83
28 116
28 82
28 2487
28 478
28 3540
28 123
28 1436
28 3517
28 1406
28 213
29 517
29 1542
29 519
29 521
29 1040
29 1041
29 533
29 542
29 33
29 547
29 262
29 43
29 562
29 1077
29 59
29 1089
29 1091
29 580
29 1093
29 77
29 2151
29 3179
29 108
29 110
29 531
29 3194
29 3712
29 646
29 3720
29 138
29 3687
29 652
29 155
29 1184
29 675
29 174
29 693
29 190
29 3776
29 198
29 227
29 1253
29 234
29 235
29 239
29 1031
29 249
29 1279
29 259
29 1798
29 2831
29 1809
29 786
29 275
29 790
29 2845
29 1822
29 293
29 812
29 304
29 823
29 323
29 850
29 339
29 864
29 3643
29 869
29 365
29 6513
29 2282
29 898
29 401
29 3477
29 411
29 433
29 3530
29 473
29 478
29 2025
29 1003
29 494
29 508
29 2046
30 120
30 121
30 125
30 221
31 768
31 516
31 1750
31 774
31 3464
31 194
31 2452
31 2841
31 3230
31 288
31 675
31 1060
31 37
31 38
31 3240
31 2857
31 683
31 47
31 176
31 433
31 693
31 58
31 574
31 703
31 64
31 928
31 1730
31 70
31 200
31 1271
31 5327
31 1360
31 209
31 6307
31 3157
31 2518
31 1623
31 3749
31 2846
31 356
31 3687
31 232
31 3689
31 110
31 1775
31 115
31 446
31 118
31 1527
32 642
32 645
32 135
32 1761
32 138
32 396
32 911
32 6545
32 195
32 283
32 286
32 33
32 113
32 808
32 43
32 174
32 306
32 883
32 1204
32 1589
32 824
32 1468
32 1470
32 3893
32 1603
32 197
32 71
32 268
32 78
32 84
32 3340
32 985
32 1755
32 352
32 4961
32 2403
32 1009
32 1395
32 628
32 980
32 1786
32 1791
32 126
32 3349
33 2048
33 516
33 2049
33 1034
33 523
33 529
33 1044
33 534
33 1048
33 1062
33 41
33 43
33 556
33 1581
33 46
33 559
33 520
33 1076
33 1589
33 4161
33 1097
33 1098
33 590
33 1620
33 103
33 3178
33 108
33 3701
33 2177
33 2178
33 138
33 139
33 147
33 665
33 666
33 157
33 2212
33 1191
33 681
33 174
33 1472
33 712
33 713
33 716
33 209
33 724
33 1237
33 726
33 1761
33 2280
33 748
33 756
33 761
33 262
33 1409
33 1805
33 1069
33 1322
33 3374
33 650
33 1163
33 1348
33 1352
33 331
33 350
33 352
33 353
33 4965
33 363
33 1395
33 1399
33 380
33 894
33 1408
33 2433
33 390
33 914
33 411
33 1178
33 1959
33 679
33 1470
33 448
33 452
33 975
33 2515
33 3028
33 485
33 1513
33 167
33 1525
33 84
34 513
34 516
34 517
34 519
34 520
34 5129
34 524
34 2062
34 1551
34 530
34 533
34 534
34 542
34 416
34 1058
34 36
34 549
34 552
34 2096
34 49
34 562
34 52
34 53
34 1594
34 351
34 572
34 1088
34 65
34 67
34 580
34 1377
34 1104
34 1617
34 594
34 1107
34 2141
34 608
34 1552
34 610
34 3171
34 2148
34 103
34 616
34 1645
34 111
34 114
34 116
34 190
34 124
34 125
34 2069
34 131
34 1157
34 449
34 659
34 1542
34 149
34 665
34 666
34 156
34 1694
34 676
34 1734
34 166
34 1564
34 1708
34 173
34 176
34 2228
34 185
34 1726
34 1729
34 1218
34 1732
34 710
34 1230
34 211
34 213
34 735
34 225
34 1251
34 1765
34 233
34 2582
34 2796
34 239
34 753
34 243
34 244
34 245
34 2301
34 774
34 1289
34 780
34 1296
34 786
34 790
34 282
34 288
34 1313
34 1544
34 428
34 809
34 308
34 2869
34 1588
34 1850
34 323
34 4421
34 838
34 328
34 1358
34 850
34 313
34 3416
34 346
34 863
34 3936
34 2913
34 357
34 872
34 4970
34 364
34 365
34 1391
34 1394
34 2423
34 3450
34 1257
34 234
34 1406
34 1173
34 898
34 388
34 1926
34 3465
34 3980
34 1423
34 401
34 1689
34 1438
34 415
34 928
34 1953
34 933
34 422
34 2988
34 433
34 435
34 1974
34 439
34 953
34 1951
34 447
34 5536
34 5059
34 452
34 1989
34 1479
34 503
34 460
34 463
34 980
34 4057
34 474
34 2469
34 1504
34 993
34 3556
34 485
34 487
34 488
34 1001
34 2036
34 1527
34 1017
34 508
34 1824
35 2977
35 3651
35 133
35 193
35 1900
35 51
35 2069
35 2166
35 1527
35 1593
35 1121
35 156
35 3517
36 2049
36 517
36 519
36 1544
36 1551
36 1044
36 533
36 1046
36 1028
36 538
36 542
36 547
36 1060
36 1574
36 552
36 5163
36 2096
36 562
36 52
36 59
36 573
36 1088
36 1091
36 580
36 77
36 592
36 2648
36 89
36 6747
36 608
36 685
36 616
36 105
36 619
36 111
36 624
36 2561
36 1147
36 2817
36 4737
36 1157
36 2183
36 139
36 140
36 1522
36 659
36 149
36 1687
36 1177
36 164
36 2246
36 168
36 170
36 173
36 1719
36 696
36 185
36 190
36 1215
36 192
36 705
36 710
36 713
36 1738
36 1230
36 220
36 225
36 227
36 233
36 234
36 236
36 239
36 243
36 1031
36 2301
36 1279
36 1281
36 1285
36 262
36 641
36 3851
36 786
36 275
36 790
36 473
36 1304
36 1817
36 288
36 806
36 1500
36 810
36 316
36 4414
36 323
36 3397
36 652
36 1359
36 4435
36 862
36 353
36 356
36 357
36 363
36 365
36 1394
36 895
36 388
36 1926
36 914
36 2287
36 412
36 928
36 1953
36 933
36 1961
36 3498
36 2477
36 430
36 2480
36 1969
36 435
36 437
36 953
36 443
36 446
36 1473
36 452
36 676
36 2012
36 478
36 484
36 485
36 487
36 3562
36 494
36 3240
36 3058
36 3571
36 2036
36 503
36 3327
36 508
36 1706
37 163
37 1989
37 38
37 519
37 3208
37 235
37 1964
37 653
37 237
37 242
37 3220
37 693
37 1750
37 1623
37 155
37 47
37 703
38 4225
38 653
38 5393
38 3230
38 417
38 163
38 678
38 43
38 200
38 2866
38 5299
38 52
38 693
38 58
38 188
38 2877
38 703
38 64
38 1989
38 584
38 201
38 76
38 5972
38 2780
38 223
38 224
38 2789
38 110
38 242
38 4211
38 3191
38 120
38 4219
38 124
39 1795
39 3334
39 3464
39 1033
39 663
39 140
39 142
39 2321
39 146
39 3603
39 788
39 149
39 2966
39 407
39 802
39 157
39 2334
39 1797
39 214
39 162
39 2339
39 806
39 167
39 2472
39 1705
39 3313
39 44
39 2158
39 174
39 2735
39 1584
39 1074
39 179
39 3765
39 2487
39 185
39 187
39 60
39 4413
39 1087
39 1758
39 2370
39 2501
39 456
39 210
39 1738
39 1271
39 2466
39 334
39 79
39 1745
39 594
39 83
39 2644
39 206
39 1622
39 4056
39 4826
39 1103
39 2637
39 95
39 353
39 3643
39 1381
39 103
39 234
39 2795
39 3605
39 82
39 3182
39 1135
39 2485
39 123
39 1527
39 3448
39 6174
39 122
39 831
39 1149
39 213
40 68
40 106
40 1741
40 2478
40 207
40 116
40 219
40 1726
41 256
41 902
41 135
41 2312
41 3338
41 268
41 2573
41 529
41 195
41 2966
41 1559
41 154
41 1199
41 287
41 160
41 296
41 1577
41 3885
41 46
41 2479
41 560
41 306
41 2108
41 3261
41 2627
41 197
41 71
41 585
41 78
41 82
41 84
41 590
41 4182
41 1584
41 2522
41 859
41 2532
41 870
41 1001
41 4203
41 112
41 113
41 3188
41 552
41 1399
41 724
41 1534
41 3349
42 107
42 520
42 781
42 141
42 531
42 2545
42 346
42 1567
42 4002
42 291
42 3237
42 3751
42 59
42 444
42 61
42 446
42 3775
42 4036
42 709
42 70
42 5191
42 3213
42 592
42 3235
42 4436
42 4186
42 480
42 3297
42 3298
42 99
42 4328
42 4459
42 6255
42 496
42 4849
42 2553
42 2555
42 124
42 125
42 2558
43 2049
43 517
43 1542
43 1031
43 527
43 1041
43 556
43 1069
43 562
43 563
43 52
43 3643
43 60
43 1088
43 70
43 76
43 2647
43 97
43 616
43 619
43 110
43 4209
43 4212
43 3191
43 120
43 1657
43 4218
43 124
43 4222
43 4223
43 4225
43 138
43 1163
43 653
43 3217
43 1817
43 1178
43 2203
43 676
43 3237
43 166
43 2216
43 174
43 1053
43 693
43 1719
43 188
43 703
43 3776
43 200
43 2251
43 2253
43 720
43 212
43 725
43 726
43 217
43 2780
43 734
43 223
43 224
43 1574
43 2279
43 748
43 239
43 242
43 126
43 2301
43 1795
43 1750
43 775
43 784
43 1812
43 3349
43 793
43 286
43 288
43 2339
43 293
43 811
43 2863
43 2873
43 828
43 2877
43 2882
43 2883
43 838
43 2841
43 850
43 339
43 1365
43 346
43 2789
43 352
43 353
43 867
43 1399
43 380
43 64
43 2963
43 411
43 433
43 1975
43 1473
43 1989
43 975
43 2846
43 1001
43 494
43 2036
43 511
44 2817
44 132
44 133
44 2161
44 136
44 142
44 2202
44 2973
44 185
44 676
44 422
44 2472
44 169
44 114
44 157
44 1584
44 49
44 253
44 821
44 2056
44 311
44 57
44 2490
44 187
44 61
44 192
44 6721
44 194
44 75
44 1348
44 167
44 202
44 183
44 205
44 207
44 1103
44 80
44 83
44 213
44 214
44 2489
44 218
44 79
44 3677
44 350
44 95
44 993
44 100
44 806
44 233
44 234
44 2795
44 957
44 1904
44 168
44 1778
44 122
44 380
44 4093
44 127
45 520
45 137
45 1811
45 3478
45 537
45 156
45 545
45 1958
45 5575
45 2351
45 48
45 305
45 5938
45 948
45 1078
45 2744
45 3124
45 316
45 445
45 582
45 2081
45 76
45 975
45 3025
45 472
45 988
45 3430
45 999
45 1135
45 1009
45 839
45 4988
46 2176
46 1793
46 515
46 854
46 902
46 2817
46 264
46 876
46 655
46 344
46 786
46 1683
46 90
46 1710
46 254
46 154
46 413
46 1954
46 292
46 166
46 1959
46 794
46 306
46 814
46 815
46 560
46 648
46 2994
46 1961
46 309
46 1178
46 585
46 696
46 825
46 698
46 3643
46 2312
46 447
46 195
46 1348
46 582
46 71
46 328
46 1737
46 1738
46 2850
46 781
46 336
46 1464
46 338
46 1619
46 468
46 3670
46 471
46 472
46 2521
46 474
46 1371
46 2524
46 1850
46 2529
46 3259
46 1574
46 97
46 873
46 2156
46 289
46 238
46 2147
46 766
46 430
46 2985
46 1108
46 1087
46 2172
46 1406
47 1750
47 2630
47 3600
47 3217
47 6802
47 275
47 2842
47 5168
47 200
47 4532
47 6455
47 4536
47 186
47 188
47 4541
47 63
47 2880
47 2507
47 3654
47 5448
47 5707
47 4179
47 5460
47 5206
47 2780
47 223
47 144
47 6119
47 2025
47 235
47 110
47 6127
47 4220
47 767
48 2048
48 1026
48 140
48 269
48 1038
48 685
48 1048
48 1049
48 2973
48 2079
48 929
48 422
48 167
48 2856
48 1693
48 1712
48 2488
48 2015
48 60
48 61
48 959
48 194
48 1352
48 3786
48 1099
48 332
48 3021
48 334
48 2744
48 142
48 858
48 2140
48 350
48 2399
48 2401
48 226
48 1768
48 1069
48 1647
48 3058
48 1661
48 2133
49 900
49 142
49 1176
49 157
49 801
49 163
49 298
49 175
49 821
49 310
49 206
49 1743
49 1745
49 83
49 100
49 233
49 244
49 5366
49 122
49 2812
50 385
50 3715
50 519
50 520
50 1803
50 781
50 527
50 401
50 274
50 275
50 110
50 1176
50 4250
50 159
50 1824
50 376
50 291
50 2468
50 198
50 3238
50 1063
50 64
50 4395
50 684
50 432
50 1928
50 563
50 52
50 693
50 4406
50 4279
50 372
50 443
50 700
50 1086
50 192
50 1089
50 2882
50 4363
50 582
50 200
50 462
50 207
50 531
50 3537
50 838
50 341
50 4310
50 3065
50 4056
50 473
50 474
50 1374
50 1829
50 480
50 1360
50 610
50 105
50 618
50 365
50 494
50 381
50 242
50 2561
50 758
50 233
50 72
50 478
50 3706
50 2817
50 2557
50 254
51 3714
51 133
51 1159
51 1804
51 1839
51 4783
51 4133
51 422
51 113
51 1708
51 434
51 174
51 175
51 726
51 2738
51 1122
51 1110
51 450
51 197
51 396
51 333
51 720
51 1494
51 90
51 478
51 735
51 4450
51 617
51 4459
51 4972
51 1521
51 498
51 126
51 125
51 1662
52 517
52 519
52 1544
52 521
52 533
52 534
52 1053
52 542
52 1541
52 1057
52 4130
52 1058
52 3114
52 563
52 58
52 63
52 64
52 580
52 70
52 584
52 76
52 98
52 1104
52 1551
52 94
52 97
52 610
52 614
52 105
52 619
52 110
52 115
52 120
52 3194
52 124
52 648
52 652
52 653
52 149
52 666
52 155
52 156
52 3743
52 675
52 676
52 678
52 2216
52 173
52 687
52 181
52 185
52 186
52 188
52 703
52 3776
52 710
52 200
52 201
52 2250
52 208
52 209
52 220
52 223
52 1765
52 809
52 238
52 242
52 243
52 1780
52 245
52 1782
52 4855
52 1031
52 2301
52 768
52 1797
52 786
52 275
52 1304
52 2844
52 2846
52 288
52 2780
52 810
52 812
52 2862
52 2864
52 311
52 2873
52 1850
52 2783
52 323
52 2885
52 838
52 2380
52 1359
52 693
52 338
52 1365
52 353
52 3427
52 357
52 2409
52 365
52 1391
52 388
52 401
52 914
52 4002
52 1964
52 4016
52 433
52 437
52 1462
52 953
52 443
52 1473
52 5570
52 1989
52 2508
52 463
52 473
52 474
52 478
52 850
52 1519
52 1522
52 460
52 2046
53 512
53 1281
53 3586
53 3844
53 2183
53 1034
53 1291
53 140
53 142
53 2321
53 3730
53 3456
53 1132
53 538
53 175
53 2074
53 288
53 1569
53 163
53 422
53 2215
53 3498
53 5550
53 1327
53 1969
53 180
53 4224
53 57
53 1467
53 3772
53 3133
53 1726
53 5443
53 68
53 1606
53 353
53 2060
53 2123
53 162
53 2382
53 1103
53 1617
53 82
53 211
53 2133
53 203
53 90
53 219
53 4700
53 3596
53 2143
53 2657
53 1546
53 2107
53 1691
53 2893
53 1725
53 3119
53 363
53 1644
53 5742
53 573
53 4210
53 2675
53 245
53 5609
53 2314
53 5499
53 1279
54 3074
54 2054
54 2056
54 1546
54 2647
54 780
54 1051
54 160
54 1969
54 2230
54 3896
54 6721
54 2060
54 202
54 1103
54 2261
54 1913
54 2265
54 2012
54 3188
54 501
54 4601
54 123
55 517
55 652
55 531
55 789
55 533
55 2839
55 1944
55 542
55 1797
55 288
55 418
55 3235
55 1060
55 3237
55 2214
55 3240
55 682
55 1324
55 99
55 178
55 1464
55 953
55 58
55 443
55 317
55 67
55 453
55 524
55 1015
55 1058
55 463
55 209
55 2770
55 675
55 1338
55 227
55 484
55 613
55 3494
55 875
55 114
55 243
55 1527
55 895
56 961
56 195
56 71
56 905
56 135
56 975
56 1009
56 917
56 217
56 126
57 253
57 1926
57 684
57 2059
57 140
57 66
57 142
57 3245
57 1810
57 3732
57 686
57 2071
57 1647
57 2973
57 2206
57 929
57 1058
57 552
57 1069
57 558
57 1967
57 243
57 823
57 4280
57 5435
57 1086
57 959
57 1090
57 3013
57 2760
57 1739
57 334
57 3664
57 1618
57 3284
57 858
57 91
57 6499
57 485
57 488
57 489
57 1005
57 3181
57 2927
57 2419
57 756
57 4279
57 3833
57 1661
57 510
58 598
58 243
58 140
58 141
58 655
58 3351
58 1304
58 1817
58 3482
58 411
58 86
58 1438
58 3360
58 6307
58 933
58 1964
58 223
58 2863
58 817
58 563
58 1461
58 2873
58 59
58 446
58 1600
58 6560
58 194
58 4549
58 4307
58 328
58 588
58 2508
58 1750
58 3537
58 2130
58 163
58 2518
58 1623
58 5343
58 1120
58 353
58 2019
58 3494
58 617
58 232
58 105
58 110
58 242
58 115
58 1271
58 1730
58 4219
58 124
59 2561
59 514
59 2564
59 519
59 520
59 521
59 524
59 527
59 2576
59 531
59 532
59 2582
59 2585
59 444
59 1054
59 1057
59 547
59 1031
59 349
59 2096
59 561
59 1075
59 565
59 1078
59 2622
59 1089
59 1092
59 1094
59 275
59 2572
59 77
59 592
59 696
59 598
59 89
59 604
59 2653
59 608
59 99
59 613
59 1638
59 103
59 105
59 621
59 1968
59 787
59 1044
59 449
59 648
59 1815
59 1678
59 156
59 675
59 2213
59 3238
59 1706
59 1707
59 684
59 175
59 1712
59 178
59 432
59 3768
59 185
59 4285
59 288
59 710
59 199
59 200
59 1230
59 2770
59 4311
59 730
59 732
59 227
59 740
59 233
59 2284
59 753
59 245
59 2813
59 1279
59 1281
59 259
59 2820
59 1800
59 4363
59 781
59 2831
59 2832
59 786
59 2835
59 790
59 3863
59 1304
59 1824
59 291
59 292
59 3379
59 1077
59 326
59 2890
59 2894
59 338
59 1082
59 365
59 2927
59 1910
59 376
59 1402
59 385
59 473
59 397
59 401
59 2964
59 1942
59 411
59 1951
59 419
59 2468
59 933
59 1961
59 430
59 2480
59 435
59 2490
59 2492
59 446
59 448
59 1985
59 456
59 3018
59 472
59 420
59 475
59 477
59 478
59 2469
59 1522
59 502
59 1015
59 2557
60 2048
60 1027
60 516
60 517
60 1032
60 87
60 1036
60 529
60 530
60 1044
60 1048
60 1049
60 1053
60 542
60 1076
60 3849
60 3131
60 1090
60 1097
60 183
60 3257
60 6238
60 1636
60 3693
60 110
60 2170
60 124
60 639
60 876
60 655
60 6288
60 149
60 157
60 159
60 679
60 681
60 1706
60 3245
60 686
60 2739
60 181
60 1207
60 2744
60 185
60 1730
60 1734
60 712
60 201
60 4319
60 1760
60 1403
60 230
60 2279
60 3823
60 243
60 2812
60 766
60 1797
60 265
60 788
60 790
60 5399
60 3353
60 796
60 288
60 3880
60 809
60 1327
60 818
60 1846
60 823
60 223
60 5439
60 327
60 1354
60 5462
60 1882
60 347
60 1372
60 1885
60 351
60 353
60 4667
60 357
60 3432
60 363
60 364
60 365
60 1907
60 1397
60 3958
60 379
60 380
60 1406
60 1921
60 390
60 914
60 915
60 411
60 3436
60 1954
60 1446
60 2992
60 6203
60 448
60 3016
60 2005
60 485
60 2022
60 5098
60 2727
60 498
60 5801
60 2218
60 511
61 3713
61 2690
61 902
61 2696
61 215
61 140
61 367
61 90
61 1646
61 918
61 2649
61 154
61 1179
61 3229
61 2946
61 176
61 292
61 166
61 4135
61 2985
61 5511
61 174
61 2952
61 253
61 4126
61 182
61 312
61 1721
61 698
61 991
61 316
61 510
61 181
61 192
61 123
61 1858
61 195
61 2757
61 545
61 1352
61 1745
61 82
61 1108
61 2261
61 2775
61 1752
61 4057
61 346
61 255
61 1631
61 608
61 97
61 994
61 310
61 2661
61 2535
61 1000
61 105
61 876
61 4206
61 3769
61 2930
61 2035
61 116
61 501
61 1015
61 888
61 2683
61 938
61 1406
61 3327
62 151
62 167
63 2049
63 1542
63 392
63 1516
63 524
63 783
63 3729
63 786
63 277
63 1815
63 1050
63 411
63 540
63 3354
63 3998
63 416
63 1697
63 2594
63 419
63 198
63 424
63 3356
63 298
63 176
63 1068
63 173
63 688
63 648
63 563
63 820
63 2874
63 444
63 446
63 64
63 2114
63 1372
63 2630
63 1057
63 125
63 610
63 3022
63 463
63 592
63 594
63 675
63 2868
63 185
63 473
63 730
63 3035
63 348
63 608
63 604
63 2530
63 1968
63 1638
63 639
63 188
63 3562
63 3564
63 110
63 1775
63 752
63 2216
63 242
63 502
63 105
63 3832
63 2938
63 379
63 720
63 618
63 1279
64 517
64 3078
64 392
64 3211
64 653
64 678
64 3222
64 2055
64 411
64 1054
64 549
64 2857
64 2602
64 1964
64 200
64 3637
64 2360
64 2873
64 223
64 188
64 448
64 70
64 584
64 1737
64 76
64 1279
64 693
64 86
64 1495
64 5468
64 1759
64 2854
64 124
64 235
64 110
64 3695
64 1265
64 242
64 115
64 120
64 703
64 2760
64 4991
65 129
65 5506
65 1795
65 262
65 513
65 266
65 1932
65 265
65 654
65 88
65 6291
65 538
65 1923
65 285
65 671
65 2088
65 2217
65 3114
65 711
65 4466
65 176
65 1074
65 2102
65 649
65 364
65 699
65 3007
65 1856
65 1859
65 69
65 2118
65 3015
65 2284
65 2634
65 2891
65 1281
65 2637
65 2126
65 719
65 720
65 1874
65 1620
65 2638
65 87
65 1624
65 2148
65 7247
65 3036
65 2398
65 735
65 67
65 1083
65 3940
65 101
65 2407
65 489
65 107
65 620
65 365
65 5362
65 2067
65 1764
65 1655
65 1785
65 183
65 4735
66 705
66 834
66 4612
66 3013
66 550
66 5415
66 232
66 106
66 1005
66 1744
66 2224
66 82
66 3284
66 4021
66 4442
66 2994
66 116
67 521
67 1549
67 1557
67 542
67 1567
67 603
67 1065
67 1033
67 573
67 1598
67 580
67 590
67 1107
67 601
67 91
67 2142
67 357
67 4198
67 619
67 2169
67 1149
67 639
67 137
67 652
67 141
67 1679
67 145
67 1683
67 666
67 1691
67 157
67 159
67 161
67 165
67 1193
67 684
67 1709
67 1710
67 1218
67 2770
67 1244
67 229
67 234
67 1261
67 2288
67 1265
67 245
67 761
67 779
67 781
67 1300
67 289
67 290
67 1169
67 1323
67 3889
67 2369
67 322
67 1347
67 1676
67 1358
67 1361
67 398
67 1369
67 1681
67 1397
67 894
67 389
67 1422
67 1944
67 1690
67 3487
67 418
67 933
67 669
67 965
67 1486
67 469
67 472
67 994
67 483
67 490
67 6651
68 150
68 2074
68 158
68 167
68 176
68 1969
68 2489
68 957
68 3522
68 1348
68 1607
68 1103
68 83
68 95
68 100
68 2661
68 168
68 244
68 245
69 768
69 4481
69 1795
69 516
69 262
69 1033
69 266
69 4183
69 140
69 654
69 1040
69 2067
69 1945
69 2970
69 623
69 282
69 286
69 253
69 1954
69 5795
69 1830
69 2727
69 1833
69 626
69 2351
69 607
69 1074
69 691
69 183
69 2360
69 87
69 735
69 316
69 650
69 2805
69 1856
69 707
69 2632
69 1676
69 202
69 3148
69 590
69 3279
69 900
69 2770
69 213
69 982
69 1495
69 88
69 734
69 1759
69 107
69 2913
69 1806
69 101
69 3111
69 3644
69 2154
69 2411
69 620
69 1261
69 1135
69 4464
69 2546
69 3317
69 2217
69 2552
69 3961
69 4100
69 124
69 6717
69 1785
69 4095
70 2820
70 5383
70 547
70 563
70 3514
70 710
70 200
70 1360
70 209
70 1365
70 2780
70 349
70 223
70 480
70 7009
70 356
70 105
70 237
70 110
70 1912
70 507
70 124
70 639
71 1539
71 389
71 134
71 903
71 1288
71 268
71 1936
71 2963
71 661
71 2966
71 1199
71 1053
71 517
71 2466
71 902
71 679
71 296
71 3884
71 2479
71 306
71 1204
71 1594
71 961
71 3011
71 2758
71 585
71 975
71 982
71 2522
71 352
71 993
71 1635
71 870
71 195
71 1001
71 3440
71 1521
71 2802
71 1524
71 1399
71 380
71 126
72 235
72 103
72 584
72 2857
72 5707
72 76
72 4207
72 144
72 5393
72 5460
72 1365
72 86
72 2842
72 223
73 1031
73 2825
73 140
73 669
73 159
73 3105
73 5671
73 1579
73 176
73 4152
73 4447
73 1086
73 620
73 5445
73 582
73 841
73 2381
73 1464
73 2133
73 3161
73 1372
73 607
73 993
73 1123
73 997
73 6378
73 236
73 1269
73 1271
74 6017
74 898
74 259
74 260
74 519
74 1169
74 786
74 275
74 280
74 1822
74 288
74 293
74 811
74 302
74 304
74 243
74 4536
74 190
74 323
74 198
74 76
74 77
74 357
74 1120
74 869
74 619
74 115
75 162
75 5572
75 95
75 83
75 206
75 179
75 181
75 2487
75 218
75 187
75 1693
75 149
76 192
76 5507
76 456
76 4225
76 678
76 144
76 1041
76 917
76 666
76 2843
76 2846
76 3233
76 4258
76 164
76 1964
76 430
76 2863
76 584
76 2866
76 2867
76 3230
76 308
76 6535
76 188
76 5547
76 1086
76 693
76 7234
76 2883
76 1989
76 198
76 6471
76 5343
76 975
76 3025
76 1493
76 2873
76 5976
76 2780
76 2783
76 224
76 2789
76 223
76 124
76 3124
76 110
76 1009
76 242
76 1811
76 118
76 120
76 4089
76 703
76 200
76 5589
77 517
77 1031
77 521
77 531
77 1047
77 547
77 262
77 5161
77 520
77 1088
77 357
77 2151
77 1641
77 619
77 108
77 3695
77 105
77 4217
77 122
77 3712
77 138
77 139
77 142
77 151
77 1691
77 156
77 1184
77 2216
77 174
77 710
77 200
77 205
77 207
77 3282
77 213
77 223
77 1760
77 5349
77 233
77 243
77 1279
77 1798
77 4363
77 781
77 1809
77 275
77 790
77 2842
77 1822
77 293
77 806
77 304
77 3723
77 850
77 339
77 349
77 2927
77 869
77 3432
77 362
77 1391
77 376
77 381
77 401
77 914
77 3999
77 420
77 933
77 4531
77 953
77 5570
77 2506
77 474
77 999
77 2025
77 3571
77 1526
77 503
77 508
77 2046
78 642
78 645
78 135
78 268
78 281
78 286
78 685
78 1204
78 824
78 2494
78 706
78 195
78 197
78 470
78 863
78 865
78 739
78 113
78 628
78 251
79 133
79 146
79 1693
79 158
79 161
79 4130
79 425
79 175
79 187
79 80
79 210
79 83
79 2133
79 96
79 993
79 866
79 1508
79 485
79 3049
79 106
79 2795
79 1132
79 786
79 157
79 3313
79 4863
80 1729
80 123
80 3812
80 1734
80 166
80 169
80 237
80 5582
80 1103
80 5213
80 2643
80 116
80 1717
80 215
80 1176
80 180
80 143
80 831
81 128
81 352
81 136
81 238
81 286
81 734
81 735
82 854
82 1544
82 533
82 1560
82 3105
82 563
82 3636
82 2622
82 1087
82 585
82 1614
82 1103
82 619
82 108
82 116
82 2683
82 142
82 154
82 155
82 159
82 161
82 166
82 170
82 173
82 187
82 3261
82 195
82 1735
82 3272
82 1741
82 207
82 1234
82 725
82 1752
82 737
82 233
82 239
82 2800
82 245
82 761
82 254
82 257
82 287
82 812
82 306
82 311
82 312
82 314
82 3637
82 1857
82 5959
82 2379
82 336
82 1366
82 1367
82 2532
82 346
82 2399
82 1888
82 2922
82 1511
82 573
82 1404
82 1406
82 3456
82 902
82 2970
82 2799
82 1954
82 1179
82 2478
82 1481
82 468
82 2015
82 484
82 485
82 999
82 6120
82 1519
82 3061
82 1527
83 1651
83 3462
83 520
83 140
83 142
83 146
83 3603
83 580
83 1327
83 1693
83 158
83 176
83 1058
83 675
83 1885
83 168
83 425
83 941
83 157
83 944
83 2738
83 4528
83 181
83 311
83 1851
83 1852
83 317
83 1086
83 821
83 1733
83 1736
83 2760
83 1746
83 2259
83 122
83 473
83 2426
83 607
83 226
83 233
83 234
83 5572
83 236
83 1902
83 1647
83 2162
83 211
83 244
83 117
83 888
83 3194
83 123
83 3452
83 125
84 1409
84 4995
84 645
84 902
84 135
84 1288
84 138
84 523
84 268
84 2573
84 1811
84 2966
84 666
84 1791
84 930
84 1399
84 3876
84 3654
84 113
84 296
84 903
84 556
84 174
84 952
84 1204
84 822
84 394
84 824
84 3643
84 3338
84 2494
84 117
84 1035
84 197
84 6598
84 4513
84 396
84 2827
84 2764
84 126
84 975
84 1592
84 978
84 1235
84 724
84 1470
84 4184
84 1755
84 1630
84 352
84 1761
84 2403
84 195
84 3665
84 6760
84 1002
84 4331
84 748
84 4463
84 112
84 3816
84 958
84 1487
84 1577
84 501
84 3967
84 380
84 6781
84 1534
84 865
85 128
85 226
85 237
85 245
85 183
85 190
86 7012
86 202
86 120
86 2866
86 216
86 4219
86 186
87 520
87 1036
87 529
87 1044
87 2069
87 534
87 2071
87 1048
87 540
87 2591
87 3616
87 1032
87 1074
87 564
87 1086
87 577
87 587
87 2637
87 1107
87 1620
87 88
87 2144
87 104
87 107
87 620
87 626
87 3701
87 129
87 649
87 140
87 654
87 1683
87 666
87 2206
87 671
87 3746
87 3238
87 167
87 681
87 170
87 175
87 691
87 694
87 183
87 707
87 711
87 719
87 2770
87 729
87 3290
87 3279
87 734
87 735
87 1760
87 1764
87 2801
87 756
87 3317
87 1785
87 1788
87 1796
87 1797
87 262
87 264
87 265
87 266
87 282
87 285
87 2097
87 810
87 1326
87 2351
87 308
87 1856
87 328
87 331
87 1358
87 2899
87 2913
87 489
87 1892
87 357
87 2407
87 2408
87 363
87 365
87 2418
87 2423
87 379
87 380
87 4481
87 1923
87 1932
87 1975
87 448
87 3012
87 761
87 3039
87 992
87 485
87 3561
87 498
88 516
88 1031
88 3598
88 529
88 1044
88 2069
88 2071
88 1048
88 2820
88 1060
88 552
88 3114
88 1068
88 1070
88 2097
88 1074
88 1086
88 582
88 587
88 2638
88 2640
88 2130
88 1620
88 1621
88 1624
88 101
88 103
88 104
88 3689
88 107
88 125
88 129
88 3721
88 654
88 659
88 675
88 166
88 682
88 175
88 694
88 185
88 1724
88 719
88 223
88 1760
88 744
88 2088
88 3316
88 2297
88 1788
88 1795
88 1796
88 1797
88 262
88 264
88 265
88 282
88 285
88 3872
88 290
88 810
88 311
88 1759
88 316
88 1342
88 3392
88 992
88 1859
88 1861
88 838
88 1874
88 353
88 2407
88 364
88 365
88 2418
88 2420
88 574
88 895
88 388
88 390
88 1415
88 3466
88 1932
88 1425
88 411
88 2629
88 422
88 938
88 498
88 2994
88 953
88 3006
88 448
88 2845
88 3015
88 463
88 980
88 981
88 3545
88 2554
88 1502
88 1504
88 993
88 999
88 4076
88 850
88 3058
88 735
88 597
89 1664
89 769
89 131
89 639
89 4230
89 2049
89 905
89 2058
89 190
89 365
89 2450
89 235
89 1049
89 154
89 2459
89 2460
89 2077
89 159
89 288
89 1057
89 2466
89 3035
89 1065
89 2986
89 3116
89 1074
89 430
89 347
89 4018
89 469
89 308
89 1461
89 2742
89 1976
89 1978
89 828
89 446
89 575
89 1089
89 863
89 1078
89 582
89 3271
89 968
89 713
89 886
89 1068
89 1877
89 463
89 3415
89 2008
89 346
89 603
89 634
89 2142
89 1247
89 2048
89 240
89 99
89 868
89 1765
89 1638
89 2151
89 488
89 490
89 359
89 2029
89 494
89 2429
89 752
89 3445
89 3318
89 1961
89 2938
89 2032
89 170
89 1093
89 3199
90 515
90 1552
90 542
90 4134
90 4135
90 3112
90 1068
90 3632
90 580
90 3429
90 1097
90 1103
90 3669
90 1631
90 97
90 2321
90 616
90 208
90 3261
90 629
90 121
90 648
90 876
90 1168
90 149
90 154
90 155
90 166
90 2216
90 4267
90 1202
90 1719
90 185
90 189
90 190
90 3263
90 3265
90 1232
90 3282
90 725
90 1752
90 729
90 737
90 239
90 2293
90 246
90 2301
90 255
90 768
90 263
90 2833
90 790
90 292
90 1321
90 816
90 306
90 317
90 1855
90 1858
90 2371
90 2382
90 847
90 336
90 2386
90 854
90 352
90 866
90 355
90 1381
90 1388
90 1390
90 2935
90 1404
90 1406
90 902
90 392
90 322
90 1422
90 2452
90 413
90 416
90 1179
90 1974
90 585
90 2493
90 3008
90 2521
90 2019
90 2532
90 1000
90 1001
90 3057
90 3061
90 1527
91 1600
91 929
91 2084
91 200
91 713
91 1068
91 781
91 1007
91 347
91 1012
91 469
91 346
91 603
91 972
91 637
92 481
92 4995
92 7076
92 389
92 617
92 3440
92 1617
92 2522
92 635
92 2237
92 3231
93 737
93 771
93 292
93 4262
93 230
93 1633
93 3944
93 3265
93 4007
93 4011
93 1103
93 5810
93 5357
93 3669
93 1087
93 6035
93 6621
93 1653
94 1664
94 3072
94 3075
94 388
94 833
94 5900
94 1041
94 914
94 149
94 3479
94 1176
94 288
94 547
94 809
94 1195
94 562
94 183
94 185
94 187
94 957
94 245
94 1088
94 1089
94 1350
94 3497
94 203
94 847
94 3536
94 210
94 1443
94 1494
94 1124
94 222
94 96
94 226
94 3428
94 1767
94 236
94 850
94 111
94 1013
94 4009
94 127
95 1733
95 187
95 6379
95 237
95 1135
95 179
95 114
95 2483
95 181
95 6607
95 157
96 132
96 4616
96 2825
96 3983
96 2833
96 404
96 153
96 2970
96 2204
96 2207
96 675
96 559
96 6328
96 2748
96 4413
96 1608
96 2249
96 100
96 3930
96 993
96 6500
96 873
97 6657
97 517
97 1544
97 2060
97 1040
97 344
97 1053
97 542
97 553
97 181
97 594
97 607
97 98
97 1636
97 1659
97 124
97 136
97 142
97 823
97 149
97 1176
97 159
97 162
97 676
97 2727
97 176
97 2739
97 2741
97 3254
97 185
97 1730
97 208
97 210
97 1748
97 213
97 1765
97 826
97 245
97 761
97 1789
97 775
97 1812
97 558
97 2841
97 285
97 817
97 818
97 3895
97 1850
97 1857
97 1858
97 1348
97 1867
97 847
97 339
97 1877
97 1879
97 1880
97 346
97 1885
97 1887
97 1888
97 875
97 1900
97 1359
97 1907
97 1916
97 1921
97 3462
97 833
97 1416
97 1446
97 3495
97 4013
97 953
97 2210
97 982
97 474
97 1871
97 991
97 2532
97 2022
97 494
97 511
98 1539
98 1541
98 1031
98 1544
98 2059
98 1040
98 1561
98 1565
98 542
98 1572
98 553
98 2130
98 1623
98 1551
98 607
98 608
98 99
98 2151
98 941
98 103
98 1659
98 363
98 140
98 655
98 151
98 666
98 157
98 2727
98 170
98 685
98 1053
98 2224
98 2738
98 1203
98 181
98 3254
98 1730
98 236
98 1271
98 1812
98 2839
98 2856
98 813
98 1327
98 818
98 1846
98 823
98 1850
98 833
98 1858
98 328
98 2889
98 1867
98 1869
98 1871
98 339
98 1879
98 1892
98 362
98 1899
98 1900
98 877
98 3953
98 1906
98 1909
98 2423
98 1400
98 1408
98 1921
98 3464
98 402
98 2452
98 1446
98 3501
98 1460
98 1462
98 1473
98 1355
98 3528
98 2506
98 469
98 470
98 473
98 476
98 991
98 993
98 498
99 259
99 133
99 781
99 531
99 473
99 1048
99 2074
99 156
99 547
99 1094
99 3238
99 1959
99 3243
99 2735
99 569
99 5690
99 6461
99 1350
99 456
99 5326
99 1103
99 1617
99 1619
99 346
99 478
99 1760
99 613
99 494
99 3704
99 762
99 763
99 509
100 132
100 1422
100 1860
100 666
100 1179
100 162
100 164
100 710
100 1341
100 1710
100 1332
100 184
100 957
100 1343
100 4930
100 1734
100 1226
100 3916
100 2381
100 213
100 911
100 2913
100 3555
100 2661
100 1836
100 234
100 1519
100 245
100 894
101 129
101 1795
101 262
101 577
101 393
101 266
101 270
101 1624
101 279
101 265
101 671
101 1948
101 1966
101 1074
101 649
101 1982
101 2114
101 6711
101 720
101 1874
101 2190
101 540
101 735
101 2407
101 104
101 107
101 2514
101 2423
101 1785
101 183
102 179
102 4442
102 5998
103 1031
103 1544
103 1548
103 1048
103 1049
103 1051
103 1053
103 1054
103 1060
103 262
103 552
103 520
103 4146
103 564
103 3637
103 2635
103 1103
103 1622
103 607
103 2657
103 610
103 611
103 614
103 3181
103 3182
103 1135
103 1384
103 123
103 3195
103 124
103 126
103 3200
103 648
103 140
103 3725
103 142
103 3732
103 1176
103 1177
103 156
103 1693
103 159
103 163
103 166
103 179
103 185
103 6338
103 1732
103 198
103 713
103 1228
103 1750
103 227
103 2795
103 236
103 237
103 1064
103 242
103 245
103 214
103 3334
103 788
103 1303
103 1308
103 2339
103 562
103 1840
103 833
103 2380
103 847
103 850
103 855
103 346
103 348
103 2913
103 866
103 356
103 3432
103 362
103 875
103 365
103 369
103 3965
103 1406
103 2712
103 2460
103 1443
103 4526
103 6063
103 435
103 957
103 452
103 3916
103 463
103 993
103 494
103 508
104 1923
104 107
104 2190
104 367
104 5795
105 519
105 527
105 1040
105 1041
105 533
105 2582
105 1564
105 3615
105 562
105 563
105 1089
105 580
105 353
105 1623
105 1551
105 607
105 613
105 615
105 619
105 110
105 111
105 115
105 127
105 134
105 652
105 3725
105 659
105 666
105 1391
105 156
105 1028
105 159
105 1185
105 676
105 710
105 166
105 3240
105 170
105 684
105 1717
105 185
105 543
105 190
105 1215
105 198
105 199
105 200
105 2770
105 548
105 220
105 3298
105 227
105 740
105 232
105 233
105 234
105 239
105 243
105 1279
105 2820
105 1797
105 2828
105 786
105 275
105 790
105 3869
105 1826
105 806
105 809
105 810
105 323
105 838
105 328
105 2891
105 1361
105 346
105 1082
105 863
105 2913
105 1891
105 356
105 357
105 363
105 365
105 2927
105 379
105 389
105 392
105 3482
105 2799
105 412
105 1951
105 420
105 933
105 422
105 428
105 1522
105 430
105 437
105 2490
105 1467
105 1989
105 456
105 462
105 3425
105 1494
105 473
105 2019
105 494
105 3058
105 503
105 508
106 143
106 1744
106 6607
107 640
107 129
107 1795
107 262
107 519
107 520
107 3465
107 266
107 142
107 527
107 1620
107 529
107 282
107 155
107 285
107 1542
107 1969
107 3244
107 173
107 1327
107 2097
107 1074
107 694
107 649
107 364
107 699
107 828
107 735
107 1859
107 711
107 460
107 2637
107 1230
107 719
107 720
107 594
107 4564
107 346
107 603
107 1701
107 2144
107 2151
107 620
107 1874
107 6128
107 626
107 629
107 374
107 1236
107 894
107 3114
107 1406
107 1279
108 3712
108 6017
108 1798
108 138
108 1809
108 147
108 1822
108 159
108 1184
108 293
108 166
108 1009
108 1706
108 302
108 1088
108 275
108 2379
108 205
108 209
108 2522
108 975
108 357
108 481
108 869
108 236
108 6513
108 115
108 122
108 2046
109 171
109 182
110 768
110 4225
110 653
110 678
110 2841
110 2842
110 411
110 163
110 198
110 2857
110 1964
110 200
110 563
110 693
110 223
110 446
110 224
110 1730
110 2883
110 1989
110 584
110 202
110 1750
110 1623
110 2779
110 3941
110 188
110 3812
110 2789
110 242
110 703
110 4220
111 2049
111 363
111 388
111 365
111 1542
111 519
111 521
111 675
111 452
111 1551
111 530
111 531
111 533
111 1046
111 1049
111 516
111 239
111 156
111 159
111 288
111 547
111 838
111 3494
111 412
111 810
111 559
111 176
111 562
111 563
111 564
111 437
111 185
111 786
111 190
111 2301
111 323
111 580
111 2630
111 1863
111 460
111 1058
111 463
111 710
111 1619
111 953
111 1047
111 473
111 220
111 1060
111 481
111 227
111 484
111 613
111 357
111 362
111 619
111 914
111 353
111 1522
111 243
111 2430
111 233
111 933
111 508
111 3562
112 160
112 256
112 197
112 296
112 272
112 113
112 2963
112 407
113 2305
113 642
113 135
113 778
113 268
113 1426
113 819
113 1031
113 1708
113 685
113 2865
113 1469
113 160
113 197
113 327
113 396
113 333
113 863
113 2018
113 739
113 745
113 877
113 498
113 628
113 1405
113 126
114 672
114 225
114 2827
114 5572
114 2757
114 2566
114 6379
114 141
114 142
114 207
114 884
114 1622
114 2580
114 495
114 1693
114 1743
115 3715
115 4359
115 140
115 188
115 4374
115 1304
115 411
115 3494
115 2861
115 563
115 4024
115 564
115 316
115 1342
115 328
115 4429
115 4430
115 1365
115 232
115 242
115 233
115 2301
115 3124
116 133
116 2827
116 143
116 344
116 1143
116 926
116 645
116 1584
116 806
116 169
116 2475
116 172
116 942
116 2224
116 232
116 819
116 2485
116 824
116 3257
116 821
116 195
116 197
116 203
116 1752
116 1627
116 915
116 2512
116 934
116 2535
116 488
116 616
116 1267
116 245
116 1655
116 2809
116 831
116 253
117 352
117 929
117 3077
117 1736
117 297
117 202
117 3467
117 172
117 146
117 142
117 4528
117 2706
117 3606
117 2128
117 122
117 123
117 4252
118 2883
118 3812
118 617
118 235
118 5299
118 2025
118 2873
118 4219
118 4220
118 221
119 481
119 458
119 2231
119 2060
119 240
119 2135
119 3322
119 1628
119 3326
120 653
120 3220
120 1304
120 678
120 2863
120 200
120 693
120 188
120 2877
120 703
120 1989
120 584
120 223
120 2789
120 242
120 3191
120 124
121 2820
121 3464
121 3235
121 2854
121 3313
121 681
121 6535
121 1964
121 2873
121 3903
121 5963
121 200
121 202
121 2763
121 216
121 2522
121 223
121 3424
121 2785
121 1009
121 3941
121 1261
121 494
121 4209
121 3058
121 1402
122 896
122 2434
122 1797
122 243
122 3464
122 2007
122 1038
122 1042
122 3732
122 1057
122 1054
122 801
122 1058
122 806
122 298
122 5959
122 2733
122 2223
122 4528
122 172
122 1972
122 821
122 310
122 1417
122 5048
122 1852
122 1954
122 446
122 4021
122 2480
122 5445
122 211
122 1735
122 1736
122 202
122 3916
122 207
122 1617
122 1746
122 5774
122 1584
122 182
122 4962
122 2466
122 2991
122 273
122 2795
122 1009
122 2035
122 246
122 4601
122 1855
122 1406
122 3455
123 3713
123 214
123 3729
123 1176
123 1693
123 2849
123 164
123 166
123 303
123 4528
123 1736
123 946
123 437
123 311
123 185
123 187
123 2876
123 190
123 706
123 1861
123 3656
123 202
123 1746
123 213
123 1622
123 4442
123 1372
123 607
123 993
123 806
123 233
123 999
123 2796
123 5437
123 2399
123 2643
123 2812
124 4225
124 653
124 5976
124 1416
124 5343
