2 1028
3 1777
3 1718
4 4612
5 6528
6 2568
8 1396
9 6593
10 5265
11 6122
11 581
12 3704
13 2937
14 2618
15 5142
16 1383
19 7091
19 1430
21 2004
22 6840
24 6004
24 1677
24 7199
25 3593
25 954
26 4922
26 1470
27 1480
29 3675
32 1957
33 3818
34 3922
34 4383
35 5470
35 3071
36 1248
36 4774
36 479
39 834
39 4082
39 6406
40 5435
40 3899
40 6983
41 6369
41 3898
41 2253
42 7294
43 696
43 510
44 6188
45 6694
45 4230
46 7265
46 5754
46 5427
46 4487
47 2569
47 5678
49 2235
49 324
49 5909
51 3296
51 2169
51 1964
52 748
52 3333
53 3209
53 4062
54 824
54 3446
56 3676
56 1037
57 3259
58 2035
59 3794
59 6919
60 6065
60 588
60 5631
61 681
61 5100
62 4620
62 7197
63 2088
63 1468
63 6295
66 4672
66 1220
67 4752
67 4908
67 4871
68 2768
70 3138
70 1253
71 6939
72 2244
73 1704
73 3501
74 5936
76 6097
77 3072
77 3929
77 6174
78 6185
79 2276
80 6945
80 4535
80 1679
82 4224
82 1079
83 2651
83 5390
84 186
84 1431
85 1449
85 3716
85 3886
86 1256
88 6866
88 1315
89 4897
89 2131
89 3251
90 3571
90 3919
92 586
92 4099
93 6898
94 5560
94 5922
94 5876
95 1762
95 2664
95 6601
95 6186
95 3618
95 3568
97 7300
98 311
99 5649
99 843
99 3051
100 264
100 1161
100 7022
100 5303
101 4520
101 7235
101 243
102 4624
102 2953
102 3701
102 861
102 2687
104 6148
104 3551
105 235
105 3222
106 4844
106 3763
106 2476
107 4408
107 1229
107 5823
109 5960
109 6808
109 2930
110 5856
110 2410
110 4943
110 5794
110 2095
111 1968
111 449
111 167
113 3846
113 3007
114 345
114 1966
114 6129
116 1284
117 5435
117 3927
118 2211
118 1764
119 446
121 1825
121 475
122 4596
122 1196
122 6646
122 5262
122 5255
124 3253
125 6393
125 2530
126 1896
126 6063
126 3199
127 3998
128 6038
130 6478
131 817
131 334
133 880
134 2984
135 4382
137 4224
137 4613
138 1509
139 3264
139 1061
141 1785
141 2395
141 4967
142 4427
143 2959
144 1829
145 5831
146 2285
147 3365
147 3858
147 369
147 2226
147 180
147 2966
149 3197
150 5209
150 6319
151 1744
151 7045
151 2678
153 2584
153 3451
153 3430
153 6871
154 6124
155 2202
157 2552
158 1464
158 6200
158 2292
160 5665
162 5671
163 270
164 5841
165 6504
165 6863
165 2925
165 5295
166 3717
166 5141
167 2335
169 6069
170 1608
171 1857
171 3069
171 974
172 4897
172 3835
172 2444
172 4742
175 6921
175 5762
176 3342
177 6552
178 4491
178 2684
178 661
179 5015
180 460
181 5603
181 2820
181 197
182 4209
183 3941
183 5038
183 191
184 3782
184 4218
184 2485
184 694
184 6117
185 5992
185 5940
185 4946
185 1972
186 207
187 2818
188 7068
188 5462
189 6946
189 1558
190 7016
190 4929
191 4201
192 770
192 1228
192 3942
194 5954
195 6243
196 6995
197 1889
197 7084
199 6965
199 5742
199 5167
200 4369
200 2298
201 2021
203 4360
203 1308
203 5117
203 3758
204 4832
205 4912
206 7293
208 5832
208 877
208 3054
208 5055
209 2527
210 729
210 4893
210 6817
211 2326
211 558
212 2569
212 542
213 6564
213 1727
213 4364
213 239
214 683
215 4532
217 1227
217 2534
217 3615
218 4722
219 1292
220 3115
221 3305
221 1919
222 1120
223 6905
223 436
223 359
225 5534
225 1735
226 2937
227 1276
227 404
227 4863
228 5467
228 5172
229 1671
230 368
231 5875
233 1665
234 3368
234 5792
234 5547
234 5212
236 2977
236 6044
236 2573
236 6437
237 4624
237 1460
237 2271
238 6643
238 5183
239 3644
239 6902
241 5873
243 1976
243 1021
244 1835
245 5370
245 5323
245 788
246 4710
247 2440
248 504
248 1133
248 2190
249 5404
249 4140
249 5941
249 5913
250 4969
250 2555
251 7076
252 5419
253 410
253 5588
254 2356
254 4925
255 6062
255 4838
260 552
260 3498
260 2117
263 3918
264 5946
264 1765
264 6887
266 2755
266 2795
267 6136
268 3216
271 796
271 7102
271 422
272 3714
272 2092
272 5442
274 5880
275 2791
276 7193
277 770
278 4891
278 4683
278 2819
279 2155
279 5893
279 5102
281 1929
282 5875
282 5596
283 4196
283 3071
284 2818
284 3482
284 598
285 5675
285 2220
285 3030
286 6593
286 2340
287 2145
287 3170
288 6704
288 1718
289 812
290 4561
291 1314
291 4388
293 464
294 3661
294 2422
294 950
294 3303
295 5699
295 4989
295 6215
297 7010
297 5919
298 6588
298 6468
299 3720
299 4166
301 1434
302 1071
303 3266
304 3159
305 3483
305 6965
307 3459
307 3375
308 5156
308 4375
309 2357
311 968
311 2041
311 3163
312 6306
313 582
314 678
314 4303
315 2153
316 4712
316 4803
316 2415
319 6711
320 4406
321 1201
321 5767
323 7197
323 4143
326 6355
327 2929
328 5521
328 3667
331 6611
331 4556
332 648
332 749
333 5127
333 2006
333 1191
334 4481
334 2370
334 3079
334 1129
334 4691
335 5150
335 2422
335 1782
336 1192
336 4771
336 1180
336 1902
336 4455
337 2039
338 5862
339 5893
339 6463
340 4167
341 5553
342 5241
343 1849
345 3295
345 1876
345 2399
346 3515
347 6407
347 3319
348 416
348 1856
348 1734
349 3551
350 6076
351 5637
351 5215
352 5837
352 871
353 1027
354 1850
354 967
355 6321
356 3530
357 1904
360 672
360 5400
360 2490
360 7005
361 2289
361 1596
361 4261
362 2756
363 6221
363 5183
365 4633
366 1985
366 3875
366 3124
367 1097
367 1068
367 2548
367 3238
368 6872
368 1220
369 6550
369 1531
370 1568
371 3616
371 4558
371 2087
372 6171
373 6106
373 3020
373 3709
374 6032
375 5252
376 5525
376 6919
378 1121
378 7293
379 1059
380 1339
380 2781
381 3307
381 6846
381 4711
382 4192
383 2664
383 5770
383 5660
383 1703
385 7021
386 2364
387 2722
387 1071
388 4664
388 6698
390 3458
390 941
390 4895
391 6629
392 2724
393 3488
394 410
395 5881
395 547
396 4972
397 1039
400 6394
401 2280
401 6006
403 6731
405 2578
405 1860
405 3138
406 2345
406 4628
406 4317
407 3536
409 4098
410 1816
410 1020
410 3647
413 1347
413 1675
413 3813
415 6978
416 2178
417 4890
417 843
418 6726
420 5194
420 5508
422 2251
422 3845
422 3141
423 7024
423 2726
424 3855
425 4777
426 1992
427 5550
427 3767
429 7249
429 1059
430 6507
431 2824
431 3284
432 6653
435 3223
436 2887
436 3230
437 6426
437 3599
437 455
439 5664
439 5944
439 2413
439 3439
440 5292
441 6616
442 7178
442 7235
442 6695
443 2445
444 5284
444 1071
446 819
447 1208
447 3512
448 4123
449 492
449 7301
449 7094
450 3873
450 2199
451 561
452 5895
452 2047
453 5218
453 1461
453 3846
454 7000
454 5758
454 3654
455 2225
455 4186
455 2019
455 3060
459 2471
460 2545
460 2523
461 1116
461 4493
461 903
462 800
462 4072
462 2315
462 4070
463 1992
463 6506
463 2811
464 3273
465 2601
465 6902
465 4071
466 5016
467 4118
469 615
470 5530
471 7195
471 1094
472 6194
472 2811
472 2044
473 1304
474 5361
475 1656
475 3378
476 5313
477 7052
477 5611
477 3948
478 1621
479 3741
479 774
480 4192
480 5377
480 5769
481 1998
482 3505
482 6924
482 5801
486 611
487 1601
487 6606
487 5329
489 3640
490 3140
491 3688
491 1098
491 2924
491 5431
492 2184
492 6670
493 5953
493 5639
493 5134
493 4346
493 3901
493 3294
494 5695
495 7052
495 3364
495 2197
496 4888
496 3034
497 7080
497 6598
499 2142
500 5595
500 4165
501 4803
502 553
502 5644
503 6124
504 800
504 5256
504 2741
504 5977
504 4412
505 3987
506 2948
507 6709
509 5613
509 5527
510 3424
510 2877
510 726
511 1481
512 5890
512 1492
513 2742
514 1149
515 3072
515 6505
516 1990
517 3492
518 2693
518 935
518 4649
518 4749
518 1847
518 3486
519 1062
520 6996
520 574
521 4715
521 6059
522 6627
522 3231
523 3531
524 4888
524 5268
528 1836
529 4864
530 4996
530 1646
531 4236
533 6826
533 3468
533 5526
534 4520
536 5849
536 1869
536 6246
536 1447
538 6425
538 6051
540 934
542 1688
543 3650
543 1982
544 3572
544 2670
546 4917
547 5114
548 793
548 3802
548 6202
548 5913
549 4714
550 6588
551 4348
551 5719
552 4805
554 1733
555 3795
555 1247
557 4505
558 1539
558 1478
559 1505
559 1918
561 4696
562 633
563 2580
563 5589
564 5522
564 6950
565 3801
565 7270
565 4417
568 2164
568 6822
569 4745
569 4437
569 5398
570 3439
572 1781
573 7134
574 5468
575 2288
576 4202
577 1931
577 4535
579 5753
579 1997
580 1373
580 2021
583 6896
583 6173
585 800
585 590
586 4741
587 1206
588 5111
589 1379
589 2069
589 6703
590 5748
590 2429
591 5181
592 1774
592 1374
594 6405
595 3411
596 844
596 3861
596 7054
597 4089
599 730
600 4554
600 4778
601 3249
602 4858
602 7195
603 4425
603 1058
604 3364
604 5878
605 1985
605 686
606 1345
607 746
607 1454
608 4952
608 5209
609 6967
611 1313
611 5858
611 2211
611 6049
613 6267
614 4889
614 4891
614 1814
615 1841
615 6685
616 6408
617 6392
617 4213
618 7252
619 6296
619 945
619 682
619 1884
621 2026
621 6013
623 2334
624 3393
624 3562
624 4722
625 3802
625 5674
625 5950
626 6517
626 5727
627 3927
628 3299
629 5716
632 5470
633 6609
635 6508
635 3789
636 4249
636 1287
637 2786
637 1524
638 7041
639 5686
639 2030
640 6174
641 4544
642 2134
643 5205
643 5678
644 3001
644 3221
645 1429
646 779
646 763
647 5715
647 3403
647 6343
647 4703
649 5005
649 2694
649 7086
650 5886
652 2329
652 1622
654 3796
654 6134
654 3638
655 899
655 4358
656 6337
656 4138
656 6202
658 5826
659 2812
659 1479
660 5202
660 6519
663 5872
663 929
663 2892
664 5626
664 997
664 3750
667 6959
668 1766
670 2881
670 3532
670 5705
672 2105
672 6092
672 2364
673 2905
673 2027
673 7039
674 6452
674 3263
675 1194
676 3686
677 3802
677 3812
679 1822
679 1814
679 2998
680 3084
680 5597
681 3561
682 4153
682 6122
682 1925
684 786
684 5566
685 7112
686 1395
686 4237
687 4535
689 7230
690 4179
692 2441
692 749
695 2510
697 1593
697 6645
697 5295
698 3695
699 5844
699 6445
699 5063
700 7113
702 7227
704 4849
706 717
706 5293
707 5440
707 855
710 2104
710 5452
710 6685
711 6534
711 3358
711 1526
712 2754
712 2413
713 4320
713 6703
713 3483
713 5335
714 3014
714 2826
714 4523
714 1661
714 742
715 4937
715 1819
715 4940
715 6693
716 3818
716 7230
717 3952
718 5535
720 6467
720 6621
721 6776
721 3441
722 5552
722 4862
726 5321
726 3732
726 5665
727 5593
727 5403
727 2886
727 6583
730 4334
731 6027
731 2495
733 5175
734 7216
734 1420
735 5688
736 6194
737 5937
738 3449
738 1059
738 6835
738 6654
740 2194
740 6699
741 4660
741 4157
741 6263
742 2931
742 851
742 2151
743 6143
746 6821
747 771
747 5220
748 3875
749 1240
749 7120
749 6069
752 4899
752 4164
753 5352
753 6847
754 4887
754 1022
754 1551
755 4249
757 3648
757 4525
758 3800
758 2058
759 3054
759 1431
764 6024
764 6974
765 6681
765 2949
765 5182
766 5864
766 4242
766 2525
766 6550
767 1997
768 4385
769 2856
769 3485
771 5640
771 2199
772 3379
772 2015
773 6059
773 1533
773 2222
775 6993
775 3182
776 5388
776 6358
777 2211
778 6546
779 4300
780 1970
781 1068
781 6791
782 2201
782 1710
782 5553
783 4450
783 2860
783 3014
783 5831
786 4438
787 5520
787 5779
788 6835
789 3264
789 4433
789 4690
789 2710
790 4584
792 1808
792 4306
792 4996
793 6499
793 4431
794 3955
794 2742
795 2867
795 3487
796 3194
797 2032
797 1729
797 3179
797 3957
800 6092
800 6630
803 2113
804 6572
805 1736
805 1980
805 6598
806 2245
807 1148
807 1020
808 7156
809 3981
811 3596
812 2055
813 6403
814 5808
815 5643
815 3212
815 4831
816 4601
817 1230
817 7031
818 6955
818 5150
819 1288
820 3143
821 1710
822 6770
823 4825
823 6217
824 4712
824 3305
824 5025
826 6605
827 2185
827 7189
827 4353
828 7285
831 1370
832 2958
833 5690
833 1819
833 6811
834 4839
835 2643
836 4746
837 2304
837 947
837 4052
838 5032
838 5750
840 3987
840 2645
840 3581
841 2201
842 6683
844 1349
845 3256
845 2973
849 3431
850 1988
851 2889
852 3808
852 5974
853 4792
853 2818
853 4167
854 3527
855 2553
856 1792
857 7173
860 1827
860 1940
860 895
861 5996
861 4356
861 3198
864 3076
866 5781
867 1033
867 3396
868 1552
869 2267
869 6924
869 6413
869 2007
870 2698
871 1404
873 5744
873 2167
873 1351
874 6248
874 2473
874 4699
874 6460
875 1974
877 5905
878 1570
879 5055
880 3306
880 2077
881 2451
882 6125
883 3621
883 3446
883 6445
884 6005
885 2084
886 6761
886 1054
888 2379
889 6388
890 6586
890 939
892 3161
892 2554
892 2709
893 2978
893 2421
893 2695
894 2594
895 2328
895 3832
895 6056
898 2781
901 4682
903 6281
903 3130
903 2021
906 7209
906 2930
906 5844
906 4247
907 1616
907 5726
908 5577
909 5603
910 6558
912 6081
914 4080
914 6158
915 1474
916 1142
917 4560
917 6484
918 4360
918 5777
918 3730
918 921
918 4282
918 4030
919 2624
920 4972
920 3356
922 6520
925 3930
925 1580
927 6756
928 5667
929 1985
929 4859
932 4169
932 7002
938 2579
938 3743
939 3521
939 940
939 2879
940 3128
940 1250
940 2213
940 5373
941 5386
941 1515
942 4583
943 1453
946 1680
946 5784
946 2106
946 4874
948 3310
948 5219
948 5958
948 3030
948 2910
949 5579
949 3069
950 4825
950 3716
951 4104
951 3305
952 3874
953 2675
955 2250
956 5143
957 2497
957 5381
959 3652
961 3817
963 5924
963 5671
964 2225
965 1562
966 6752
967 5257
967 1427
967 6501
968 6010
969 1524
969 1829
970 3448
970 5248
971 5265
971 4509
972 6217
972 1716
975 7200
977 5834
977 7277
979 2672
980 1358
982 2880
982 4699
983 3076
985 4856
985 6240
985 6301
986 5135
986 5054
986 1654
986 1935
987 7017
987 3196
987 5023
988 1561
989 5262
990 3570
990 3211
991 4009
993 1917
994 2803
995 5593
996 1362
996 4629
997 6883
998 3253
999 5802
1002 6989
1002 5438
1003 5439
1004 3779
1005 1370
1005 3395
1006 5792
1006 5273
1006 2338
1008 5306
1009 2224
1009 4611
1010 4940
1011 1230
1012 3434
1013 6135
1014 5206
1015 1584
1015 6342
1017 6181
1018 7104
1018 3263
1019 4829
1020 2684
1021 4538
1022 2840
1022 6627
1022 2882
1023 4699
1024 3568
1024 3841
1025 1543
1026 5370
1026 6710
1027 1924
1027 4761
1028 6073
1028 2973
1029 4412
1029 3231
1030 2056
1030 6281
1033 6498
1034 4352
1034 7261
1035 5148
1035 1804
1035 4981
1037 5874
1037 7244
1038 1271
1039 4862
1039 3406
1040 4817
1040 2018
1041 5324
1042 5882
1042 5970
1043 5569
1043 4306
1043 6338
1044 2752
1044 3816
1044 1651
1044 4174
1044 6631
1045 3440
1045 5144
1045 5961
1045 3071
1047 2449
1047 7110
1047 2758
1050 3449
1050 2546
1050 5659
1051 2490
1051 2103
1052 6936
1052 6202
1052 3589
1053 4235
1054 6912
1056 4074
1057 5524
1057 3527
1058 1568
1058 2736
1058 4717
1060 3892
1061 6736
1061 1467
1063 4268
1065 1155
1065 2422
1066 1154
1067 6729
1067 6995
1067 6062
1068 2311
1071 3670
1072 6736
1075 7191
1076 4666
1079 1856
1080 5049
1080 2348
1081 6275
1082 5574
1084 1312
1084 3369
1084 5456
1086 4619
1086 5644
1086 5719
1087 1474
1087 3675
1087 3101
1088 3652
1089 2673
1089 7266
1090 3394
1091 5998
1093 2619
1094 2338
1095 6513
1095 3763
1096 3666
1096 3277
1097 6824
1097 5993
1097 3795
1098 5205
1098 2686
1099 1542
1099 6121
1099 6125
1099 3984
1099 3443
1099 1716
1101 6738
1102 1428
1102 6934
1102 6894
1102 6911
1103 7049
1103 3561
1103 1749
1103 5425
1104 6584
1104 5997
1107 6781
1107 1694
1108 5466
1109 2320
1109 6499
1109 4020
1109 6819
1109 1254
1110 6931
1111 3582
1112 6274
1112 1419
1113 6954
1114 1876
1114 6527
1115 2648
1116 6140
1117 6610
1117 6487
1118 3191
1119 4274
1119 5034
1120 3151
1123 1308
1123 4519
1124 4280
1124 5915
1126 2761
1127 3420
1127 2580
1128 4083
1130 7299
1131 2425
1131 2814
1132 5329
1132 5467
1132 5589
1133 2050
1133 2402
1133 6950
1133 6869
1134 6897
1135 3660
1136 5354
1136 4709
1136 5514
1139 4061
1141 2552
1141 7257
1144 6336
1145 6413
1145 2270
1146 6010
1146 3651
1147 3433
1147 2477
1149 2631
1151 3434
1151 3318
1152 5546
1152 2004
1152 5231
1153 2976
1155 1255
1155 4239
1155 6262
1155 5193
1155 7002
1156 1766
1157 5580
1158 2875
1158 4870
1160 3196
1161 3519
1164 1171
1164 2245
1166 3206
1167 1595
1167 3979
1168 2528
1168 5963
1169 6776
1169 4881
1169 1539
1169 1955
1170 3796
1170 7278
1171 3452
1171 2250
1173 1406
1175 3795
1178 4961
1178 3460
1178 2853
1178 5995
1178 5716
1178 5658
1179 6265
1179 2530
1179 6868
1179 6943
1182 3049
1183 3713
1183 4690
1183 6406
1183 2391
1184 2896
1184 2257
1184 6074
1184 5150
1185 3934
1186 2374
1188 3650
1189 2615
1190 2648
1190 1805
1191 1379
1193 4660
1193 2388
1196 4308
1197 1514
1197 6011
1198 3936
1198 5521
1198 6564
1199 4128
1200 2339
1200 5487
1202 2793
1203 6276
1203 5606
1203 2735
1204 3033
1205 3916
1205 6582
1206 6577
1206 5443
1206 6372
1206 4014
1209 2580
1211 1504
1211 6826
1211 3749
1212 2650
1212 3291
1212 1813
1212 4282
1213 5478
1215 4407
1216 4586
1218 1733
1221 6143
1221 4271
1222 7295
1223 4140
1225 6107
1226 2009
1227 6774
1228 4569
1230 3271
1232 3144
1232 4717
1232 3311
1233 1732
1234 1915
1234 2181
1235 6861
1235 2582
1236 3927
1237 3680
1239 5186
1240 6755
1241 2008
1241 3975
1244 6188
1246 6594
1246 5907
1246 4222
1247 6226
1248 6076
1248 2397
1250 1459
1250 2270
1251 2996
1253 6071
1254 1630
1254 5735
1255 1420
1255 4919
1257 5028
1257 1749
1257 1422
1257 1935
1258 1973
1260 7224
1262 6341
1263 1512
1263 7267
1263 4948
1263 1302
1264 5627
1265 6252
1266 1760
1266 3168
1266 4325
1268 5247
1268 1583
1269 3690
1270 4216
1270 6954
1270 4846
1271 6976
1271 3083
1271 2198
1271 3917
1272 2328
1272 5194
1272 5596
1272 6701
1272 2686
1273 1354
1273 3156
1273 5170
1274 5264
1274 3961
1274 2627
1274 2435
1274 2895
1275 2189
1275 3174
1277 1565
1278 4539
1278 6555
1283 3931
1286 6112
1286 6912
1287 4716
1288 3825
1288 1682
1289 5306
1290 6858
1290 1908
1291 5520
1291 6723
1293 4646
1293 7276
1293 3702
1293 2174
1294 1840
1294 6305
1295 5502
1295 1478
1296 6923
1297 4968
1297 3637
1297 6398
1299 2744
1299 5265
1300 7146
1301 1438
1303 2233
1303 5635
1303 3628
1304 7123
1304 7131
1304 6710
1305 7073
1306 3459
1307 5665
1307 3260
1310 4083
1311 5178
1312 6297
1312 1923
1312 1982
1313 1531
1314 5908
1314 2485
1315 4308
1315 2582
1316 6122
1316 5619
1318 2927
1319 7077
1321 7135
1322 3258
1322 2803
1326 4608
1327 6438
1328 2270
1331 1982
1332 4788
1333 4653
1335 3954
1335 5299
1336 3407
1337 7216
1338 5185
1338 4067
1338 6421
1339 3736
1341 3764
1341 6655
1342 4925
1343 3346
1344 2703
1345 6552
1348 5411
1348 7220
1349 6226
1350 2296
1350 6312
1351 1555
1352 5241
1354 6596
1354 5485
1354 5841
1356 3324
1357 3994
1357 3739
1357 2006
1359 6114
1360 4663
1361 4841
1361 7118
1362 1568
1363 6777
1363 1709
1363 5054
1364 3482
1364 5861
1365 3741
1368 3268
1368 2862
1369 2200
1369 2433
1369 4315
1369 7113
1372 1504
1372 1649
1372 4576
1373 4402
1374 4060
1375 4866
1375 2079
1378 2425
1378 4779
1379 4591
1379 3292
1380 4622
1381 3485
1382 3124
1383 3079
1384 1710
1387 2902
1387 3167
1388 2990
1388 1918
1389 4692
1390 2063
1392 2542
1393 5989
1395 6135
1396 4593
1397 4221
1398 6224
1398 4097
1398 2083
1398 6033
1400 3389
1401 5334
1401 3775
1402 7119
1404 4163
1405 5008
1405 4217
1405 1724
1406 6224
1406 2395
1406 5836
1407 3348
1408 3155
1410 4092
1411 3449
1411 6411
1412 6282
1412 6838
1413 3966
1414 2741
1414 1790
1416 4849
1416 4797
1420 7234
1420 4934
1420 3736
1420 6460
1421 5824
1422 1896
1423 2026
1423 7006
1424 5873
1424 5831
1425 5804
1425 1599
1426 3402
1427 4678
1428 5419
1428 6759
1430 2176
1430 6364
1430 6774
1431 4138
1431 2667
1432 4026
1433 3979
1433 5758
1433 5006
1434 1680
1434 2728
1434 3713
1435 2176
1435 4369
1435 3133
1436 3916
1436 3335
1437 6240
1437 3929
1439 2538
1443 5296
1443 3962
1444 6302
1446 6419
1446 2947
1448 4159
1450 6507
1450 5413
1451 5656
1452 4121
1452 4690
1452 2798
1453 7065
1454 5419
1454 5803
1455 5777
1455 7135
1457 5524
1458 4992
1459 3794
1459 3837
1460 2625
1460 6875
1464 7130
1464 2915
1465 4506
1465 6763
1466 5484
1466 2534
1467 4538
1469 1555
1469 1524
1470 7238
1470 4719
1471 5307
1472 5087
1473 2945
1473 3181
1474 6978
1475 6570
1475 5163
1476 5160
1477 3235
1477 6413
1478 4582
1479 5979
1481 2952
1481 1674
1481 4342
1482 7223
1484 4008
1484 5776
1486 5733
1487 6179
1487 5022
1488 5499
1488 3806
1489 4208
1489 2282
1489 7039
1490 7191
1491 6079
1492 2472
1492 6880
1492 7201
1495 5839
1496 2086
1497 6943
1498 1930
1498 6039
1499 1535
1500 4007
1503 6635
1503 5526
1504 3857
1504 5532
1506 6107
1507 5184
1507 3962
1509 4085
1510 4641
1511 4084
1513 1925
1514 4759
1514 4095
1515 1606
1516 7149
1516 2862
1518 7046
1519 3506
1519 3381
1520 6390
1520 1566
1520 1542
1524 4557
1525 4576
1525 4532
1526 5859
1527 4611
1527 3951
1529 6128
1529 6402
1530 6250
1532 2493
1533 4538
1534 3697
1534 3790
1537 2166
1540 5545
1540 5907
1541 2073
1543 2716
1543 6271
1545 3418
1546 2682
1548 5940
1550 6824
1550 7184
1550 4802
1551 5880
1551 7227
1552 6071
1553 5125
1553 4238
1554 2321
1554 4812
1555 5524
1557 1954
1557 4651
1557 6678
1557 5191
1558 5818
1558 1787
1558 5779
1559 3384
1559 2522
1561 3260
1564 6240
1564 6753
1565 6160
1565 4755
1566 3793
1567 3260
1570 3420
1571 5696
1575 6171
1575 6748
1575 6342
1575 4343
1577 3508
1577 4021
1579 4949
1580 4262
1581 3160
1582 6538
1582 4175
1583 5666
1583 2575
1583 1895
1587 6083
1588 4726
1589 6314
1589 4207
1590 4675
1591 4690
1591 2469
1593 5447
1594 7129
1594 6197
1594 5975
1596 3387
1596 2287
1598 4836
1598 3724
1601 2320
1601 6314
1602 3394
1602 4196
1604 7066
1604 5710
1605 3787
1607 5191
1608 2307
1608 6612
1609 5712
1610 4265
1611 4944
1611 5024
1611 5650
1613 2888
1614 4713
1614 4620
1615 5115
1615 7230
1615 1807
1620 3345
1621 4460
1622 6686
1623 2092
1624 3989
1625 2728
1625 6473
1625 2603
1625 2302
1625 6923
1626 2700
1627 5492
1628 2952
1628 4537
1628 5056
1628 6389
1628 5958
1629 4912
1629 4442
1630 5697
1630 2525
1631 4420
1632 2109
1633 4882
1633 4133
1634 6936
1634 5375
1635 6565
1635 4230
1636 2984
1636 2203
1638 3002
1638 3149
1638 6562
1640 4445
1641 2122
1641 3202
1641 2382
1644 2200
1644 6249
1644 2586
1644 5685
1645 7168
1645 3923
1647 5453
1647 7013
1648 2867
1650 2541
1653 3674
1653 1949
1654 5520
1654 6483
1655 3836
1655 2423
1656 2608
1656 1703
1657 3584
1659 5304
1659 6389
1661 6632
1661 2705
1661 4639
1662 2224
1663 3381
1663 1766
1666 4899
1670 5881
1670 7003
1672 2535
1673 6130
1674 7144
1674 3839
1676 5680
1676 6198
1678 3636
1678 7013
1679 5209
1680 2498
1680 2366
1681 3304
1681 7060
1681 6983
1683 4904
1684 3740
1685 6433
1686 2312
1686 4412
1688 6505
1688 5847
1690 4337
1690 5945
1691 4504
1693 4792
1693 2948
1694 1836
1694 3901
1695 4337
1695 7090
1696 6586
1698 3596
1698 5399
1699 2769
1699 5985
1700 3188
1702 2855
1704 6652
1706 6362
1707 6496
1707 6892
1707 5949
1708 2640
1708 5120
1708 4613
1710 6726
1711 1875
1711 4620
1712 4198
1712 4903
1713 3626
1713 5423
1716 2010
1716 2439
1718 3778
1718 2732
1718 3117
1719 4426
1720 5939
1721 4789
1722 2481
1723 1928
1723 4442
1726 2569
1726 5062
1727 2984
1727 3223
1730 2633
1732 5059
1732 6788
1734 3008
1735 2147
1736 2472
1736 4417
1736 3746
1736 3454
1738 1856
1739 6962
1740 2554
1740 7044
1740 4709
1740 5095
1741 2906
1741 2382
1742 6486
1743 4105
1745 6680
1745 2348
1746 2971
1746 3566
1746 5619
1747 6731
1747 4780
1748 5119
1749 3577
1749 3844
1750 4129
1752 6669
1753 2282
1756 4867
1756 4349
1756 4694
1757 5014
1758 6024
1758 2833
1758 3068
1758 3900
1759 6129
1759 6007
1761 6800
1762 2697
1762 3342
1764 3200
1764 3195
1764 3356
1764 5909
1765 5330
1766 7199
1766 3979
1769 2155
1770 1879
1771 6008
1777 4515
1777 4727
1778 4307
1780 5520
1781 5549
1781 6854
1782 3965
1782 3358
1783 4296
1783 3643
1783 6262
1783 6151
1784 6122
1787 5489
1788 6716
1788 4412
1788 2415
1789 5578
1790 2815
1791 5893
1792 6263
1794 1885
1795 2400
1796 4297
1797 4274
1797 1875
1797 4101
1798 2153
1798 6282
1798 6036
1799 4819
1799 2318
1800 6343
1801 6894
1802 1936
1802 5660
1803 4771
1803 7150
1803 3174
1806 2241
1806 3762
1808 6409
1808 2111
1810 3592
1810 4704
1810 3308
1810 5621
1812 4507
1814 3421
1815 1832
1815 3658
1815 6251
1815 3682
1816 5464
1816 3820
1816 7218
1816 2671
1818 4299
1819 2119
1821 2662
1824 2464
1824 7067
1824 6183
1826 4562
1829 5889
1830 3467
1832 6167
1834 3706
1836 5335
1836 2692
1836 2271
1838 3664
1842 3001
1842 2682
1842 2637
1842 2918
1843 5308
1844 2307
1845 6228
1845 3015
1846 3700
1848 6659
1849 3962
1849 6573
1850 6976
1850 2830
1850 4335
1851 5233
1851 3134
1851 6535
1852 7244
1853 2495
1855 5073
1857 5356
1858 3473
1859 5008
1859 6033
1861 5617
1861 2197
1861 4638
1862 2453
1863 5912
1864 6818
1864 3246
1864 4879
1866 4912
1866 5808
1866 2949
1867 5103
1868 6460
1872 6878
1872 3007
1874 4583
1875 2730
1875 3434
1875 4758
1876 3516
1877 3527
1878 4249
1878 2755
1878 4045
1878 6022
1878 3055
1879 3669
1879 2431
1880 5391
1881 2240
1881 5724
1882 4120
1882 3025
1883 5232
1883 4413
1884 5400
1886 5965
1887 3371
1887 5982
1888 4899
1888 4619
1888 2069
1891 2232
1892 3139
1892 6133
1893 2711
1896 2516
1897 3742
1900 6488
1901 6618
1901 5970
1901 5299
1901 2309
1901 5262
1902 6799
1902 3119
1904 6631
1905 3904
1905 4837
1906 2119
1907 4430
1908 5202
1909 6766
1909 4750
1909 5391
1910 6539
1911 5934
1911 3422
1912 3634
1912 5957
1912 2711
1913 1928
1913 6873
1913 7210
1913 6308
1915 5999
1916 4917
1917 4184
1919 5019
1920 3160
1920 5304
1920 2811
1920 7120
1920 3679
1921 3232
1921 3492
1922 3278
1923 3403
1923 5518
1924 5971
1924 4778
1925 4848
1925 6806
1926 6776
1926 5247
1927 3528
1927 4061
1928 7253
1928 3326
1929 3253
1931 7031
1932 2488
1932 2986
1933 4549
1934 2897
1934 5991
1935 3377
1936 5143
1937 4632
1937 6434
1938 5685
1940 6682
1942 2008
1942 6028
1943 4476
1943 2139
1943 4420
1943 4569
1946 4145
1946 3108
1946 2134
1947 6300
1948 6350
1950 5234
1951 2072
1953 5568
1953 3202
1953 4842
1953 2030
1954 4314
1954 3645
1956 5713
1956 5163
1956 3758
1957 6955
1958 6200
1958 4953
1959 3240
1959 4433
1960 4717
1960 4302
1962 5973
1966 6176
1967 5592
1967 2655
1968 3909
1969 4735
1970 6136
1973 4076
1973 5413
1974 2762
1974 4850
1975 3892
1976 6649
1976 6284
1978 6904
1978 3786
1978 4653
1979 3128
1981 4850
1982 2029
1984 4072
1984 3065
1985 3936
1986 7002
1987 3098
1987 6604
1988 3897
1988 2004
1988 4234
1990 4904
1990 2306
1990 2750
1991 6731
1992 2924
1992 2261
1993 5081
1993 3900
1993 2157
1993 3079
1994 4754
1994 4942
1997 3131
1998 5329
1998 2690
1998 7195
1998 2913
1999 6719
2000 4056
2002 3443
2002 4508
2002 6407
2004 4865
2006 6664
2006 2178
2006 2447
2007 5628
2009 4777
2010 3790
2011 5794
2011 3365
2012 7254
2013 4936
2014 6434
2014 4635
2014 6547
2014 4525
2015 2929
2016 3496
2016 2779
2017 6168
2017 6949
2023 3293
2023 5565
2025 3219
2026 5879
2028 3540
2028 4157
2029 4902
2030 4962
2030 6622
2031 6171
2031 4291
2032 3693
2032 2356
2032 3127
2034 4138
2034 3635
2037 3777
2037 5442
2039 6705
2040 3320
2040 4036
2041 2472
2041 3305
2041 4595
2041 2510
2042 5206
2044 5161
2044 5499
2044 6892
2044 6151
2045 5805
2046 4857
2046 2562
2047 3566
2048 3853
2049 2336
2050 2874
2051 5772
2051 5102
2052 3817
2052 2397
2052 6823
2053 5373
2054 6603
2054 4388
2054 2495
2055 4158
2056 2788
2056 3581
2058 2088
2058 6813
2059 3868
2060 6612
2061 3968
2062 6075
2063 6363
2064 2861
2065 6526
2066 5665
2069 5285
2070 2740
2070 5541
2071 4720
2074 3555
2075 5867
2076 4843
2078 6788
2078 5565
2079 7276
2080 6927
2086 6248
2088 5298
2089 4712
2090 5772
2091 2290
2091 3974
2093 5097
2095 4371
2095 6316
2096 3615
2097 4260
2097 6821
2102 4270
2103 6001
2103 2651
2106 7204
2108 3451
2108 5541
2109 4337
2109 6297
2112 3473
2112 2114
2113 2385
2113 2708
2114 2338
2116 4764
2116 3070
2116 4175
2118 5323
2121 6320
2122 3059
2122 2633
2123 5908
2124 5742
2126 2831
2127 2488
2128 5944
2128 4445
2129 6786
2129 6179
2130 7012
2130 4973
2131 6842
2131 6660
2131 5751
2132 4798
2133 2788
2134 6203
2134 2967
2135 4632
2136 6466
2137 5860
2139 4508
2139 5333
2141 7094
2143 4768
2143 4559
2147 3562
2147 2278
2148 6488
2149 3175
2153 4366
2155 3822
2158 5424
2158 3370
2159 6252
2159 6550
2164 5328
2164 7267
2165 3690
2166 5384
2167 3171
2167 5111
2168 2972
2169 5250
2173 3165
2174 4037
2176 7290
2176 5381
2177 3474
2179 5857
2179 4483
2180 2824
2180 3750
2182 2292
2182 3813
2183 5129
2184 3505
2184 5234
2184 6450
2184 5734
2186 4456
2187 5345
2187 6548
2187 5639
2187 5940
2187 4919
2189 3658
2189 2972
2191 3491
2191 6996
2192 5341
2193 6379
2194 3393
2194 4805
2197 2333
2198 6599
2201 4762
2201 6956
2201 2494
2203 2975
2204 3228
2205 6393
2205 6133
2205 6213
2206 4096
2206 2377
2206 3284
2206 4353
2207 5814
2208 6246
2210 6776
2210 4451
2211 5048
2211 4495
2212 6407
2214 7134
2214 6079
2217 4646
2218 3036
2218 5510
2218 5567
2220 3537
2220 4732
2220 6238
2221 4766
2222 5737
2222 4366
2224 6528
2225 5854
2227 2266
2228 2640
2229 3778
2231 5911
2232 2713
2232 7222
2232 4289
2233 3654
2234 7132
2236 6782
2237 2617
2237 5455
2239 3098
2241 2761
2241 3851
2242 2975
2243 4853
2248 3742
2249 4744
2251 4046
2253 2469
2254 4113
2256 7058
2257 2945
2259 6209
2259 6835
2261 4541
2261 6173
2262 6939
2263 3755
2263 6276
2265 7056
2265 4202
2265 6852
2265 3157
2266 6890
2266 4963
2267 2410
2269 4872
2270 3059
2271 4355
2274 6913
2275 3538
2276 3190
2277 2308
2278 5436
2278 5294
2279 3289
2280 3002
2280 4935
2280 4190
2280 4481
2284 3243
2284 4828
2286 2581
2286 4143
2287 4308
2287 5537
2288 5980
2289 2832
2289 6383
2290 3502
2290 7103
2292 6311
2293 4196
2293 4245
2295 2999
2298 4172
2300 4273
2300 3234
2301 6192
2301 6689
2301 5619
2306 6400
2306 3145
2307 2716
2308 6858
2309 6955
2310 7210
2310 4846
2311 4071
2312 5126
2312 2868
2312 4230
2313 5685
2314 5221
2315 3578
2316 4353
2317 4336
2317 4560
2317 6057
2318 6496
2320 5344
2322 6280
2322 6368
2322 4106
2322 5063
2323 5976
2324 4240
2324 5110
2325 2881
2328 5392
2329 4196
2329 2803
2331 3505
2331 2971
2331 7239
2332 2618
2333 2593
2334 4713
2334 5883
2335 7113
2335 3981
2338 3261
2339 2544
2339 5416
2340 6729
2340 5942
2342 3624
2343 4117
2344 4308
2344 4004
2344 4645
2346 3564
2347 2419
2347 7157
2348 4900
2348 3069
2348 6785
2349 5122
2351 6168
2353 3232
2354 4928
2354 4260
2355 2908
2358 3128
2361 3208
2363 5683
2365 4617
2366 3721
2366 7003
2367 6213
2368 2538
2368 2437
2368 5359
2369 5808
2369 7073
2369 5171
2370 2620
2370 4245
2371 4168
2371 5749
2371 7239
2371 3357
2371 3965
2373 3297
2373 3230
2374 6844
2374 3031
2376 6738
2376 6517
2377 2825
2381 6028
2382 4346
2382 4061
2383 6594
2383 5156
2383 2533
2384 5534
2384 4094
2385 3336
2386 5598
2389 3386
2389 5957
2391 6768
2391 3185
2391 6126
2392 6310
2393 3198
2394 2738
2395 4243
2396 6916
2397 6544
2397 6155
2397 6350
2398 5488
2399 6654
2400 6382
2400 6326
2402 2979
2403 4618
2403 3742
2404 6617
2405 2826
2405 2671
2408 5731
2408 3942
2409 5838
2410 3173
2411 5993
2411 5594
2411 6035
2412 3746
2413 4039
2416 5162
2418 3896
2420 7290
2423 3583
2424 4089
2426 6288
2427 7006
2428 5594
2428 2859
2430 5597
2431 4610
2431 5987
2432 4250
2433 4079
2434 4282
2435 7011
2436 7099
2437 3158
2439 3312
2440 6909
2441 4845
2443 2673
2443 7068
2443 2823
2444 5186
2444 5311
2447 4585
2448 4139
2450 3726
2450 3311
2451 4807
2451 5000
2451 2635
2451 5582
2451 6580
2453 3177
2454 7172
2454 5012
2454 5134
2454 3254
2460 7226
2460 3189
2461 4028
2462 5348
2463 4067
2463 3286
2466 3089
2467 3652
2467 6909
2469 6742
2470 3106
2470 3436
2471 5664
2474 4248
2474 5761
2475 3577
2476 6288
2476 6500
2477 4363
2477 4406
2477 5111
2479 3677
2481 2602
2482 5936
2482 2980
2483 4591
2484 4846
2486 6304
2488 3768
2488 5836
2488 6310
2490 4544
2490 3981
2492 4578
2492 4027
2493 4792
2493 4876
2493 2510
2494 3059
2494 5182
2498 4139
2499 6862
2499 3527
2500 5751
2501 6159
2502 4361
2503 6780
2504 2628
2505 4549
2505 7005
2506 6082
2507 6280
2507 3220
2507 2519
2508 3570
2508 6854
2509 3946
2509 5527
2510 5189
2511 6961
2511 4910
2513 4113
2513 2706
2515 4249
2515 7169
2516 5674
2516 6243
2517 4866
2518 3248
2518 5891
2518 2796
2518 6142
2520 6851
2521 3724
2521 2973
2522 4874
2522 4286
2525 5731
2525 4163
2527 2593
2528 3114
2529 6830
2531 5260
2531 3348
2532 5725
2533 2689
2534 4154
2534 2570
2535 5835
2535 5175
2536 2589
2537 5729
2537 5717
2538 3703
2539 6520
2540 2731
2540 3935
2541 5960
2541 3021
2541 5659
2541 5790
2541 4511
2542 3424
2542 5153
2542 4740
2542 7285
2542 3743
2543 6583
2544 3106
2546 2641
2546 5444
2547 6249
2548 3073
2549 3712
2550 4013
2551 5876
2554 4564
2554 4089
2557 3271
2558 4613
2559 3298
2559 3654
2560 5666
2560 3645
2561 4012
2561 4678
2562 3792
2563 5625
2563 3402
2564 6985
2564 6637
2565 3451
2568 5385
2568 7291
2569 6724
2569 6213
2569 4084
2570 3078
2570 6397
2571 6926
2577 5168
2578 7299
2579 5391
2580 5867
2581 3608
2583 6885
2584 5469
2584 3999
2585 4913
2585 2839
2586 4771
2587 5929
2587 5995
2588 4544
2588 6049
2588 4181
2589 2991
2591 4576
2591 2727
2592 3849
2592 4089
2593 5683
2593 4964
2594 3595
2594 3226
2594 3155
2594 5090
2596 4927
2597 4713
2598 5517
2598 4998
2601 4214
2601 4167
2602 2628
2602 6007
2602 5554
2602 7063
2602 4350
2603 3184
2607 6042
2607 6956
2607 2725
2611 5682
2611 3229
2612 4400
2612 6903
2613 4323
2613 3262
2614 5131
2614 3142
2616 6212
2618 2757
2619 2776
2620 7131
2621 7249
2621 3691
2622 4331
2622 5837
2623 7104
2625 5125
2628 2876
2632 7169
2634 3902
2635 6354
2635 3965
2635 6421
2637 5793
2638 3659
2638 6311
2639 2752
2641 6396
2641 5974
2644 6459
2644 5492
2646 6769
2647 6137
2647 6418
2648 3216
2648 7046
2650 3828
2652 4834
2652 6386
2653 2961
2653 3443
2653 6734
2655 4905
2656 7154
2658 7212
2658 4023
2662 5784
2663 3384
2664 4380
2664 7230
2666 5090
2667 3705
2668 4393
2668 4363
2668 3421
2668 5615
2670 6494
2670 4118
2670 4671
2671 5793
2671 6822
2671 3679
2673 6816
2673 3865
2673 2803
2679 2872
2679 5472
2680 6464
2680 4580
2680 4259
2680 3388
2680 6635
2681 5019
2684 5766
2685 4470
2685 4039
2686 3939
2686 5903
2687 7185
2687 5886
2689 2753
2691 7258
2691 6067
2692 4807
2693 4504
2693 4249
2693 6308
2693 7037
2694 3092
2694 6149
2695 7012
2696 2780
2698 5193
2699 6629
2701 6716
2705 6855
2706 5446
2707 6935
2708 6712
2708 3780
2708 6119
2710 5823
2711 7187
2712 3478
2713 5457
2713 6252
2714 5254
2715 2720
2716 3884
2718 4145
2718 6484
2720 5419
2720 6655
2721 4268
2722 4056
2722 6051
2727 2990
2728 6668
2730 7198
2730 4861
2730 6118
2731 4567
2731 4031
2733 5625
2736 6428
2738 4354
2739 7002
2739 5820
2740 3986
2741 3048
2741 6722
2743 5976
2744 3177
2744 7127
2744 5951
2745 7014
2745 4175
2746 4776
2746 3009
2746 5048
2747 2971
2748 6313
2748 7067
2749 6827
2750 7289
2750 4643
2752 3673
2754 6596
2755 4699
2755 4386
2757 3977
2759 6151
2762 6720
2762 4227
2762 5118
2764 2872
2764 6997
2765 6129
2765 6267
2765 4454
2765 5559
2766 6865
2766 4036
2767 6326
2769 7262
2773 4868
2773 4151
2775 4370
2775 6159
2776 3863
2777 7168
2777 3983
2777 7285
2777 3423
2780 6552
2780 4490
2780 7040
2781 3045
2782 3335
2785 2905
2785 4843
2786 5069
2787 6144
2787 4427
2787 6999
2788 3416
2788 7267
2789 5539
2789 5311
2790 7278
2791 5858
2794 4804
2794 5669
2796 6365
2797 4230
2798 3489
2798 7210
2799 3856
2799 5822
2802 4592
2802 3274
2802 7014
2804 3904
2804 3341
2805 5335
2806 3490
2807 7035
2807 3780
2807 5525
2808 3138
2810 5293
2812 6195
2812 3918
2813 4577
2813 3838
2814 6219
2815 6606
2816 2960
2816 5690
2817 5088
2817 6469
2817 3382
2818 4456
2818 3421
2819 5979
2820 3313
2820 5911
2822 4007
2823 2889
2824 6521
2824 4323
2825 3167
2829 4480
2829 5652
2829 2902
2833 4225
2833 6419
2833 4685
2835 3384
2835 4263
2837 6890
2839 6434
2839 5383
2840 6959
2840 4943
2841 5629
2843 3695
2844 4703
2845 3882
2845 2997
2845 3631
2846 3748
2847 6508
2847 6215
2849 3708
2850 5149
2850 3351
2851 7112
2852 5400
2853 5549
2854 3105
2856 6348
2856 6719
2857 4801
2857 6533
2857 7257
2860 6557
2865 6768
2865 6498
2868 5330
2870 4805
2870 6493
2870 6173
2871 2917
2872 3330
2873 4803
2873 5823
2874 5674
2874 5374
2876 5437
2877 3994
2877 7068
2877 5349
2879 5528
2879 5270
2880 6608
2881 3762
2882 4583
2883 6803
2883 5742
2884 4781
2887 5095
2889 6988
2890 3986
2892 4773
2893 3778
2893 5244
2893 6190
2895 4519
2896 3515
2897 5213
2898 4712
2898 4113
2901 4924
2902 6712
2903 7169
2905 5616
2905 4853
2906 6986
2908 2977
2908 6545
2910 3031
2911 7236
2912 4835
2913 4144
2915 6281
2915 6884
2916 3002
2917 5352
2918 5395
2918 4506
2918 5423
2919 4377
2920 6317
2920 3814
2921 3999
2922 7177
2924 3875
2925 3284
2926 5091
2926 4484
2930 3296
2930 7138
2931 4758
2932 2969
2933 4523
2933 3925
2934 5914
2934 3391
2935 6705
2938 6364
2940 6109
2940 6278
2940 5679
2941 6363
2943 6272
2943 6341
2943 6815
2945 4120
2946 6886
2947 3889
2947 6867
2947 7046
2948 6378
2948 4740
2948 6969
2950 7078
2953 5619
2955 3514
2955 3317
2956 5298
2956 3717
2959 6072
2959 6923
2960 6993
2960 7128
2960 6894
2961 6185
2962 6396
2963 6152
2966 3363
2966 5309
2966 6965
2967 6293
2969 5308
2970 4291
2970 5771
2971 3317
2973 6760
2973 5309
2974 7174
2975 4934
2976 4171
2976 3255
2977 7289
2977 4311
2980 6527
2982 5331
2983 7214
2984 5927
2985 4362
2987 4516
2988 5761
2990 5373
2993 6593
2993 6460
2994 6108
2994 3718
2995 7283
2995 4989
2997 4916
2998 5901
3001 3678
3002 6010
3003 3430
3005 3796
3006 4107
3009 6136
3011 4875
3012 6678
3012 4350
3013 3174
3014 4316
3015 6264
3017 5019
3018 6416
3018 4673
3019 3952
3019 7284
3022 7060
3022 4509
3023 7269
3025 4104
3025 7025
3026 6394
3027 3436
3029 4384
3030 4445
3032 3988
3035 4189
3036 3263
3037 3575
3043 3524
3043 3958
3044 4345
3045 3650
3046 5893
3046 5223
3048 5273
3048 6370
3049 4584
3049 4244
3053 6874
3053 3332
3054 6986
3055 6797
3057 6325
3058 6717
3061 6084
3061 6830
3063 4213
3065 5969
3066 6421
3066 3142
3067 7158
3068 7264
3068 3806
3070 6736
3072 6358
3072 5843
3072 3166
3073 4938
3075 4159
3076 5905
3077 3323
3078 7220
3078 6642
3079 4152
3080 4942
3081 7128
3082 4433
3082 5052
3083 3146
3084 6758
3086 3333
3086 5470
3088 6920
3088 5873
3089 5857
3090 6787
3091 6732
3092 6817
3092 3259
3096 5186
3096 5455
3097 6733
3097 3446
3098 5841
3098 6390
3104 5627
3105 6536
3107 6195
3107 5660
3108 6412
3109 4232
3109 5782
3109 3654
3112 7237
3112 4574
3112 7287
3114 3984
3114 4622
3115 6187
3115 7087
3115 5959
3116 4616
3116 4545
3116 5154
3116 5920
3117 6648
3117 5084
3119 4387
3120 4505
3121 7249
3124 4485
3125 5853
3126 3477
3126 5837
3132 4612
3133 5726
3133 4862
3136 4848
3139 5607
3140 5054
3141 5991
3142 5073
3142 5914
3143 7228
3143 5499
3144 7257
3144 6114
3144 6420
3145 3409
3145 4143
3146 5344
3148 4660
3149 5888
3149 5084
3150 3508
3152 5431
3153 4129
3153 3245
3156 6317
3157 4410
3159 6459
3163 4812
3164 5979
3166 3913
3168 5724
3169 5970
3171 4968
3176 4233
3176 5837
3177 5989
3178 5606
3179 4749
3179 4101
3180 6963
3181 7120
3181 4747
3182 3904
3183 4057
3191 6800
3191 6438
3191 4549
3192 3238
3195 4294
3196 4833
3197 6339
3197 5349
3199 4843
3199 6854
3199 4215
3200 5569
3202 4293
3203 4272
3203 6840
3203 5365
3205 3514
3207 5157
3208 6488
3208 3491
3208 3565
3209 4688
3209 4380
3209 4292
3210 3346
3215 4753
3216 4274
3217 3503
3219 4042
3220 4523
3221 5082
3222 6177
3229 6329
3229 5629
3231 6023
3232 6709
3232 3518
3237 5044
3238 4519
3239 4485
3240 3476
3241 3288
3241 3578
3242 4026
3242 3471
3249 7064
3252 5853
3253 4637
3255 4579
3257 4277
3259 5012
3259 5301
3261 7214
3262 6799
3262 4326
3262 4741
3264 6431
3265 6992
3267 4879
3268 5792
3269 4142
3271 5602
3272 6711
3272 4895
3278 4430
3280 3292
3281 6450
3281 3860
3285 4082
3286 4847
3289 6084
3290 7041
3293 6021
3294 3845
3295 4704
3295 6189
3295 3782
3296 5617
3296 6869
3296 5945
3299 3416
3299 4968
3299 7106
3300 3849
3300 5898
3301 6498
3302 7127
3303 3430
3303 7091
3303 3412
3303 3416
3303 5594
3304 3617
3305 6865
3308 6104
3308 5546
3308 5439
3312 6555
3313 3336
3314 3381
3315 6443
3317 5264
3318 4611
3321 5921
3321 5466
3323 5984
3324 3872
3324 5338
3325 5809
3326 5041
3326 4483
3326 6561
3327 3562
3328 3466
3329 6705
3329 5077
3330 5356
3331 5675
3331 4500
3331 4062
3334 4071
3336 6351
3337 5527
3338 6131
3338 5982
3339 5839
3340 7104
3340 6966
3340 5078
3341 4483
3342 4204
3342 3527
3345 7008
3346 5378
3347 6828
3348 4740
3348 4428
3349 6063
3350 3987
3351 3704
3352 5863
3353 5601
3353 5383
3354 5718
3357 4105
3357 5195
3357 4715
3357 5281
3359 5253
3360 5944
3360 6563
3360 6583
3360 6335
3361 5734
3362 6209
3363 6802
3363 7146
3364 7182
3366 3610
3366 4677
3367 3390
3368 5152
3368 5137
3368 5698
3368 4943
3372 6507
3373 5444
3374 5558
3374 4311
3375 5310
3379 6224
3380 6432
3380 5380
3380 5382
3381 4332
3381 6446
3382 4303
3388 5199
3389 6437
3392 5693
3399 5849
3399 7006
3402 4287
3403 5880
3404 5698
3405 5204
3407 5025
3411 4264
3411 5889
3412 6864
3414 5455
3418 4166
3419 4841
3419 5509
3419 6497
3425 5368
3427 6048
3428 6875
3430 3601
3431 6194
3434 5170
3435 5942
3437 4809
3437 5845
3438 3505
3439 5723
3439 5831
3441 3484
3442 6821
3446 5892
3447 6561
3447 5638
3447 4807
3449 5430
3450 4480
3452 3886
3453 3596
3454 6321
3456 5613
3457 4472
3457 3815
3458 6678
3458 3590
3459 6742
3460 7198
3464 4943
3465 5450
3468 4031
3469 5317
3469 7078
3471 6780
3472 3868
3472 3982
3474 5708
3475 6902
3477 7050
3477 4486
3479 4497
3479 5572
3480 5967
3481 3565
3481 4239
3483 4210
3484 6258
3484 6153
3485 5731
3486 4552
3487 5861
3490 7147
3491 6569
3494 6716
3494 4523
3494 4764
3495 3964
3496 4869
3499 4848
3502 5587
3504 4633
3504 4139
3507 5572
3508 4560
3508 4549
3510 5869
3511 3812
3512 3663
3512 4573
3512 6390
3513 3951
3514 4583
3518 5799
3520 5065
3524 6873
3525 6896
3526 7102
3526 3678
3530 6769
3530 6143
3530 7181
3530 3847
3533 4005
3533 3663
3535 5671
3536 6866
3536 5420
3537 5836
3539 4129
3540 5199
3542 7088
3542 4233
3543 3555
3543 5308
3544 5696
3545 6792
3546 6447
3546 4390
3546 5623
3549 6348
3549 4654
3552 5593
3552 5243
3552 7117
3553 4673
3556 4696
3557 7160
3560 4334
3561 4379
3564 5370
3566 6444
3567 5397
3568 4821
3569 5548
3572 4916
3573 5786
3573 6642
3573 6214
3576 5046
3577 6037
3578 3638
3579 6906
3579 6052
3580 3883
3581 6750
3581 5464
3585 3949
3586 5775
3587 4525
3588 6387
3589 4960
3589 4585
3589 5075
3589 4094
3590 6196
3592 4978
3592 5630
3594 6528
3594 4763
3595 5929
3595 7095
3595 3647
3596 3956
3596 4445
3599 6513
3600 7233
3600 7030
3606 3857
3610 6472
3611 6298
3612 5700
3613 5636
3614 6123
3619 6812
3622 3859
3623 5574
3623 7079
3624 5580
3627 6044
3629 5635
3630 4756
3631 7160
3631 6775
3633 5027
3634 4699
3634 5957
3636 5593
3636 4573
3637 6050
3637 7271
3640 7038
3640 4749
3640 4054
3641 4649
3641 6313
3641 4927
3643 5463
3643 5423
3645 6394
3647 4457
3647 4961
3651 5289
3651 3670
3652 4787
3655 5317
3657 4677
3661 6387
3661 3998
3663 6257
3663 6626
3664 3726
3665 7178
3668 7041
3668 4483
3668 3798
3670 4288
3673 5677
3674 5190
3675 6372
3676 3954
3677 4606
3678 7299
3679 6641
3680 5072
3681 4104
3682 4563
3683 3881
3683 6500
3684 3849
3685 6055
3688 6401
3689 5902
3689 4958
3691 5424
3693 5765
3693 6166
3694 5309
3695 5511
3697 3947
3698 3717
3699 6724
3700 3775
3702 5594
3705 4295
3707 6493
3708 4913
3709 6914
3711 4353
3711 5282
3712 6210
3713 5000
3717 7016
3717 3778
3718 5046
3724 4496
3725 3884
3727 6476
3728 6145
3730 7151
3734 4069
3736 5976
3737 6339
3738 7157
3739 4688
3739 6446
3739 3805
3740 7190
3741 6224
3741 5941
3742 4258
3742 6477
3743 4194
3743 4973
3744 5904
3746 4725
3749 3937
3753 7191
3754 4815
3755 6537
3761 6688
3762 5954
3763 5784
3764 5497
3767 5070
3770 5003
3775 6452
3780 5958
3783 5742
3785 5848
3788 6895
3788 6949
3788 7014
3788 5031
3789 6525
3791 7009
3791 5038
3792 4586
3792 7230
3793 5096
3794 5986
3795 5705
3800 6415
3801 6279
3802 6884
3803 3964
3804 7148
3805 7250
3806 5749
3807 4943
3809 5602
3810 6962
3814 6090
3814 4292
3814 7149
3816 6405
3817 6136
3817 4051
3818 3901
3820 5900
3822 6316
3822 6597
3825 6585
3827 5908
3827 3902
3829 5404
3829 5446
3830 4097
3832 6268
3833 4169
3835 6356
3835 6847
3835 5863
3836 6854
3837 4909
3837 6086
3841 4993
3841 6369
3850 5444
3855 6114
3855 6411
3856 7278
3857 7298
3858 4868
3858 5839
3859 5159
3863 7257
3864 4365
3865 6946
3868 7186
3868 6581
3869 5538
3870 6891
3872 4308
3873 5274
3874 5512
3874 7241
3877 5902
3887 5800
3887 6436
3890 6913
3891 4065
3893 6047
3896 6337
3896 4091
3897 3978
3899 3964
3902 5495
3903 7277
3906 5460
3907 4215
3913 6660
3914 4776
3914 5803
3915 5133
3917 7298
3918 4472
3920 6023
3921 4460
3921 7207
3926 6439
3933 6505
3933 5972
3934 6043
3934 5988
3937 5484
3939 6381
3940 5114
3942 4989
3943 6056
3946 4856
3946 4079
3947 5552
3947 5385
3949 5176
3949 5284
3953 6657
3953 4987
3957 5641
3957 5974
3957 4534
3957 6183
3958 4706
3959 4169
3963 4366
3966 5849
3966 6742
3968 5959
3970 4708
3971 6141
3973 5723
3974 4654
3975 5628
3978 5085
3978 4705
3982 5118
3983 6031
3985 5298
3991 5578
3993 4512
3997 5770
3997 6995
3997 4380
4000 6849
4000 5924
4002 4187
4004 6854
4008 5623
4009 7212
4011 4637
4012 5880
4014 5156
4017 5426
4017 7277
4019 6155
4020 6132
4023 6218
4029 6617
4030 5206
4033 5811
4036 6808
4039 7229
4043 5419
4043 6478
4045 5833
4045 4956
4046 5697
4046 5746
4046 6742
4047 7086
4053 4824
4053 5674
4054 6690
4058 5189
4063 4569
4065 6593
4076 6682
4076 6599
4078 6877
4079 5873
4085 6225
4085 4250
4085 6659
4085 4967
4086 6077
4090 4336
4091 4337
4092 4906
4092 4437
4093 5699
4097 6633
4097 6517
4098 6890
4098 6567
4100 5276
4101 4590
4103 5702
4104 6005
4105 6689
4106 5828
4109 7065
4113 6890
4114 5297
4114 4774
4117 6137
4119 4393
4120 5864
4121 6164
4121 5639
4121 4317
4121 5527
4122 4280
4128 5436
4131 5978
4132 5031
4133 5904
4136 4923
4139 4236
4141 4493
4142 4602
4142 7197
4143 5187
4144 5829
4146 5246
4151 6134
4154 6472
4154 6816
4155 5635
4157 5603
4158 5552
4160 5464
4164 5616
4164 4587
4164 5358
4164 4206
4166 5406
4169 6973
4171 5825
4171 4285
4172 6274
4176 6843
4178 6266
4181 6278
4182 5624
4186 5835
4189 6536
4190 6352
4191 6815
4192 6933
4192 5327
4193 6475
4197 5605
4201 4209
4201 5259
4204 5600
4209 5728
4210 6692
4210 6367
4212 5632
4212 7028
4222 4330
4223 5152
4226 4584
4226 6697
4228 5049
4232 7291
4233 5253
4234 7050
4235 4507
4236 6266
4236 4812
4237 6537
4238 5216
4238 4649
4239 4996
4239 7299
4240 6503
4243 6529
4245 5584
4245 7155
4245 5535
4247 6414
4249 7225
4250 4942
4253 7025
4253 4420
4253 5253
4254 6271
4257 4603
4259 5058
4260 7054
4260 6719
4261 6448
4261 6582
4261 6041
4263 6037
4263 6935
4265 6799
4266 4929
4266 6435
4266 6557
4266 6627
4268 6373
4271 6352
4271 6155
4271 6829
4274 6734
4277 6181
4277 6702
4280 5966
4282 5875
4283 5470
4285 4576
4292 4699
4292 4659
4295 6183
4296 7223
4297 6903
4298 4484
4298 4774
4299 5992
4299 6897
4300 5896
4300 6982
4302 6440
4303 5557
4303 6247
4304 5909
4304 4455
4309 6486
4311 5406
4314 5221
4315 5428
4315 4430
4318 5095
4319 5975
4324 4554
4327 5710
4330 4863
4331 7170
4332 7277
4332 6213
4333 5101
4333 5238
4336 5649
4337 5548
4340 4648
4340 5693
4341 7265
4341 5379
4341 6499
4343 6709
4345 4699
4345 7119
4347 5172
4348 4850
4350 6284
4353 5602
4354 5582
4358 6025
4361 6835
4363 7070
4364 5696
4367 6783
4368 4402
4370 4911
4372 4605
4376 6473
4380 4577
4382 6195
4383 5940
4384 5389
4384 4895
4385 5520
4385 5900
4387 6991
4387 6839
4388 5451
4390 6593
4391 5028
4392 4482
4393 6285
4393 6838
4394 5528
4394 5800
4396 6776
4398 5451
4398 4573
4399 7168
4399 6836
4400 6370
4400 7002
4401 6265
4402 6801
4408 6633
4409 5312
4409 6649
4415 5816
4415 6591
4417 6147
4417 7173
4420 5459
4422 6879
4426 6191
4434 5618
4435 4602
4435 5851
4437 6217
4440 6836
4442 4460
4444 7122
4444 6833
4444 6850
4444 6349
4445 6191
4446 4680
4447 6951
4449 5870
4450 5562
4450 6933
4452 6651
4455 5530
4457 6796
4458 4543
4460 6553
4460 4593
4461 7070
4462 4798
4462 6263
4465 6404
4468 5459
4468 4539
4470 4806
4474 6063
4476 4849
4477 7064
4478 5343
4481 5826
4485 7233
4485 6026
4488 5955
4489 5524
4490 5849
4490 6461
4494 6968
4496 6319
4500 5632
4500 4702
4502 7268
4502 4964
4505 5246
4506 5440
4508 5935
4508 5603
4508 5455
4513 5296
4513 6672
4513 4907
4514 5475
4516 5872
4516 6317
4517 6744
4517 4817
4520 6897
4520 4634
4521 5698
4529 6152
4529 6864
4529 4699
4533 5843
4533 6894
4536 4713
4536 6153
4537 5494
4538 7031
4539 5047
4540 4661
4543 6319
4551 7105
4560 6411
4561 6382
4562 4697
4562 6651
4564 6840
4565 5724
4565 7159
4573 4705
4581 6849
4581 6572
4581 5407
4583 6087
4584 6027
4587 6920
4588 4807
4589 5565
4595 5898
4599 5937
4599 5782
4601 6329
4601 6012
4602 6095
4603 6847
4604 5670
4605 5305
4605 6338
4610 5348
4610 5012
4611 5264
4611 5909
4612 4770
4612 6817
4614 5154
4616 5154
4616 5330
4617 4914
4620 5059
4627 7096
4627 6542
4628 6584
4628 5603
4629 5059
4634 5194
4634 5235
4637 4762
4641 7016
4641 6699
4643 7187
4647 6361
4649 5456
4649 6211
4656 5000
4656 5158
4658 6033
4658 6485
4659 5826
4661 6188
4661 5274
4662 6006
4663 6125
4665 5450
4666 6530
4668 4748
4671 5550
4672 5669
4674 6021
4675 5198
4676 5374
4681 6120
4681 4682
4686 6074
4688 6921
4689 6384
4690 5776
4694 5953
4694 6563
4697 6743
4700 6602
4700 6407
4704 6997
4705 6395
4711 7033
4711 5707
4715 6261
4715 5449
4718 5078
4720 5385
4721 6616
4721 6023
4723 6193
4726 6544
4726 7061
4730 5070
4733 6293
4734 6905
4736 4813
4739 5490
4740 6794
4743 6360
4747 6443
4747 4990
4751 6504
4751 5743
4754 5577
4754 6233
4755 6306
4755 6230
4756 5783
4762 5273
4764 7244
4766 6681
4767 5258
4767 7212
4768 5124
4769 6024
4769 6770
4770 5444
4774 5874
4776 6725
4777 5272
4779 7012
4788 5792
4788 6392
4788 5867
4790 6342
4791 6757
4792 6693
4793 6254
4795 5596
4797 6386
4797 6878
4806 5041
4806 5342
4811 6451
4814 6701
4819 6369
4824 5476
4824 5662
4825 6536
4826 5548
4829 6952
4832 5306
4832 5709
4835 6755
4840 5949
4840 6855
4842 5365
4844 6748
4845 6167
4854 5220
4855 5201
4858 5151
4859 5693
4864 6128
4864 6975
4865 5417
4867 6905
4868 5298
4869 5402
4870 5296
4870 5602
4870 6494
4876 6579
4884 5953
4885 5135
4888 5604
4891 6881
4892 6856
4897 6736
4902 7234
4902 6887
4904 6452
4905 7011
4912 6753
4913 5639
4917 6597
4918 5699
4921 4992
4921 7124
4921 5814
4922 6106
4924 6414
4924 5518
4925 6036
4925 5045
4926 6987
4927 5520
4927 7097
4930 5851
4932 6170
4933 5050
4935 7281
4941 6737
4942 6553
4943 5829
4943 5289
4943 5150
4947 5446
4948 6565
4952 7217
4960 5336
4962 5285
4973 7025
4976 6951
4978 5760
4980 6979
4983 6068
4986 5809
4986 5924
4988 6424
4994 5593
4995 5913
4997 5159
5001 5667
5001 6663
5005 6953
5013 5171
5017 7066
5020 7274
5026 6259
5028 6992
5028 6338
5029 6280
5031 5608
5031 5401
5034 5679
5034 5447
5037 5913
5038 5443
5041 6930
5041 5983
5043 6872
5043 6081
5044 6661
5049 6481
5050 5225
5051 7295
5060 6454
5061 7258
5061 6549
5064 7080
5067 5197
5073 5474
5081 6164
5083 6867
5085 7296
5087 6561
5089 7100
5090 5922
5091 7002
5092 5119
5093 5120
5095 7258
5095 5431
5096 6827
5097 6094
5107 6921
5109 7235
5115 6398
5121 5205
5121 6261
5127 5920
5129 5307
5130 5301
5131 6970
5131 7005
5132 7206
5134 5222
5140 6912
5140 6809
5140 6726
5143 7186
5145 6016
5145 5850
5150 7242
5150 5324
5150 6102
5150 5339
5151 6713
5155 5535
5158 5447
5159 6736
5162 5609
5162 7085
5164 5663
5167 6301
5171 6394
5174 5197
5177 6961
5180 5894
5182 6408
5183 6705
5183 5290
5185 5986
5185 6542
5186 7176
5187 6967
5187 5676
5188 5887
5190 6187
5190 5604
5191 7015
5193 7198
5197 6114
5198 6878
5199 6150
5200 5343
5203 6347
5208 7062
5213 6492
5216 6535
5216 6215
5219 6838
5221 5939
5221 5442
5225 7208
5225 7156
5226 5321
5226 6615
5229 7215
5231 5743
5233 6418
5234 6226
5234 6443
5239 6951
5240 5912
5247 5491
5254 5766
5255 5980
5255 6005
5255 6061
5256 6662
5261 5962
5264 6121
5267 5285
5269 5957
5269 7109
5274 6186
5274 6863
5275 6869
5277 5725
5278 6586
5285 6173
5288 6274
5291 5337
5293 6864
5294 6729
5295 6052
5300 7205
5303 6837
5304 6938
5304 5799
5309 7155
5310 5548
5311 6943
5313 5648
5316 5502
5317 6808
5317 5623
5320 6496
5321 5402
5322 5443
5325 6120
5331 6312
5333 5903
5336 7270
5338 5861
5341 7282
5346 5544
5350 6000
5351 6221
5354 5918
5356 5821
5356 6449
5357 6919
5358 5769
5363 6641
5365 5626
5367 7157
5368 5526
5372 6426
5372 6773
5378 6489
5381 6901
5384 6216
5384 6945
5384 5429
5388 5903
5390 6068
5390 7118
5391 6477
5392 6251
5392 5749
5396 6607
5397 5946
5402 7235
5404 6946
5405 6609
5406 5407
5407 5680
5409 6674
5413 5658
5413 6545
5420 6636
5423 6013
5424 7064
5427 5928
5429 6939
5429 6684
5433 6487
5445 7224
5445 5764
5449 6626
5457 6937
5460 6861
5461 6531
5464 6241
5466 6583
5469 5560
5472 6263
5474 6143
5478 5939
5480 7084
5481 7247
5482 6283
5482 6591
5488 6574
5489 5734
5500 5773
5501 7012
5503 6707
5506 5638
5507 6208
5507 6666
5510 6263
5511 5700
5514 6295
5515 7265
5517 6985
5524 7169
5525 7263
5526 6364
5526 6614
5541 5809
5541 6854
5546 7264
5548 6933
5549 5813
5554 6170
5560 5566
5564 6944
5565 6893
5569 6278
5570 6826
5575 6327
5577 6843
5578 5893
5586 6391
5589 5627
5592 5898
5598 7203
5599 6314
5601 5760
5602 6862
5607 7299
5608 6466
5608 6903
5610 5612
5615 6353
5622 6952
5622 7196
5623 6921
5623 6748
5624 7217
5624 7035
5633 6093
5643 6971
5659 6954
5665 6771
5673 5827
5676 6444
5677 7090
5679 6400
5679 7097
5684 6107
5687 6735
5693 7035
5694 6249
5699 6249
5701 6928
5704 6517
5706 6950
5707 5867
5712 6770
5712 6748
5713 6514
5713 6567
5718 6950
5719 6086
5723 6927
5724 6817
5726 5994
5728 6207
5733 6973
5738 6952
5738 6238
5740 7177
5746 6300
5749 6292
5750 6452
5756 6102
5761 6143
5762 6382
5762 5814
5764 7157
5765 6383
5773 6777
5782 5815
5782 6095
5786 6949
5789 7041
5794 6634
5796 6758
5800 6597
5806 6873
5809 6147
5809 6084
5809 6554
5813 6015
5816 7076
5819 6509
5820 6044
5820 5948
5824 6911
5826 7186
5831 6045
5835 6694
5836 5878
5837 6949
5839 6342
5841 5848
5847 6494
5849 7020
5850 6071
5853 6546
5863 5912
5863 5938
5868 6870
5870 6052
5880 7122
5883 6441
5883 5951
5885 7276
5887 6014
5890 6752
5896 6199
5899 7272
5907 6695
5914 6019
5918 7113
5919 7228
5920 6775
5926 6223
5933 6335
5935 6032
5941 6170
5941 6693
5951 6500
5955 6252
5955 6639
5965 6273
5965 6258
5965 5974
5968 6879
5972 6270
5977 6489
5982 6912
5983 6235
5991 7217
5995 6744
5997 7003
6002 6339
6015 6484
6020 6800
6020 7005
6024 7038
6028 6668
6032 6927
6033 7235
6039 7202
6047 6274
6048 6873
6048 7276
6058 6708
6063 6093
6064 6630
6068 6914
6069 6407
6073 7092
6073 6706
6077 7250
6077 6302
6090 6728
6094 7234
6101 6422
6105 6615
6106 7016
6110 6672
6110 6867
6114 6671
6116 6188
6122 6156
6127 6608
6135 7025
6141 6927
6142 6659
6148 6589
6152 6459
6157 6748
6158 7194
6162 6309
6165 6807
6167 6357
6170 6994
6171 6810
6173 6247
6175 7272
6180 6476
6185 6213
6186 6369
6189 6910
6190 6852
6194 6780
6208 7153
6212 7278
6213 7167
6218 6283
6219 6330
6220 6268
6220 6838
6246 7084
6246 6433
6256 6640
6275 6658
6276 7174
6279 6372
6281 6737
6281 6286
6286 6490
6314 6623
6316 6808
6321 6797
6337 7295
6346 6969
6346 6933
6356 7038
6368 6724
6371 6472
6382 7179
6390 6874
6393 6651
6393 6708
6395 6898
6397 7023
6409 6879
6411 6582
6419 6831
6420 7061
6426 7038
6428 7160
6428 7260
6428 6533
6431 6518
6434 6669
6436 7009
6440 6766
6455 7050
6456 7124
6465 6661
6469 6692
6470 6588
6476 6697
6476 6771
6499 7022
6505 6914
6506 6956
6517 7239
6523 6912
6529 6900
6535 6740
6542 6858
6545 6617
6546 7078
6547 6673
6549 7055
6549 6917
6556 6954
6556 7166
6560 6885
6597 7246
6597 6780
6599 7275
6617 7089
6618 7091
6619 6945
6644 6735
6648 7261
6657 7167
6672 6896
6673 7224
6679 7256
6679 6795
6692 7187
6695 7193
6700 6785
6706 7222
6709 6814
6715 7247
6724 6819
6761 7143
6762 7235
6763 7268
6773 6891
6794 7105
6799 6914
6832 7221
6841 6872
6859 7190
6863 6869
6885 6911
6890 6919
6891 7072
6910 7177
6923 6978
6924 7194
6927 7215
6942 7010
6949 7071
6969 7167
6971 7203
6974 7044
7014 7281
7035 7182
7076 7165
7093 7254
7107 7239
7134 7232
7160 7232
7226 7260
7239 7245
7240 7248
7251 7268
