1 2
1 3
1 4
1 755
2 1
2 5
2 6
2 7
2 8
2 9
2 10
2 11
2 12
2 13
2 14
2 15
2 16
2 17
2 18
2 19
2 20
2 21
2 22
2 23
2 24
2 25
2 26
2 693
3 1
3 27
3 93
4 24
4 1
4 335
5 2
5 715
6 2
6 659
6 28
7 2
7 29
8 33
8 2
8 30
9 2
9 31
10 32
10 33
10 2
10 35
10 36
10 37
10 38
10 39
10 34
11 2
11 319
11 772
11 709
11 31
12 40
12 2
12 67
12 42
13 2
13 42
13 494
14 2
14 355
14 497
14 360
14 42
14 781
14 304
14 337
14 210
14 660
14 438
14 664
14 474
15 67
15 2
15 43
16 2
16 67
16 44
17 48
17 49
17 2
17 46
17 47
18 2
18 50
19 2
19 360
19 619
19 498
19 51
19 819
19 602
19 767
20 2
20 51
20 90
21 448
21 2
21 53
22 2
22 805
22 39
22 470
22 54
22 185
23 577
23 2
23 355
23 303
23 689
23 55
24 400
24 2
24 4
24 359
24 780
24 48
24 56
24 285
24 286
25 56
25 2
26 57
26 2
26 299
26 586
26 527
27 58
27 3
27 213
28 96
28 6
28 646
28 113
28 594
28 59
29 7
29 647
29 556
29 466
29 60
29 735
30 8
30 42
30 61
30 298
30 479
31 9
31 11
31 548
31 782
31 62
32 224
32 10
33 8
33 281
33 10
33 373
33 431
34 56
34 64
34 10
35 69
35 70
35 10
35 581
35 567
35 63
36 288
36 65
36 66
36 129
36 10
36 519
36 365
36 544
36 284
36 543
37 66
37 67
37 69
37 70
37 72
37 10
37 567
38 73
38 10
38 138
39 224
39 161
39 342
39 166
39 10
39 331
39 434
39 81
39 82
39 22
39 153
39 223
40 74
40 75
40 12
40 334
40 335
41 569
41 75
41 76
42 14
42 555
42 12
42 13
42 30
43 96
43 305
43 424
43 73
43 364
43 77
43 15
43 496
43 177
43 565
43 184
43 249
43 794
43 605
44 16
44 688
44 418
44 469
45 513
45 79
46 513
46 290
46 17
46 811
46 335
46 81
46 82
46 399
46 91
47 423
47 814
47 271
47 17
47 83
47 276
47 535
48 24
48 17
48 84
48 513
49 17
49 85
49 513
50 492
50 301
50 18
50 86
50 568
50 57
50 58
50 795
51 403
51 19
51 20
51 406
51 87
51 89
51 90
51 92
52 696
52 778
52 548
52 346
52 93
53 784
53 21
53 94
53 535
54 96
54 22
54 94
54 95
55 23
55 403
55 404
55 79
56 97
56 34
56 99
56 101
56 102
56 103
56 104
56 105
56 106
56 107
56 108
56 109
56 176
56 24
56 25
56 155
56 606
57 107
57 82
57 50
57 26
57 637
57 190
58 27
58 105
58 50
58 107
58 775
59 424
59 28
59 714
59 612
59 109
60 579
60 548
60 710
60 110
60 195
60 375
60 29
61 416
61 362
61 524
61 526
61 111
61 30
62 144
62 145
62 461
62 462
62 463
62 112
62 113
62 114
62 116
62 31
63 280
63 35
63 117
63 759
64 34
64 118
65 120
65 36
65 325
65 119
66 36
66 37
67 37
67 455
67 12
67 15
67 16
67 570
67 325
68 120
68 347
68 796
69 35
69 37
69 327
70 682
70 35
70 100
70 37
71 73
71 796
72 37
72 199
72 522
72 183
72 88
72 121
73 43
73 403
73 38
73 71
74 123
74 40
74 109
74 121
74 90
74 91
74 124
74 122
75 40
75 41
75 243
75 125
76 41
76 829
77 97
77 290
77 458
77 43
77 762
77 298
77 126
78 128
78 676
78 541
78 238
78 303
78 443
78 444
78 445
78 127
79 417
79 130
79 131
79 132
79 133
79 134
79 45
79 656
79 355
79 55
80 538
80 355
81 658
81 39
81 220
81 46
81 423
82 39
82 135
82 46
82 566
82 631
82 57
82 318
83 136
83 47
83 643
83 383
84 48
84 137
85 49
85 714
85 138
85 674
86 162
86 139
86 50
86 760
86 505
86 380
87 650
87 140
87 141
87 142
87 367
87 51
87 437
87 143
87 638
88 147
88 72
88 144
88 145
88 146
88 115
88 376
88 125
89 145
89 51
89 147
89 149
90 74
90 51
90 20
90 510
91 74
91 549
91 46
92 51
92 150
92 95
93 3
93 52
93 395
94 424
94 53
94 54
94 446
95 424
95 92
95 54
96 43
96 516
96 613
96 233
96 234
96 683
96 28
96 54
96 740
96 700
97 56
97 152
97 204
97 77
98 153
98 692
99 56
99 154
99 678
100 154
100 70
100 158
101 56
101 170
101 155
102 56
102 156
103 302
103 786
103 56
103 411
103 157
103 158
104 56
104 159
105 56
105 160
105 58
105 411
105 156
106 56
106 161
106 302
106 296
107 162
107 163
107 164
107 165
107 166
107 167
107 302
107 56
107 57
107 58
108 56
108 164
109 571
109 774
109 773
109 742
109 775
109 168
109 777
109 74
109 810
109 776
109 424
109 530
109 694
109 56
109 59
109 714
109 127
110 168
110 60
110 274
110 164
111 171
111 169
111 170
111 811
111 718
111 245
111 467
111 661
111 61
111 821
112 62
113 801
113 450
113 261
113 603
113 28
113 829
113 62
114 361
114 172
114 173
114 174
114 175
114 177
114 178
114 179
114 180
114 503
114 62
115 88
115 232
115 504
115 806
115 165
116 451
116 332
116 181
116 182
116 473
116 62
117 714
117 63
117 183
118 64
118 184
118 583
118 219
118 183
119 65
119 405
119 185
120 65
120 68
120 548
121 72
121 608
121 74
121 186
122 74
122 187
123 74
123 635
123 188
124 74
124 514
124 189
125 88
125 75
125 189
125 190
126 77
126 191
127 193
127 195
127 196
127 109
127 78
128 192
128 197
128 198
128 199
128 78
128 185
128 350
129 36
129 766
129 142
130 200
130 201
130 202
130 79
130 188
130 766
131 181
131 766
131 79
132 203
132 814
132 79
133 203
133 766
133 79
134 204
134 766
134 79
135 329
135 82
135 620
136 728
136 83
136 206
137 624
137 84
137 397
137 254
137 207
138 85
138 38
138 151
139 201
139 714
139 157
139 86
139 694
140 208
140 658
140 87
141 209
141 658
141 87
142 129
142 658
142 87
143 210
143 658
143 87
144 88
144 62
144 151
145 215
145 268
145 88
145 211
145 212
145 213
145 214
145 151
145 216
145 89
145 62
146 88
146 160
146 217
147 88
147 89
147 218
148 152
149 89
150 171
150 92
150 735
150 175
151 259
151 615
151 156
151 138
151 363
151 144
151 145
151 219
151 188
152 97
152 483
152 486
152 476
152 747
152 815
152 561
152 148
152 725
152 407
152 472
152 697
152 218
152 220
152 698
153 98
153 39
153 383
154 99
154 100
154 198
154 199
154 521
154 207
154 243
154 758
154 221
154 222
154 223
155 56
155 745
155 101
155 679
156 105
156 151
156 102
156 785
157 139
157 380
157 103
158 225
158 226
158 228
158 229
158 103
158 100
159 104
159 689
159 814
159 206
159 808
160 672
160 385
160 435
160 105
160 146
160 338
160 339
160 310
160 169
160 671
160 478
160 255
161 106
161 355
161 354
161 230
161 39
162 107
162 86
163 107
163 231
164 107
164 108
164 179
164 110
165 107
165 115
165 813
165 278
166 232
166 728
166 107
166 39
167 233
167 107
167 708
168 234
168 109
168 110
168 721
168 403
168 404
168 312
169 160
169 111
170 111
170 235
170 101
170 823
171 236
171 150
171 510
171 111
172 601
172 114
172 787
172 242
173 651
173 238
173 239
173 114
173 632
173 221
173 222
174 114
174 227
174 294
175 114
175 150
175 590
176 56
176 632
177 114
177 43
178 240
178 114
179 114
179 164
180 456
180 241
180 114
180 388
180 439
181 131
181 116
181 214
182 689
182 242
182 116
183 72
183 117
183 118
183 231
184 43
184 118
185 128
185 22
185 119
186 417
186 355
186 588
186 589
186 629
186 215
186 121
186 667
186 668
187 122
187 243
187 396
187 395
188 609
188 130
188 471
188 403
188 244
188 405
188 151
188 123
189 488
189 817
189 245
189 246
189 247
189 248
189 249
189 124
189 125
190 576
190 57
190 125
191 250
191 706
191 126
192 128
192 251
193 530
193 252
193 127
195 60
195 530
195 532
195 127
196 530
196 253
196 127
197 128
197 211
197 532
198 128
198 154
198 791
198 255
199 72
199 128
199 154
200 256
200 130
201 217
201 130
201 139
201 244
201 553
202 257
202 130
202 737
203 258
203 132
203 133
203 807
203 535
203 248
204 97
204 134
205 224
205 355
205 390
205 525
205 269
205 628
206 136
206 259
206 159
207 137
207 154
207 535
208 140
208 260
209 224
209 496
209 141
210 368
210 369
210 14
210 143
211 145
211 197
211 545
211 237
211 493
212 145
213 262
213 263
213 264
213 265
213 266
213 237
213 145
213 536
213 27
213 540
214 145
214 267
214 181
215 145
215 186
215 267
215 597
216 145
216 803
216 268
216 357
216 316
217 424
217 201
217 146
217 269
218 552
218 269
218 270
218 147
218 152
218 473
219 278
219 361
219 279
219 271
219 272
219 273
219 275
219 276
219 118
219 151
219 280
219 281
219 282
219 284
219 285
219 286
220 288
220 289
220 81
220 152
220 733
220 287
221 154
221 290
221 173
222 154
222 173
223 154
223 39
224 32
224 289
224 291
224 229
224 39
224 205
224 209
224 275
224 442
224 251
225 292
225 158
226 587
226 748
226 158
226 822
226 293
227 174
227 294
228 283
228 158
229 224
229 158
230 296
230 161
231 296
231 163
231 246
231 183
232 115
232 699
232 166
233 96
233 657
233 658
233 167
234 96
234 168
234 810
234 424
235 625
235 170
235 669
235 386
236 171
237 299
237 596
237 213
237 211
238 173
238 78
239 300
239 173
240 178
240 447
240 301
240 333
241 302
241 303
241 304
241 465
241 180
241 283
242 305
242 172
242 477
242 182
242 735
243 154
243 75
243 187
243 599
244 551
244 201
244 306
244 307
244 308
244 188
245 584
245 189
245 111
246 231
246 309
246 189
247 310
247 293
247 328
247 789
247 790
247 189
248 469
248 203
248 189
248 311
249 43
249 189
250 816
250 739
250 297
250 366
250 464
250 282
250 191
251 192
251 224
251 591
252 312
252 193
252 591
252 313
253 196
253 270
253 679
254 137
254 300
255 160
255 198
255 814
256 200
256 729
256 618
256 293
256 430
257 202
257 315
257 330
258 576
258 787
258 316
258 203
259 206
259 694
259 151
260 208
260 728
260 317
261 480
261 677
261 617
261 779
261 113
261 468
262 728
262 377
262 213
262 318
262 438
263 281
263 213
264 826
264 213
264 319
265 320
265 810
265 356
265 213
266 321
266 322
266 213
267 323
267 214
267 215
268 216
268 145
268 326
268 383
269 217
269 218
269 205
270 324
270 652
270 750
270 218
270 828
270 253
271 219
271 564
271 47
272 219
272 325
273 409
273 219
273 685
274 110
275 224
275 219
276 391
276 326
276 295
276 328
276 329
276 330
276 327
276 47
276 219
277 829
278 219
278 165
278 358
279 665
279 331
279 219
280 219
280 63
281 33
281 219
281 374
281 263
282 250
282 219
282 332
283 241
283 228
283 542
284 219
284 36
285 24
285 219
286 24
286 496
286 219
286 724
287 220
287 333
288 36
288 220
288 673
289 224
289 741
289 616
289 558
289 622
289 220
289 415
290 77
290 334
290 335
290 336
290 337
290 46
290 333
290 633
290 221
291 224
291 338
291 651
292 225
292 658
292 611
292 317
293 256
293 226
293 614
293 426
293 247
293 735
294 523
294 174
294 227
295 546
295 276
296 230
296 231
296 680
296 106
296 340
296 537
297 250
297 827
297 340
298 514
298 77
298 30
299 323
299 237
299 342
299 825
299 26
299 734
300 320
300 736
300 371
300 254
300 239
301 240
301 50
301 351
302 241
302 106
302 107
302 636
302 103
303 241
303 23
303 341
303 78
303 313
304 241
304 14
305 242
305 43
306 244
306 599
307 244
307 814
307 342
308 680
308 745
308 743
308 244
308 465
309 720
309 246
309 718
309 343
310 160
310 247
311 248
311 344
312 168
312 753
312 252
312 345
313 252
313 303
314 761
314 346
314 347
314 732
314 343
315 680
315 257
315 681
316 216
316 424
316 258
317 260
317 292
317 405
317 559
318 361
318 82
318 262
319 264
319 513
319 11
319 716
319 413
320 265
320 300
320 350
320 727
321 266
321 331
321 333
321 335
322 266
322 348
323 267
323 299
323 820
324 349
324 270
325 272
325 65
325 67
325 809
325 808
326 268
326 276
327 276
327 69
328 276
328 247
329 276
329 135
330 257
330 276
331 321
331 39
331 756
331 279
332 352
332 738
332 116
332 282
332 350
332 351
333 240
333 321
333 290
333 811
333 287
334 40
334 290
335 321
335 290
335 355
335 4
335 357
335 353
335 40
335 354
335 46
335 356
336 290
337 290
337 14
338 160
338 482
338 291
339 160
339 344
340 296
340 297
340 358
341 770
341 303
341 359
342 360
342 299
342 307
342 39
342 383
343 641
343 361
343 362
343 363
343 364
343 593
343 309
343 314
344 365
344 366
344 367
344 339
344 311
344 762
345 312
345 829
346 808
346 314
346 52
347 689
347 314
347 68
348 322
348 413
349 368
349 324
350 128
350 320
350 332
350 591
350 369
350 370
351 371
351 332
351 301
351 814
351 591
352 591
352 332
352 373
352 383
353 335
353 375
354 161
354 335
355 161
355 205
355 14
355 79
355 80
355 335
355 23
355 376
355 377
355 186
355 379
355 378
355 735
356 265
356 380
356 335
357 216
357 335
357 663
358 340
358 278
358 814
359 24
359 571
359 532
359 341
360 14
360 19
360 508
360 342
360 518
361 343
361 114
361 219
361 318
361 695
362 343
362 381
362 61
363 695
363 151
363 343
364 343
364 43
364 702
364 382
364 695
365 344
365 36
366 344
366 250
367 344
367 796
367 87
368 409
368 210
368 349
369 384
369 557
369 528
369 210
369 754
369 350
369 383
370 386
370 517
370 350
371 384
371 300
371 351
372 387
372 812
373 352
373 33
373 583
374 281
374 690
375 353
375 60
375 694
376 88
376 355
377 792
377 793
377 355
377 262
377 731
378 355
378 388
378 585
378 627
378 792
378 730
379 730
379 355
379 389
379 726
380 356
380 390
380 391
380 392
380 393
380 86
380 157
381 362
381 507
381 390
382 496
382 364
382 412
383 352
383 513
383 268
383 369
383 83
383 342
383 153
384 369
384 371
385 160
386 370
386 235
386 796
387 480
387 372
387 394
387 460
388 473
388 378
388 180
389 379
389 395
389 453
390 380
390 205
390 381
391 276
391 380
391 397
392 380
392 554
392 396
393 380
393 398
394 387
394 566
395 675
395 389
395 763
395 400
395 401
395 187
395 93
396 392
396 402
396 187
397 137
397 391
397 425
397 783
398 824
398 393
398 735
399 403
399 46
399 814
399 662
400 24
400 530
400 395
401 530
401 395
401 404
402 396
402 405
403 168
403 73
403 55
403 814
403 399
403 51
403 404
403 407
403 408
403 188
404 168
404 401
404 403
404 436
404 55
404 409
404 410
404 475
404 703
405 188
405 402
405 436
405 317
405 119
406 51
406 414
407 152
407 403
407 414
408 403
408 829
409 475
409 368
409 273
409 404
409 411
409 412
410 404
410 413
410 415
411 409
411 103
411 105
412 416
412 417
412 418
412 645
412 459
412 642
412 654
412 685
412 409
412 829
412 382
413 419
413 420
413 421
413 410
413 348
413 319
414 406
414 814
414 407
415 289
415 410
415 738
416 424
416 714
416 412
416 61
416 694
417 186
417 412
417 694
417 79
418 424
418 44
418 714
418 412
418 612
419 413
419 422
419 423
420 424
420 413
421 424
421 413
422 424
422 419
423 81
423 419
423 694
423 47
424 416
424 418
424 43
424 420
424 421
424 422
424 583
424 425
424 234
424 427
424 428
424 109
424 430
424 431
424 95
424 217
424 59
424 316
424 829
424 94
424 426
425 424
425 397
426 424
426 293
427 424
427 432
428 424
428 433
429 434
430 256
430 424
431 33
431 424
431 489
431 714
431 438
431 728
432 440
432 427
433 641
433 435
433 428
434 481
434 515
434 39
434 429
434 719
434 436
434 598
435 160
435 433
435 548
436 404
436 434
436 604
436 405
437 576
437 441
437 574
437 87
438 449
438 778
438 14
438 262
438 431
439 451
439 180
440 432
440 451
440 572
441 452
441 453
441 454
441 686
441 687
441 529
441 658
441 437
442 224
442 457
442 576
443 723
443 78
443 471
444 509
444 78
444 471
445 473
445 78
446 473
446 94
446 487
447 240
447 473
448 473
448 21
448 829
449 473
449 438
450 113
450 490
450 491
450 473
451 484
451 550
451 787
451 116
451 439
451 440
452 441
452 655
452 489
453 496
453 441
453 389
454 496
454 441
455 496
455 67
456 499
456 180
456 501
457 442
457 500
457 501
458 77
458 573
459 571
459 412
459 501
460 532
460 571
460 387
460 501
461 62
461 511
462 62
462 511
463 512
463 62
464 512
464 250
465 241
465 308
465 513
466 576
466 513
466 787
466 29
467 513
467 764
467 111
468 513
468 261
469 248
469 513
469 44
470 514
470 22
471 188
471 514
471 443
471 444
472 152
472 520
472 814
473 448
473 449
473 450
473 388
473 530
473 116
473 218
473 445
473 446
473 447
474 530
474 14
475 409
475 530
475 404
476 152
476 531
477 242
477 531
478 160
478 571
478 532
479 612
479 562
479 563
479 533
479 665
479 30
480 701
480 387
480 261
480 534
480 695
481 434
481 535
482 338
482 539
483 152
483 542
483 751
484 451
485 547
485 548
486 152
486 666
486 782
487 560
487 446
488 560
488 189
488 814
489 714
489 452
489 566
489 431
490 450
490 571
491 450
491 571
492 817
492 50
492 580
493 766
493 211
493 717
493 582
494 691
494 13
494 591
495 591
496 453
496 454
496 455
496 43
496 591
496 209
496 382
496 829
496 286
497 14
497 591
498 19
498 595
498 814
499 456
500 457
500 599
501 456
501 457
501 459
501 460
501 621
501 648
502 763
502 623
503 114
503 626
504 641
504 634
504 115
505 635
505 86
506 641
507 641
507 381
507 695
508 360
508 658
508 799
509 444
509 661
510 90
510 171
510 814
510 662
511 462
511 461
511 814
511 662
512 464
512 463
512 814
512 663
513 49
513 679
513 744
513 680
513 45
513 46
513 48
513 465
513 466
513 467
513 468
513 469
513 383
513 319
514 804
514 743
514 680
514 298
514 679
514 470
514 471
514 124
515 434
515 684
515 685
516 96
516 689
516 763
517 689
517 370
518 360
518 689
518 820
519 691
519 36
520 472
520 694
521 154
522 72
522 694
523 294
523 695
524 61
524 814
524 695
525 205
525 695
526 61
526 695
527 26
527 701
528 704
528 369
528 814
529 441
529 722
529 707
529 705
530 193
530 195
530 196
530 714
530 109
530 400
530 401
530 473
530 474
530 475
531 714
531 476
531 477
532 195
532 197
532 359
532 714
532 460
532 478
533 722
533 479
534 480
534 728
534 800
535 481
535 203
535 47
535 757
535 207
535 796
535 53
536 796
536 213
536 757
537 296
537 762
538 80
538 774
539 777
539 482
540 787
540 788
540 213
541 78
541 798
542 810
542 283
542 483
543 810
543 36
544 811
544 36
545 211
545 814
546 814
546 295
547 485
547 814
548 485
548 814
548 435
548 52
548 120
548 60
548 31
549 91
549 814
550 451
550 814
551 244
552 218
553 201
554 392
555 42
556 29
557 369
558 289
559 317
560 488
560 487
561 152
562 479
563 479
564 271
565 43
566 489
566 82
566 394
567 35
567 37
568 50
569 41
570 67
571 459
571 359
571 490
571 491
571 460
571 109
571 478
572 440
573 458
574 437
576 466
576 442
576 258
576 190
576 437
577 23
579 60
580 492
581 35
582 493
583 424
583 373
583 118
584 245
585 378
586 26
587 226
588 186
589 186
590 175
591 352
591 494
591 495
591 496
591 497
591 251
591 252
591 350
591 351
593 343
594 28
595 498
596 237
597 215
598 434
599 306
599 243
599 500
601 172
602 19
603 113
604 436
605 43
606 56
608 121
609 188
611 292
612 418
612 59
612 479
613 96
614 293
615 151
616 289
617 261
618 256
619 19
620 135
621 501
622 289
623 502
624 137
625 235
626 503
627 378
628 205
629 186
631 82
632 176
632 173
633 290
634 504
635 505
635 123
636 829
636 302
637 57
638 87
641 504
641 433
641 506
641 507
641 343
642 412
643 83
645 412
646 28
647 29
648 501
650 87
651 291
651 173
652 270
654 412
655 452
656 79
657 233
658 292
658 233
658 140
658 141
658 142
658 143
658 81
658 441
658 508
659 6
660 14
661 509
661 111
662 399
662 510
662 511
663 512
663 357
664 14
665 279
665 479
666 486
667 186
668 186
669 235
671 160
672 160
673 288
674 85
675 395
676 78
677 261
678 99
679 513
679 514
679 155
679 253
680 296
680 513
680 514
680 315
680 308
681 315
682 70
683 96
684 515
685 273
685 515
685 412
686 441
687 441
688 44
689 516
689 517
689 518
689 182
689 23
689 347
689 159
690 374
691 494
691 519
692 98
693 2
694 416
694 417
694 259
694 423
694 520
694 522
694 139
694 109
694 375
694 829
695 480
695 363
695 361
695 523
695 364
695 525
695 526
695 507
695 524
696 52
697 152
698 152
699 232
700 96
701 480
701 527
702 364
703 404
704 528
705 529
706 191
707 529
708 167
709 11
710 60
714 416
714 418
714 489
714 139
714 109
714 431
714 530
714 531
714 532
714 117
714 59
714 85
715 5
716 319
717 493
718 309
718 111
719 434
720 309
721 168
722 529
722 533
723 443
724 286
725 152
726 379
727 320
728 260
728 166
728 262
728 136
728 431
728 534
729 256
730 378
730 379
731 377
732 314
733 220
734 299
735 355
735 293
735 398
735 242
735 150
735 29
736 300
737 202
738 332
738 415
739 250
740 96
741 289
742 109
743 514
743 308
744 513
745 155
745 308
747 152
748 226
750 270
751 483
753 312
754 369
755 1
756 331
757 536
757 535
758 154
759 63
760 86
761 314
762 344
762 537
762 77
763 395
763 516
763 502
764 467
766 129
766 130
766 131
766 133
766 134
766 493
767 19
770 341
772 11
773 109
774 538
774 109
775 58
775 109
776 109
777 539
777 109
778 52
778 438
779 261
780 24
781 14
782 486
782 31
783 397
784 53
785 156
786 103
787 172
787 258
787 451
787 540
787 466
788 540
789 247
790 247
791 198
792 377
792 378
793 377
794 43
795 50
796 386
796 68
796 71
796 367
796 535
796 536
798 541
799 508
800 534
801 113
803 216
804 514
805 22
806 115
807 203
808 346
808 325
808 159
809 325
810 265
810 234
810 109
810 542
810 543
811 544
811 333
811 46
811 111
812 372
813 165
814 512
814 132
814 524
814 399
814 528
814 403
814 414
814 159
814 545
814 546
814 547
814 548
814 549
814 550
814 47
814 307
814 472
814 351
814 358
814 488
814 498
814 255
814 510
814 511
815 152
816 250
817 492
817 189
819 19
820 323
820 518
821 111
822 226
823 170
824 398
825 299
826 264
827 297
828 270
829 448
829 424
829 412
829 76
829 496
829 113
829 277
829 694
829 408
829 345
829 636
