768 384
5 19
6 222
521 694
523 468
12 41
13 607
14 562
17 308
17 45
530 194
20 67
21 52
25 337
28 496
28 73
28 802
29 485
542 484
773 459
32 63
548 486
37 65
37 68
37 71
39 330
40 746
41 713
44 78
45 80
46 273
51 88
51 91
54 465
54 829
56 98
56 100
56 762
57 103
60 194
62 64
62 115
63 635
578 241
67 336
71 315
72 796
599 499
75 88
610 295
78 80
79 129
80 432
80 112
82 771
87 769
87 630
88 148
90 111
94 648
94 151
100 283
600 437
106 640
108 362
109 395
109 532
110 342
111 495
113 752
114 176
125 712
127 192
127 194
644 393
135 205
137 241
653 331
149 186
150 334
152 396
157 224
158 227
158 206
675 315
165 592
172 237
176 633
180 306
739 310
739 415
184 440
184 814
188 797
118 728
198 254
711 389
205 575
722 277
212 261
718 434
728 276
217 412
219 274
219 283
219 277
220 511
228 295
231 398
745 253
235 297
236 298
239 268
244 639
256 314
261 383
262 263
263 215
266 215
289 348
292 339
295 340
818 500
303 397
304 312
817 473
307 649
313 342
323 749
331 396
338 413
343 502
345 670
399 394
348 765
351 372
353 374
355 506
370 385
382 391
387 413
391 396
403 405
403 406
410 414
424 429
458 501
