1 313
515 476
4 402
699 331
699 669
11 745
11 611
524 764
614 736
14 374
15 170
528 143
531 658
531 295
532 177
24 224
25 678
27 598
540 463
541 212
30 187
31 723
33 162
35 448
35 688
666 566
551 231
42 259
555 696
556 725
47 784
49 115
49 644
51 164
567 425
567 630
57 479
60 71
64 291
578 175
579 506
71 667
71 807
74 794
76 466
768 771
593 396
83 800
185 289
185 663
88 760
605 817
98 474
101 449
102 349
273 459
104 365
104 127
700 735
618 224
108 121
623 399
115 245
771 705
121 270
634 250
640 136
129 759
129 151
643 462
137 155
138 811
140 498
142 662
143 486
143 174
144 181
146 697
148 177
148 373
151 322
664 641
543 743
154 667
668 824
157 211
670 265
539 733
168 732
168 503
170 250
171 721
688 399
690 483
179 308
182 442
186 503
188 803
192 311
288 794
709 298
711 289
202 769
202 366
461 369
216 421
216 278
218 818
219 411
732 489
221 413
734 488
742 302
209 682
232 459
745 419
239 220
244 728
759 439
724 780
252 499
810 319
767 370
256 369
772 744
265 572
267 788
275 435
281 674
559 387
285 351
296 655
302 488
305 276
736 795
395 398
332 449
350 403
354 436
355 368
358 388
572 433
379 388
379 406
423 464
440 489
449 471
