1 9
2 85
2 462
4 35
4 36
4 206
4 231
5 13
5 213
6 192
6 34
6 259
6 518
6 817
6 172
6 202
6 171
6 108
6 111
6 80
6 273
6 245
6 342
6 425
6 623
6 60
6 489
7 801
7 172
7 799
8 33
8 58
8 83
8 396
8 775
9 296
9 43
9 80
9 41
10 160
10 38
10 39
10 361
10 363
10 172
10 270
10 79
10 17
10 276
10 150
11 98
11 171
11 100
11 805
11 108
11 106
11 587
11 140
11 146
11 213
11 425
11 189
12 280
12 376
12 546
12 98
12 38
13 160
13 65
13 219
13 588
13 207
13 79
13 271
13 82
13 270
13 631
13 473
13 15
13 719
14 33
14 194
14 92
14 70
15 604
16 817
17 176
17 130
17 391
17 201
17 528
17 50
17 147
17 52
17 597
18 57
18 346
18 419
18 37
19 302
21 649
21 427
21 147
21 119
21 634
21 477
22 41
23 176
23 235
23 37
23 167
24 129
24 86
24 89
25 87
25 303
25 213
25 519
26 736
26 129
26 262
26 422
26 167
26 337
26 467
26 212
26 636
26 223
27 288
28 110
29 73
29 67
30 72
30 137
30 143
31 40
31 42
31 140
32 443
33 686
33 861
34 256
34 196
34 198
34 168
34 301
34 114
34 724
34 85
34 214
34 377
34 190
35 656
35 208
35 493
36 299
36 467
36 183
37 273
37 271
37 113
38 160
38 193
38 781
38 125
38 694
38 281
38 266
38 810
39 121
40 546
40 231
40 168
40 41
40 45
40 54
40 824
40 313
40 316
40 61
41 273
42 314
43 644
43 492
43 274
43 84
43 122
43 223
44 304
44 289
44 115
44 76
45 136
47 442
47 163
47 109
47 165
48 59
48 759
49 489
49 714
50 57
50 733
50 263
51 546
51 328
51 76
51 226
51 303
51 443
51 796
52 78
52 97
53 416
54 384
54 416
54 645
54 330
54 401
54 818
54 83
54 117
54 122
54 213
55 220
55 348
57 661
58 170
58 99
58 181
58 63
59 130
59 237
59 307
59 855
59 603
59 190
60 643
61 199
61 93
61 183
62 202
62 204
62 397
63 645
63 614
63 493
63 846
63 623
63 498
63 243
63 571
65 416
65 161
65 295
65 329
65 399
65 265
65 442
65 319
66 706
66 871
66 169
66 82
66 438
66 569
67 363
67 395
67 406
67 269
68 142
69 167
69 361
69 205
69 718
69 724
69 284
70 316
70 300
70 293
71 384
71 520
71 395
71 492
71 351
72 500
72 407
72 156
72 519
73 209
73 136
73 266
73 487
73 273
73 657
73 566
73 271
73 380
73 221
74 649
74 202
74 212
74 774
75 472
75 165
76 528
76 369
76 150
76 446
77 570
77 98
77 714
77 398
77 687
78 622
79 220
80 325
80 391
80 107
80 173
80 336
80 191
81 153
81 267
82 95
82 183
82 861
83 357
83 141
83 181
84 192
84 554
84 693
84 213
85 192
86 376
86 500
87 154
87 196
87 626
88 177
88 691
88 209
89 116
89 813
89 167
91 294
92 176
92 203
92 244
92 183
94 489
94 571
94 733
95 506
96 246
97 321
97 406
98 99
98 266
98 434
99 346
99 348
101 736
101 433
101 307
101 310
101 279
102 466
102 308
103 253
103 238
103 422
103 487
104 805
104 687
104 277
104 566
104 152
104 476
105 422
105 542
105 519
106 486
106 357
106 150
106 445
107 506
107 667
107 711
108 225
109 499
109 238
110 369
110 169
111 269
111 339
111 121
111 217
111 796
111 862
112 171
113 265
113 190
115 345
115 347
115 241
118 192
119 205
120 636
120 511
121 226
122 367
122 592
122 499
122 281
123 809
123 787
123 350
125 691
126 202
128 160
128 402
129 401
130 779
130 375
132 361
133 174
134 656
135 425
136 624
136 754
136 150
136 318
138 649
138 362
138 190
138 217
141 494
143 561
143 860
143 765
145 601
145 221
146 577
146 163
147 348
147 446
147 277
149 284
153 568
153 271
154 240
154 335
156 866
156 419
156 277
157 273
157 270
158 596
159 831
160 691
160 252
161 779
161 554
161 395
161 220
162 585
163 271
163 479
165 522
165 700
165 395
168 736
168 422
168 455
168 354
168 377
168 347
168 286
169 867
171 173
171 569
171 479
172 271
173 502
174 824
174 315
175 182
176 412
177 247
180 305
180 386
181 637
182 273
182 442
182 199
183 506
184 460
185 346
185 506
185 823
186 320
186 424
186 294
187 624
187 285
188 781
188 622
189 624
189 351
190 516
190 518
190 469
190 637
191 350
193 302
194 218
194 461
197 409
197 255
199 513
199 201
199 414
200 207
201 579
201 305
202 573
204 642
204 347
204 277
204 279
206 349
207 274
207 487
207 277
209 291
209 277
210 585
210 391
211 279
212 621
213 262
213 841
213 301
213 245
213 442
214 365
216 279
218 331
218 546
219 352
219 345
219 642
224 709
225 340
226 301
226 325
226 861
227 299
230 270
231 597
231 350
233 384
237 299
237 676
237 302
237 279
238 496
238 514
243 281
246 758
248 829
252 489
252 558
252 788
252 412
252 445
255 809
255 675
256 792
260 813
260 694
262 694
263 724
263 386
263 534
265 330
265 694
265 689
266 396
269 319
269 333
270 419
270 581
270 651
270 733
270 433
271 396
275 309
275 310
277 286
282 805
282 694
284 295
284 588
289 484
289 539
289 303
290 541
290 717
295 439
296 428
296 438
298 437
299 419
299 329
299 430
300 448
302 596
302 388
308 439
309 839
311 381
311 733
312 754
314 565
315 825
315 514
318 730
319 689
320 469
322 571
322 390
323 469
324 620
325 866
325 348
325 698
327 635
328 381
330 424
331 546
331 373
333 408
335 587
335 403
335 398
339 539
341 355
343 656
347 824
350 356
352 489
355 631
360 385
360 694
361 424
361 428
361 368
361 497
362 457
362 380
364 736
365 658
365 475
367 759
377 567
378 545
379 489
379 597
384 391
390 565
391 734
396 452
406 428
409 489
418 660
419 499
419 535
419 539
428 614
433 459
438 554
441 467
445 529
445 542
453 631
454 539
455 624
455 754
459 840
463 550
475 714
475 805
476 642
492 738
496 756
511 805
512 825
521 736
