1 158
2 420
2 694
3 98
3 363
3 87
5 653
7 144
7 611
7 837
7 855
8 530
8 710
9 701
10 437
11 866
15 381
16 480
16 834
16 584
16 425
16 852
16 666
16 379
17 851
18 687
18 446
18 95
19 429
19 246
20 476
21 296
21 366
21 487
22 603
22 149
23 826
23 639
23 731
23 175
24 187
25 623
26 756
26 318
28 40
28 530
29 116
30 115
30 107
30 171
32 836
32 591
33 204
33 238
34 122
35 219
35 813
37 411
37 236
38 261
38 823
39 629
40 268
40 662
41 323
41 653
41 526
45 244
45 647
48 288
48 267
49 767
49 375
51 168
51 892
52 176
52 131
52 541
52 87
53 532
54 517
55 491
55 694
57 115
57 686
59 218
60 800
60 662
61 491
61 679
61 223
62 786
63 388
63 701
64 816
64 548
65 179
66 289
66 545
67 577
67 87
68 875
69 82
69 269
69 413
70 840
70 581
70 783
71 312
71 540
72 392
72 843
72 767
73 514
73 763
73 117
74 847
74 359
75 560
75 663
77 706
77 589
78 289
78 500
78 701
79 460
79 326
81 597
81 310
83 616
83 493
84 576
85 811
86 153
86 282
87 412
88 848
88 690
88 621
90 370
90 558
92 363
93 306
93 181
93 781
96 296
96 106
96 468
96 254
97 586
97 311
98 499
100 660
100 428
100 478
101 843
101 780
102 898
102 291
102 494
103 497
103 733
105 159
106 676
107 479
108 776
108 619
109 400
109 480
109 759
110 325
112 654
114 824
114 524
114 183
115 136
115 875
116 830
117 135
118 576
120 732
120 635
120 468
121 797
121 607
122 517
122 326
124 896
124 707
125 656
125 524
126 621
126 686
126 765
127 193
127 879
128 574
131 218
132 852
132 780
133 667
133 188
135 803
136 448
136 880
136 445
136 501
137 344
137 795
138 178
138 683
139 842
139 278
140 323
140 719
140 471
142 753
143 443
144 399
145 877
145 799
146 403
147 420
148 587
148 349
148 711
149 299
149 797
150 326
152 400
152 694
154 542
155 186
155 794
157 688
157 817
157 658
157 531
157 877
158 492
159 307
160 846
161 788
162 425
162 439
163 280
164 864
165 852
166 420
168 178
168 306
170 493
171 735
171 559
173 553
173 882
173 359
173 263
174 312
174 742
175 542
176 738
179 220
179 788
181 385
181 708
183 371
183 844
184 436
184 863
186 482
186 575
187 289
187 325
187 623
187 629
187 762
189 194
192 423
193 476
194 751
195 433
195 452
195 613
195 846
196 771
196 276
196 518
197 281
197 559
198 456
198 481
198 850
200 827
202 604
203 561
204 899
204 245
205 352
205 581
207 546
209 700
210 568
213 499
214 321
214 799
218 478
219 360
220 666
220 735
221 804
221 406
221 335
223 627
223 469
227 751
228 601
229 407
230 611
230 246
231 603
232 274
232 642
232 758
234 673
234 316
235 691
236 317
237 602
238 700
239 833
239 787
239 629
239 246
240 746
240 899
240 676
242 777
242 666
242 276
242 423
243 600
243 820
244 762
244 515
245 739
247 271
250 493
250 261
250 334
250 429
251 783
252 521
252 292
254 300
254 502
256 728
256 382
258 860
259 550
259 695
262 547
264 546
265 617
266 525
267 399
269 835
269 412
269 422
270 424
271 815
273 450
274 426
275 456
275 670
276 637
277 396
278 538
280 502
281 291
282 669
282 790
282 283
282 655
282 733
284 440
284 390
286 752
286 348
288 329
290 515
290 606
291 426
291 707
292 888
292 407
293 355
293 775
294 897
296 502
296 517
297 703
298 429
299 369
299 378
299 889
300 457
302 427
303 340
304 573
307 537
307 519
308 330
308 517
310 792
310 738
310 723
311 552
312 859
313 894
317 352
317 805
318 592
318 747
319 643
321 710
321 381
323 822
323 534
324 813
324 446
324 847
326 339
326 340
327 836
334 586
334 646
335 787
335 492
336 634
337 690
342 365
345 525
348 577
349 448
349 639
350 551
351 427
351 572
355 513
356 457
357 798
357 782
358 550
359 567
360 713
361 837
364 627
366 685
367 873
367 742
368 840
368 454
370 711
371 544
374 806
374 454
377 624
377 769
377 832
378 816
379 782
380 719
381 831
382 698
382 722
383 409
384 457
386 593
387 650
388 396
391 500
392 504
392 712
395 593
395 887
397 886
397 679
398 416
399 605
400 640
401 568
402 563
402 740
403 639
405 848
405 554
406 822
406 567
407 539
408 635
409 679
410 770
411 433
412 638
414 709
418 469
423 688
426 694
427 863
427 502
428 762
429 466
429 708
431 597
432 862
433 832
433 516
433 603
434 749
436 576
436 830
438 808
438 707
440 589
441 604
441 486
442 857
444 739
444 487
446 809
447 761
449 727
451 790
458 850
458 503
459 650
460 664
460 759
463 864
464 679
466 694
467 664
467 788
468 503
471 491
472 866
473 848
474 657
475 531
475 479
476 738
477 610
480 866
481 690
481 815
482 564
484 739
486 600
486 728
488 705
491 674
492 595
492 667
493 628
494 550
494 589
495 501
495 861
496 514
496 866
496 613
497 702
498 810
499 599
500 632
500 648
501 529
501 698
501 845
503 552
503 702
505 614
506 524
509 586
509 526
512 787
514 825
518 759
519 648
521 839
522 635
530 849
533 647
541 857
541 582
542 554
547 704
548 730
548 643
552 748
557 562
559 772
561 859
561 756
561 861
562 883
562 779
563 887
564 731
564 638
565 647
566 576
575 587
579 702
582 831
583 609
583 634
584 687
585 710
587 639
588 862
590 670
593 790
595 824
596 702
598 631
603 774
604 899
604 858
605 761
605 746
605 884
607 682
608 813
609 662
610 872
610 645
612 775
613 804
620 811
624 894
626 774
631 840
631 655
632 802
636 700
640 872
641 878
642 689
642 803
642 789
642 654
644 783
652 789
653 781
657 768
665 681
669 896
671 828
676 738
678 849
678 865
681 892
690 822
692 817
694 816
698 781
699 733
699 853
700 811
702 783
704 720
705 872
709 755
715 777
727 820
730 817
733 825
737 811
746 776
746 759
763 780
764 810
765 776
765 868
765 790
768 835
773 836
774 879
779 868
781 782
787 892
789 866
794 871
796 877
801 894
831 878
846 868
877 898
882 889
