8192 25
1 2
1 3
1 4
2 2564
2 517
2 3078
2 523
2 3088
2 24
2 4587
2 32
2 5041
2 2092
2 3506
2 2397
2 4658
2 563
2 2398
2 1086
2 2741
2 68
2 72
2 3149
2 4691
2 1622
2 3513
2 5477
2 3515
2 1643
2 447
2 4488
2 2155
2 2184
2 5257
2 4748
2 4753
2 2196
2 2201
2 3955
2 4277
2 4802
2 4804
2 5542
2 4812
2 717
2 215
2 729
2 3804
2 4321
2 1951
2 1769
2 749
2 1917
2 468
2 2312
2 5385
2 4881
2 788
2 2844
2 5256
2 5513
2 4409
2 1338
2 2527
2 1343
2 3467
2 5536
2 4577
2 62
2 2380
2 3470
2 5464
2 5465
2 5466
2 5467
2 5468
2 5469
2 5470
2 5471
2 5472
2 5473
2 5474
2 5475
2 5476
2 869
2 5478
2 5479
2 5480
2 5481
2 5482
2 5483
2 5484
2 5485
2 5486
2 5487
2 5488
2 5489
2 5490
2 5491
2 5492
2 5493
2 5494
2 5495
2 5496
2 5497
2 5498
2 5499
2 5500
2 5501
2 5502
2 5503
2 5504
2 5505
2 5506
2 5507
2 5508
2 5509
2 5510
2 5511
2 5512
2 1087
2 5514
2 5515
2 5516
2 5517
2 5518
2 5519
2 5520
2 5521
2 5522
2 5523
2 5524
2 5525
2 5526
2 5527
2 5528
2 5529
2 5530
2 5531
2 5532
2 5533
2 5534
2 5535
2 2464
2 5537
2 5538
2 5539
2 5540
2 5541
2 3494
2 5543
2 5544
2 5545
2 5546
2 5547
2 5548
2 5549
2 5550
2 5551
2 5552
2 5553
2 5554
2 5555
2 5556
2 5557
2 5558
2 5559
2 5560
2 5561
2 5562
2 5563
2 5564
2 5565
2 5566
2 5567
2 5568
2 5569
2 5570
2 5571
2 5572
2 5573
2 5574
2 5575
2 5576
2 5577
2 5578
2 5579
2 5580
2 5581
2 5582
2 5583
2 5584
2 5585
2 5586
2 5587
2 5588
2 5589
2 5590
2 5591
2 5592
2 5593
2 5594
2 5595
2 5596
2 5597
2 5598
2 5599
2 5600
2 5601
2 5602
2 5603
2 5604
2 5605
2 5606
2 5607
2 5608
2 5609
2 5610
2 5611
2 5612
2 5613
2 5614
2 5615
2 5616
2 5617
2 3060
2 3061
2 4091
2 510
3 156
4 6144
4 6146
4 6147
4 2052
4 6149
4 6150
4 6145
4 6152
4 6153
4 10
4 6155
4 4108
4 6157
4 4110
4 6159
4 16
4 6161
4 6162
4 19
4 6164
4 6165
4 6166
4 6167
4 6168
4 25
4 6170
4 6171
4 6172
4 6173
4 6174
4 6175
4 6176
4 6177
4 6178
4 6179
4 6180
4 6181
4 6182
4 6183
4 6184
4 6185
4 6186
4 6151
4 44
4 6189
4 6190
4 6191
4 6192
4 6193
4 6194
4 6195
4 6196
4 6197
4 4150
4 4151
4 4152
4 4153
4 4154
4 4155
4 4156
4 61
4 4158
4 4159
4 4160
4 4161
4 4162
4 4163
4 4164
4 4165
4 4166
4 4167
4 4168
4 4169
4 4170
4 4171
4 4172
4 4173
4 4174
4 4175
4 4176
4 4177
4 4178
4 4179
4 4180
4 4181
4 4182
4 87
4 4184
4 4185
4 4186
4 4187
4 4188
4 4189
4 4190
4 4191
4 4192
4 4193
4 4194
4 4195
4 4196
4 4197
4 6246
4 6247
4 6248
4 6249
4 6250
4 6251
4 6252
4 6253
4 6254
4 111
4 6256
4 6257
4 6258
4 6163
4 6260
4 6261
4 6262
4 6263
4 120
4 6265
4 6266
4 6267
4 6268
4 6269
4 6270
4 6271
4 6272
4 6273
4 6274
4 6275
4 6276
4 6277
4 6278
4 6279
4 6280
4 6281
4 6282
4 6283
4 6284
4 6285
4 6286
4 143
4 6288
4 6289
4 6290
4 6291
4 6292
4 6293
4 6294
4 6169
4 152
4 6297
4 154
4 6299
4 156
4 6301
4 6302
4 6303
4 6304
4 6305
4 162
4 163
4 6308
4 6309
4 6310
4 2215
4 6312
4 169
4 6314
4 6315
4 172
4 6317
4 174
4 175
4 6320
4 6321
4 6322
4 6323
4 6324
4 6325
4 6326
4 6327
4 6328
4 6329
4 6330
4 6331
4 6332
4 189
4 6334
4 6335
4 192
4 6337
4 6338
4 6339
4 6340
4 6341
4 6342
4 6343
4 6344
4 6345
4 6346
4 6347
4 204
4 6349
4 6350
4 6351
4 6352
4 6353
4 6354
4 1780
4 246
4 252
4 6187
4 265
4 272
4 273
4 3802
4 292
4 2354
4 2366
4 323
4 6198
4 328
4 6199
4 333
4 336
4 337
4 6201
4 344
4 6202
4 6203
4 6204
4 362
4 2411
4 2412
4 4157
4 2417
4 2418
4 2419
4 372
4 6206
4 375
4 6207
4 6208
4 6209
4 6210
4 6211
4 6212
4 411
4 6213
4 6214
4 6215
4 6216
4 2483
4 6217
4 355
4 6218
4 446
4 6219
4 2500
4 6220
4 6221
4 466
4 6222
4 6223
4 6224
4 6225
4 6226
4 497
4 6154
4 6227
4 6228
4 6229
4 6230
4 6231
4 6232
4 6233
4 540
4 6234
4 6235
4 3892
4 6236
4 6156
4 6237
4 6088
4 6238
4 6239
4 6240
4 6241
4 6242
4 595
4 6244
4 606
4 6245
4 3857
4 2665
4 618
4 619
4 622
4 3860
4 6255
4 2000
4 6160
4 6259
4 4183
4 1728
4 704
4 709
4 2760
4 6264
4 724
4 3881
4 794
4 1840
4 825
4 4051
4 2879
4 6287
4 887
4 2939
4 6295
4 6296
4 923
4 6298
4 928
4 6300
4 6125
4 5620
4 957
4 5622
4 5623
4 6306
4 3025
4 6307
4 3051
4 6313
4 1877
4 6316
4 5975
4 5763
4 6318
4 6158
4 6319
4 1064
4 3118
4 2058
4 1077
4 1887
4 3132
4 523
4 3146
4 3151
4 6311
4 6243
4 3942
4 6333
4 3184
4 1139
4 6336
4 1899
4 3238
4 541
4 1213
4 6348
4 3277
4 3283
4 1572
4 4059
4 1272
4 3333
4 3347
4 3382
4 1337
4 1361
4 6133
4 5693
4 5696
4 3481
4 3501
4 3516
4 3527
4 1492
4 3543
4 1618
4 6188
4 5618
4 5619
4 1524
4 5621
4 1526
4 3575
4 5624
4 5625
4 5626
4 5627
4 5628
4 5629
4 5630
4 5631
4 5632
4 5633
4 5634
4 5635
4 5636
4 5637
4 5638
4 5639
4 5640
4 5641
4 5642
4 5643
4 5644
4 5645
4 5646
4 5647
4 5648
4 5649
4 5650
4 5651
4 5652
4 5653
4 5654
4 5655
4 5656
4 5657
4 5658
4 5659
4 5660
4 5661
4 5662
4 5663
4 5664
4 5665
4 5666
4 5667
4 5668
4 5669
4 5670
4 5671
4 5672
4 5673
4 5674
4 5675
4 5676
4 5677
4 5678
4 5679
4 5680
4 5681
4 5682
4 5683
4 5684
4 5685
4 5686
4 5687
4 5688
4 5689
4 5690
4 5691
4 5692
4 6148
4 5694
4 5695
4 1600
4 5697
4 5698
4 5699
4 5700
4 5701
4 5702
4 5703
4 5704
4 5705
4 5706
4 5707
4 5708
4 5709
4 5710
4 5711
4 5712
4 5713
4 5714
4 5715
4 5716
4 5717
4 5718
4 5719
4 5720
4 5721
4 5722
4 5723
4 5724
4 5725
4 5726
4 5727
4 5728
4 5729
4 5730
4 5731
4 5732
4 5733
4 5734
4 5735
4 5736
4 5737
4 5738
4 5739
4 5740
4 5741
4 5742
4 5743
4 5744
4 5745
4 5746
4 5747
4 5748
4 5749
4 5750
4 5751
4 5752
4 5753
4 5754
4 5755
4 5756
4 5757
4 5758
4 5759
4 5760
4 5761
4 5762
4 1667
4 5764
4 5765
4 5766
4 5767
4 5768
4 5769
4 5770
4 5771
4 5772
4 5773
4 5774
4 5775
4 5776
4 5777
4 5778
4 5779
4 5780
4 5781
4 5782
4 5783
4 5784
4 5785
4 5786
4 5787
4 5788
4 5789
4 5790
4 5791
4 5792
4 5793
4 5794
4 5795
4 5796
4 5797
4 5798
4 5799
4 5800
4 5801
4 5802
4 5803
4 5804
4 5805
4 5806
4 5807
4 5808
4 5809
4 5810
4 5811
4 5812
4 5813
4 5814
4 5815
4 5816
4 5817
4 5818
4 5819
4 5820
4 5821
4 5822
4 5823
4 5824
4 5825
4 5826
4 5827
4 5828
4 5829
4 5830
4 5831
4 5832
4 5833
4 5834
4 5835
4 5836
4 5837
4 5838
4 5839
4 5840
4 5841
4 5842
4 5843
4 5844
4 5845
4 5846
4 5847
4 5848
4 5849
4 5850
4 5851
4 5852
4 5853
4 5854
4 5855
4 5856
4 5857
4 5858
4 5859
4 5860
4 5861
4 5862
4 5863
4 5864
4 5865
4 5866
4 5867
4 5868
4 5869
4 5870
4 5871
4 5872
4 5873
4 5874
4 5875
4 5876
4 5877
4 5878
4 5879
4 5880
4 5881
4 5882
4 5883
4 5884
4 5885
4 5886
4 5887
4 5888
4 5889
4 5890
4 5891
4 5892
4 5893
4 5894
4 5895
4 5896
4 5897
4 5898
4 5899
4 5900
4 5901
4 5902
4 5903
4 5904
4 5905
4 5906
4 5907
4 5908
4 5909
4 5910
4 5911
4 5912
4 5913
4 5914
4 5915
4 5916
4 5917
4 5918
4 5919
4 5920
4 5921
4 5922
4 5923
4 5924
4 5925
4 5926
4 5927
4 5928
4 5929
4 5930
4 5931
4 5932
4 5933
4 5934
4 5935
4 5936
4 5937
4 5938
4 5939
4 5940
4 5941
4 5942
4 5943
4 5944
4 5945
4 5946
4 5947
4 5948
4 5949
4 5950
4 5951
4 5952
4 5953
4 5954
4 5955
4 5956
4 5957
4 5958
4 5959
4 5960
4 5961
4 5962
4 5963
4 5964
4 5965
4 5966
4 5967
4 5968
4 5969
4 5970
4 5971
4 5972
4 5973
4 5974
4 6200
4 5976
4 5977
4 5978
4 5979
4 5980
4 5981
4 5982
4 5983
4 5984
4 5985
4 5986
4 5987
4 5988
4 5989
4 5990
4 5991
4 5992
4 5993
4 5994
4 5995
4 5996
4 5997
4 5998
4 5999
4 6000
4 6001
4 6002
4 6003
4 6004
4 6005
4 6006
4 6007
4 6008
4 6009
4 6010
4 6011
4 6012
4 6013
4 6014
4 6015
4 6016
4 6017
4 6018
4 6019
4 6020
4 6021
4 6022
4 6023
4 6024
4 6025
4 6026
4 6027
4 6028
4 6029
4 6030
4 6031
4 6032
4 6033
4 6034
4 6035
4 6036
4 6037
4 6038
4 6039
4 6040
4 6041
4 6042
4 6043
4 6044
4 6045
4 6046
4 6047
4 6048
4 6049
4 6050
4 6051
4 6052
4 6053
4 6054
4 6055
4 6056
4 6057
4 6058
4 6059
4 6060
4 6061
4 6062
4 6063
4 6064
4 6065
4 6066
4 6067
4 6068
4 6069
4 6070
4 6071
4 6072
4 6073
4 6074
4 6075
4 6076
4 6077
4 6078
4 6079
4 6080
4 6081
4 6082
4 6083
4 6084
4 6085
4 6086
4 6087
4 2112
4 6089
4 6090
4 6091
4 6092
4 6093
4 6094
4 6095
4 6096
4 6097
4 6098
4 6099
4 6100
4 6101
4 6102
4 6103
4 6104
4 6105
4 6106
4 6107
4 6108
4 6109
4 6110
4 6111
4 6112
4 6113
4 6114
4 6115
4 6116
4 6117
4 6118
4 6119
4 6120
4 6121
4 6122
4 6123
4 6124
4 6205
4 6126
4 6127
4 6128
4 6129
4 6130
4 6131
4 6132
4 4023
4 6134
4 6135
4 6136
4 6137
4 6138
4 6139
4 6140
4 6141
4 6142
4 6143
5 6
5 7
6 12
6 606
6 16
6 6360
6 19
6 156
6 158
6 32
6 6366
6 189
6 68
6 204
6 333
6 2511
6 6355
6 724
6 6357
6 6358
6 6359
6 344
6 6361
6 6362
6 6363
6 6364
6 6365
6 350
6 111
6 1909
6 246
6 6356
7 12
7 16
7 19
7 24
7 25
7 32
7 44
7 350
7 68
7 75
7 2131
7 111
7 117
7 2168
7 4224
7 143
7 154
7 162
7 163
7 169
7 204
7 6356
7 6360
7 218
7 6367
7 6368
7 6369
7 6370
7 6371
7 6372
7 6373
7 6374
7 6375
7 6376
7 6377
7 6378
7 6379
7 6380
7 6381
7 6382
7 6383
7 6384
7 6385
7 6386
7 6387
7 6388
7 6389
7 6390
7 6391
7 6392
7 249
7 6394
7 6395
7 6396
7 6397
7 6398
7 6399
7 6400
7 6401
7 6402
7 6403
7 6404
7 6405
7 6406
7 6407
7 6408
7 6409
7 6410
7 6411
7 6412
7 6413
7 6414
7 6415
7 6416
7 6417
7 6418
7 6419
7 6420
7 6421
7 6422
7 6423
7 6424
7 6425
7 6426
7 6427
7 6428
7 6429
7 6430
7 6431
7 6432
7 6433
7 6434
7 6435
7 6436
7 6437
7 6438
7 6439
7 6440
7 6441
7 2346
7 6443
7 6444
7 6445
7 6446
7 6447
7 6448
7 6449
7 6450
7 6451
7 6452
7 6453
7 6454
7 6455
7 6456
7 6457
7 6458
7 6459
7 6460
7 6461
7 6462
7 319
7 6464
7 6465
7 6466
7 6467
7 6468
7 6469
7 6470
7 6471
7 6472
7 6473
7 6474
7 6475
7 6476
7 333
7 6478
7 6479
7 336
7 6481
7 6482
7 6483
7 6484
7 6485
7 6486
7 6487
7 6488
7 6489
7 6490
7 6491
7 6492
7 6493
7 6494
7 6495
7 6496
7 6497
7 6498
7 6499
7 6500
7 6501
7 6502
7 6503
7 6504
7 6505
7 6506
7 6507
7 6508
7 6509
7 6510
7 6511
7 6512
7 6513
7 6514
7 6515
7 6516
7 6517
7 6518
7 6519
7 6520
7 6521
7 6522
7 6523
7 6524
7 6525
7 6526
7 6527
7 6528
7 6529
7 6530
7 6531
7 6532
7 6533
7 6534
7 6535
7 6536
7 6537
7 6538
7 6539
7 6540
7 6541
7 6542
7 6543
7 6544
7 6545
7 6546
7 6547
7 6548
7 6549
7 6550
7 6551
7 6552
7 6553
7 6554
7 411
7 6556
7 6557
7 6558
7 6559
7 6560
7 6561
7 6562
7 6555
7 6564
7 6565
7 6566
7 6567
7 6568
7 6569
7 6570
7 6571
7 6572
7 6573
7 6574
7 4527
7 6576
7 6577
7 6578
7 6579
7 6580
7 6581
7 6582
7 6583
7 6584
7 6585
7 6586
7 6587
7 6588
7 6589
7 6590
7 6591
7 6592
7 6593
7 6594
7 6595
7 6596
7 6597
7 6598
7 6599
7 6600
7 6601
7 6602
7 6603
7 6604
7 6605
7 6606
7 6607
7 6608
7 6609
7 6610
7 6611
7 6612
7 6613
7 6614
7 6615
7 6616
7 6617
7 6618
7 6619
7 6620
7 6621
7 6622
7 6623
7 6624
7 6625
7 6626
7 6627
7 6628
7 6629
7 6630
7 6631
7 6632
7 6633
7 6634
7 6635
7 6636
7 6563
7 6638
7 6639
7 6640
7 6641
7 6642
7 6643
7 6644
7 6645
7 6646
7 6647
7 6648
7 6649
7 6650
7 6651
7 6652
7 6653
7 6654
7 6655
7 6656
7 6657
7 6658
7 6659
7 6660
7 6661
7 6662
7 6663
7 6664
7 6665
7 6666
7 6667
7 6668
7 6669
7 6670
7 6671
7 6672
7 6673
7 6674
7 6675
7 6676
7 6677
7 6678
7 6679
7 6680
7 6681
7 6682
7 6575
7 6684
7 541
7 6686
7 6687
7 544
7 4528
7 6690
7 6691
7 6692
7 6693
7 6694
7 6695
7 6696
7 6697
7 6698
7 6699
7 6700
7 6701
7 6702
7 6703
7 6704
7 6705
7 6706
7 6707
7 6708
7 6709
7 6710
7 6711
7 6712
7 4532
7 6714
7 6715
7 6716
7 6717
7 6718
7 6719
7 6720
7 6721
7 6722
7 6723
7 6724
7 6725
7 6726
7 6727
7 6728
7 6729
7 6730
7 6731
7 6732
7 6733
7 6734
7 6735
7 6736
7 6737
7 6738
7 6739
7 6740
7 6741
7 6742
7 6743
7 6744
7 6745
7 6746
7 6747
7 6748
7 6749
7 606
7 6751
7 6752
7 6753
7 6754
7 6755
7 6756
7 6757
7 6758
7 6759
7 6760
7 444
7 6762
7 6763
7 4756
7 4778
7 2737
7 120
7 722
7 2781
7 2790
7 759
7 4983
7 6637
7 924
7 2998
7 5069
7 988
7 5088
7 5161
7 5162
7 1121
7 5282
7 6683
7 6685
7 6688
7 6689
7 3351
7 3357
7 1349
7 6713
7 1394
7 3468
7 1453
7 2436
7 6393
7 6750
7 3690
7 6761
7 1674
7 3830
7 3779
7 2446
7 6442
7 1841
7 6463
7 1917
7 1922
7 3971
7 6477
7 6480
8 9
8 10
8 11
8 12
8 13
8 14
8 15
8 16
8 17
8 18
8 19
8 20
8 21
8 22
8 23
8 24
8 25
8 26
8 27
8 28
8 29
8 30
8 31
8 32
8 33
8 34
8 6764
8 6765
8 6766
8 6767
8 6768
8 6769
8 6770
8 6771
8 6772
8 6773
8 6774
9 1591
10 12
10 16
10 19
10 24
10 156
10 32
10 162
10 776
10 204
10 333
10 6776
10 249
10 344
10 350
10 735
10 2020
10 6775
10 120
10 6777
10 6778
10 6779
10 6780
10 6781
10 6782
11 34
12 1549
12 16
12 2066
12 19
12 23
12 24
12 25
12 28
12 1433
12 1572
12 549
12 2086
12 1576
12 1587
12 1591
12 576
12 68
12 584
12 1097
12 2634
12 1975
12 2457
12 1109
12 87
12 602
12 2147
12 2662
12 259
12 2666
12 907
12 2673
12 2676
12 117
12 2678
12 2681
12 2685
12 638
12 6783
12 6784
12 6785
12 6786
12 6787
12 6788
12 6789
12 6790
12 6791
12 6792
12 6793
12 6794
12 6795
12 652
12 6797
12 6798
12 6799
12 6800
12 2705
12 6802
12 6803
12 6804
12 2709
12 6806
12 6807
12 6808
12 156
12 1694
12 540
12 174
12 1714
12 908
12 1722
12 629
12 705
12 713
12 718
12 1485
12 721
12 725
12 215
12 219
12 2085
12 736
12 738
12 740
12 745
12 1542
12 1771
12 244
12 2686
12 246
12 249
12 1795
12 1799
12 1290
12 785
12 1813
12 1828
12 1829
12 315
12 321
12 2955
12 6796
12 1873
12 1879
12 350
12 1936
12 827
12 1895
12 1392
12 1907
12 1908
12 1428
12 2427
12 1916
12 6805
12 2433
12 2946
12 2947
12 2948
12 2949
12 2950
12 2951
12 2952
12 2953
12 2954
12 1687
12 2956
12 2957
12 2958
12 2959
12 2960
12 2961
12 2962
12 1939
12 2964
12 2965
12 1430
12 2967
12 2968
12 2969
12 1434
12 1947
12 2963
12 928
12 929
12 421
12 1958
12 424
12 1449
12 944
12 1971
12 1865
12 1440
12 1987
12 1997
12 466
12 6801
12 1507
12 2020
12 2031
12 1522
12 2966
12 169
12 1528
12 508
12 1533
13 156
13 660
14 6776
15 713
16 2048
16 19
16 2073
16 28
16 32
16 2083
16 2085
16 2090
16 62
16 68
16 76
16 87
16 102
16 2157
16 111
16 117
16 120
16 2181
16 25
16 154
16 156
16 709
16 162
16 169
16 174
16 175
16 4275
16 713
16 375
16 204
16 215
16 219
16 226
16 721
16 6376
16 722
16 244
16 246
16 249
16 2302
16 384
16 259
16 6405
16 4367
16 728
16 279
16 292
16 300
16 6449
16 6452
16 735
16 321
16 323
16 6469
16 333
16 336
16 337
16 344
16 740
16 350
16 355
16 362
16 745
16 2427
16 6528
16 2433
16 6530
16 2444
16 6541
16 2457
16 411
16 421
16 2801
16 424
16 2476
16 6577
16 436
16 440
16 444
16 6597
16 6608
16 466
16 6618
16 2526
16 2532
16 4600
16 508
16 509
16 2561
16 2565
16 523
16 525
16 527
16 6672
16 6673
16 6674
16 6675
16 6676
16 6677
16 6678
16 6679
16 6680
16 538
16 540
16 541
16 544
16 547
16 549
16 4649
16 2618
16 576
16 580
16 584
16 2634
16 2636
16 2638
16 595
16 606
16 4721
16 629
16 2681
16 638
16 2687
16 6785
16 6787
16 2692
16 6789
16 2696
16 2699
16 2702
16 655
16 2706
16 2709
16 6807
16 6809
16 6810
16 667
16 6812
16 6813
16 6814
16 6815
16 6816
16 6817
16 6818
16 6819
16 6820
16 6821
16 6822
16 6823
16 6824
16 6825
16 6826
16 6827
16 6828
16 6829
16 6830
16 6831
16 6832
16 6833
16 6834
16 6835
16 6836
16 6837
16 6838
16 6839
16 6840
16 6841
16 6842
16 6843
16 6844
16 6845
16 6846
16 6847
16 6848
16 6849
16 6850
16 6851
16 6852
16 6853
16 6854
16 6855
16 6856
16 6857
16 6858
16 6859
16 6860
16 6861
16 6862
16 6863
16 6864
16 6865
16 6866
16 6867
16 724
16 6869
16 726
16 6871
16 6872
16 6873
16 6874
16 6875
16 6876
16 6877
16 6878
16 6879
16 736
16 6881
16 738
16 6883
16 6884
16 6885
16 6886
16 6887
16 6888
16 6889
16 6890
16 6891
16 6892
16 6893
16 6894
16 6895
16 6896
16 6897
16 6898
16 6899
16 6900
16 6901
16 6902
16 6903
16 6904
16 6905
16 6906
16 6907
16 6908
16 6909
16 6910
16 6911
16 6912
16 6913
16 4886
16 810
16 4916
16 831
16 2913
16 879
16 2953
16 2955
16 2956
16 2960
16 2962
16 915
16 2966
16 2967
16 2968
16 928
16 933
16 944
16 3023
16 999
16 5159
16 1064
16 3121
16 179
16 1077
16 1094
16 1095
16 1097
16 4621
16 1109
16 6671
16 1135
16 1167
16 3228
16 3259
16 3286
16 1257
16 1282
16 1290
16 1360
16 3419
16 1378
16 1384
16 1392
16 1394
16 3455
16 5014
16 1428
16 1430
16 1431
16 1433
16 1434
16 1437
16 1438
16 1440
16 1449
16 6868
16 1549
16 1472
16 1479
16 3534
16 2573
16 1501
16 1507
16 1510
16 1511
16 1515
16 1518
16 6870
16 3569
16 1524
16 1526
16 1528
16 1529
16 1533
16 3584
16 1538
16 1542
16 3597
16 3602
16 1563
16 1564
16 1567
16 1570
16 1572
16 1576
16 1577
16 1582
16 2654
16 1607
16 1629
16 1630
16 1652
16 3701
16 1674
16 1675
16 1687
16 3741
16 1694
16 1701
16 3757
16 3758
16 1735
16 1755
16 1771
16 1775
16 1776
16 3825
16 1789
16 3841
16 1794
16 1795
16 1799
16 1805
16 6788
16 1818
16 6880
16 1823
16 1829
16 1836
16 3886
16 1841
16 1851
16 1852
16 1871
16 1873
16 6882
16 6799
16 3933
16 1907
16 1908
16 3964
16 1917
16 1933
16 1936
16 1939
16 1945
16 1947
16 666
16 1950
16 6811
16 1956
16 1959
16 1960
16 1961
16 1973
16 1974
16 1987
16 4037
16 1997
16 2001
16 2013
16 2016
16 2018
16 2029
16 2030
16 2031
16 681
16 2040
16 2046
17 34
18 6914
18 315
19 2048
19 4102
19 2066
19 23
19 24
19 25
19 28
19 2083
19 2090
19 2398
19 2116
19 72
19 76
19 87
19 2064
19 2147
19 102
19 2157
19 111
19 117
19 120
19 4223
19 154
19 156
19 160
19 3782
19 174
19 4274
19 179
19 4279
19 189
19 204
19 215
19 4315
19 6365
19 2085
19 6370
19 2282
19 242
19 244
19 246
19 249
19 254
19 259
19 2308
19 827
19 4367
19 728
19 279
19 292
19 300
19 6448
19 312
19 321
19 2444
19 6475
19 333
19 344
19 350
19 2789
19 369
19 2427
19 384
19 2433
19 2796
19 6540
19 6969
19 2457
19 68
19 411
19 2460
19 421
19 424
19 4523
19 4528
19 438
19 440
19 444
19 2512
19 466
19 2526
19 2532
19 2544
19 4600
19 2553
19 508
19 509
19 4606
19 1109
19 2561
19 4627
19 540
19 541
19 549
19 550
19 4649
19 554
19 4651
19 6711
19 2618
19 573
19 576
19 4673
19 2634
19 2636
19 2638
19 2641
19 2646
19 602
19 606
19 2658
19 2660
19 2662
19 6929
19 4715
19 621
19 4721
19 629
19 2678
19 2681
19 2685
19 638
19 6785
19 2690
19 6787
19 6788
19 6789
19 2696
19 2699
19 2702
19 655
19 2704
19 6803
19 2708
19 2709
19 6807
19 2712
19 4763
19 6938
19 670
19 671
19 4769
19 6822
19 4892
19 6827
19 6830
19 704
19 6944
19 6851
19 6852
19 6854
19 713
19 721
19 6870
19 6872
19 6873
19 735
19 736
19 738
19 740
19 6885
19 6886
19 745
19 2794
19 6892
19 2801
19 6954
19 6915
19 6916
19 6917
19 6918
19 6919
19 6920
19 6921
19 6922
19 6923
19 6924
19 6925
19 6926
19 6927
19 6928
19 785
19 6930
19 6931
19 6932
19 6933
19 6934
19 6935
19 6936
19 6937
19 794
19 6939
19 6940
19 6941
19 6942
19 6943
19 4896
19 6945
19 6946
19 6947
19 6948
19 6949
19 806
19 6951
19 6952
19 6953
19 810
19 6955
19 6956
19 6957
19 6958
19 6959
19 6960
19 6961
19 6962
19 6963
19 4916
19 6965
19 6966
19 6967
19 6968
19 6964
19 6970
19 6971
19 4924
19 829
19 6974
19 6975
19 6976
19 6977
19 6978
19 6979
19 6980
19 6981
19 6982
19 6983
19 2888
19 2889
19 6986
19 6987
19 6988
19 6989
19 846
19 6991
19 6992
19 6993
19 6994
19 6995
19 6996
19 6997
19 6998
19 6999
19 7000
19 7001
19 7002
19 7003
19 7004
19 7005
19 7006
19 7007
19 7008
19 7009
19 7010
19 7011
19 7012
19 7013
19 7014
19 7015
19 7016
19 6972
19 7018
19 7019
19 7020
19 7021
19 7022
19 6973
19 7024
19 7025
19 7026
19 7027
19 7028
19 7029
19 2934
19 887
19 7032
19 7033
19 7034
19 831
19 7036
19 7037
19 7038
19 7039
19 7040
19 7041
19 7042
19 7043
19 2948
19 7045
19 2950
19 7047
19 2952
19 2953
19 2956
19 2957
19 2960
19 2962
19 2963
19 2964
19 5014
19 2967
19 5021
19 928
19 5033
19 2986
19 944
19 6984
19 5045
19 6985
19 3017
19 6990
19 3038
19 5121
19 3094
19 3095
19 5144
19 5159
19 3114
19 5164
19 3129
19 3134
19 1095
19 5192
19 1097
19 1549
19 5205
19 1135
19 1139
19 7017
19 1167
19 7023
19 5308
19 7030
19 7031
19 3962
19 6693
19 7035
19 1257
19 1263
19 5375
19 1282
19 1288
19 1290
19 7044
19 219
19 7046
19 1334
19 5451
19 1360
19 5458
19 1378
19 1384
19 1392
19 3455
19 2966
19 1428
19 1430
19 1433
19 1434
19 1437
19 1438
19 1440
19 1443
19 1449
19 1472
19 1479
19 1481
19 1482
19 1485
19 3534
19 1507
19 1510
19 1511
19 1515
19 1522
19 2302
19 1528
19 1533
19 3584
19 1538
19 1542
19 3596
19 3597
19 6403
19 1564
19 1572
19 1576
19 1577
19 1578
19 3631
19 1607
19 1613
19 1614
19 1627
19 1629
19 3701
19 3713
19 1674
19 1675
19 1680
19 3733
19 1687
19 3737
19 1694
19 1701
19 1705
19 3757
19 3758
19 3759
19 3762
19 3767
19 1722
19 3775
19 3777
19 1734
19 1755
19 3808
19 1763
19 1771
19 3825
19 1789
19 3841
19 1795
19 1799
19 1805
19 1813
19 1818
19 6880
19 1823
19 1829
19 1836
19 3886
19 6792
19 3894
19 1850
19 1852
19 3906
19 3912
19 1865
19 1873
19 6950
19 3924
19 6798
19 1880
19 6799
19 3933
19 4070
19 1905
19 1907
19 1914
19 1916
19 1917
19 1685
19 1923
19 1933
19 1936
19 1937
19 1947
19 1950
19 6811
19 1961
19 1975
19 4028
19 1987
19 4037
19 6817
19 1997
19 2001
19 2002
19 4056
19 2013
19 5456
19 2018
19 2022
19 2024
19 2029
19 4078
19 2031
19 2039
19 2040
19 2046
20 7048
21 928
21 929
22 1907
23 933
23 1739
23 156
24 28
24 32
24 62
24 68
24 72
24 87
24 2168
24 2184
24 143
24 154
24 156
24 163
24 169
24 4270
24 219
24 6366
24 6372
24 6374
24 6375
24 2282
24 235
24 3213
24 6387
24 244
24 249
24 6397
24 6400
24 263
24 6413
24 6414
24 6417
24 6418
24 6419
24 6422
24 4376
24 6425
24 6433
24 6440
24 6447
24 323
24 6468
24 3127
24 6481
24 1081
24 350
24 6499
24 6505
24 6510
24 6520
24 2795
24 6542
24 6547
24 411
24 2464
24 6564
24 6573
24 6579
24 6582
24 3145
24 444
24 6601
24 6606
24 2515
24 6627
24 6628
24 6629
24 2534
24 6633
24 499
24 1109
24 6656
24 6659
24 6660
24 518
24 523
24 6676
24 6677
24 1113
24 541
24 544
24 6697
24 556
24 6702
24 6706
24 6709
24 2618
24 573
24 6718
24 1120
24 584
24 6730
24 588
24 6736
24 595
24 596
24 6747
24 606
24 2673
24 6772
24 629
24 2684
24 2687
24 2702
24 2714
24 2726
24 6829
24 3228
24 3187
24 704
24 2547
24 721
24 6866
24 6874
24 6875
24 3194
24 735
24 744
24 745
24 6891
24 6892
24 6897
24 2809
24 769
24 2828
24 6925
24 1155
24 798
24 3206
24 3224
24 6955
24 3164
24 3209
24 831
24 2887
24 847
24 856
24 882
24 2933
24 7034
24 7049
24 7050
24 7051
24 7052
24 7053
24 7054
24 7055
24 7056
24 7057
24 7058
24 7059
24 7060
24 7061
24 7062
24 7063
24 7064
24 7065
24 7066
24 7067
24 7068
24 7069
24 2974
24 7071
24 7072
24 7073
24 7074
24 7075
24 7076
24 7077
24 7078
24 7079
24 7080
24 7081
24 7082
24 7083
24 7084
24 7085
24 7086
24 7087
24 7088
24 7089
24 7090
24 7091
24 7092
24 7093
24 7094
24 7095
24 7096
24 7097
24 7098
24 7099
24 7100
24 7101
24 7102
24 7103
24 7104
24 7105
24 7106
24 7107
24 7108
24 7109
24 7110
24 7111
24 7112
24 7113
24 7114
24 7115
24 7116
24 7117
24 7118
24 7119
24 7120
24 7121
24 7122
24 7123
24 7124
24 7125
24 7126
24 7127
24 7128
24 7129
24 7130
24 7131
24 7132
24 7133
24 7134
24 7135
24 7136
24 7137
24 7138
24 7139
24 7140
24 7141
24 7142
24 7143
24 7144
24 7145
24 7146
24 7147
24 7148
24 7149
24 7150
24 7151
24 7152
24 7153
24 7154
24 7155
24 7156
24 7157
24 7158
24 7159
24 7160
24 7161
24 7162
24 7163
24 7164
24 7165
24 7166
24 7167
24 7168
24 7169
24 7170
24 7171
24 7172
24 7173
24 7174
24 7175
24 7176
24 7177
24 7178
24 7179
24 7180
24 7181
24 7182
24 7183
24 7184
24 7185
24 7186
24 7187
24 7188
24 7189
24 7190
24 7191
24 7192
24 7193
24 7194
24 7195
24 7196
24 7197
24 7198
24 7199
24 7200
24 7201
24 7202
24 7203
24 7204
24 7205
24 7206
24 7207
24 7208
24 7209
24 7210
24 7211
24 7212
24 7213
24 7214
24 7215
24 7216
24 7217
24 7218
24 7219
24 7220
24 7221
24 7222
24 7223
24 7224
24 7225
24 7226
24 7227
24 7228
24 7229
24 7230
24 7231
24 7232
24 7233
24 7234
24 7235
24 7236
24 7237
24 7238
24 7239
24 7240
24 7241
24 7242
24 7243
24 7244
24 7245
24 7246
24 7247
24 7248
24 7249
24 7250
24 7251
24 7252
24 7253
24 7254
24 7255
24 7256
24 7257
24 7258
24 7259
24 7260
24 7261
24 7262
24 7263
24 7264
24 7265
24 7266
24 7267
24 7268
24 7269
24 7270
24 7271
24 7272
24 7273
24 7274
24 7275
24 7276
24 7277
24 7278
24 7279
24 7280
24 7281
24 7282
24 7283
24 7284
24 7285
24 7286
24 7287
24 3192
24 7289
24 7290
24 7291
24 7292
24 7293
24 7294
24 7295
24 7296
24 7297
24 7298
24 7299
24 7300
24 7301
24 7302
24 7303
24 7304
24 7305
24 7306
24 7307
24 7308
24 7309
24 7310
24 7311
24 7312
24 7313
24 7314
24 7315
24 7316
24 7317
24 7318
24 7319
24 7320
24 7321
24 7322
24 7323
24 7324
24 7325
24 7326
24 7327
24 7328
24 7329
24 7330
24 7331
24 7332
24 3237
24 7334
24 7335
24 7336
24 7337
24 1194
24 3243
24 3244
24 7341
24 7342
24 7343
24 7344
24 7345
24 7346
24 7347
24 3260
24 3263
24 3265
24 7338
24 3304
24 3307
24 1263
24 3315
24 3316
24 7339
24 3319
24 3320
24 3327
24 1293
24 7340
24 3351
24 3385
24 1343
24 3395
24 3398
24 7333
24 5458
24 3418
24 6714
24 1392
24 1394
24 6379
24 5014
24 5512
24 1434
24 1455
24 6728
24 7070
24 6388
24 928
24 6732
24 1529
24 1542
24 1574
24 3631
24 1587
24 1598
24 2998
24 5702
24 3656
24 1629
24 3692
24 1651
24 3700
24 1674
24 5773
24 3741
24 5798
24 925
24 1726
24 1739
24 1769
24 7288
24 3033
24 1826
24 5083
24 988
24 3040
24 3924
24 6798
24 5433
24 1917
24 1922
24 1931
24 3987
24 1008
24 1995
24 2034
24 2043
25 8193
25 8194
25 8195
25 8197
25 8198
25 8201
25 8202
25 8203
25 8205
25 8206
25 8207
25 8209
25 8210
25 8212
25 8213
25 8214
25 8215
25 8216
25 8196
25 8218
25 8219
25 28
25 8221
25 8222
25 8223
25 32
25 8225
25 8226
25 8227
25 8228
25 8229
25 8230
25 8231
25 8232
25 8233
25 8234
25 8199
25 44
25 8237
25 8238
25 8239
25 8240
25 8200
25 8242
25 8243
25 8244
25 8245
25 8246
25 8247
25 8248
25 8249
25 8250
25 8251
25 8252
25 8253
25 62
25 8255
25 8256
25 8257
25 8258
25 8259
25 68
25 8261
25 8262
25 8263
25 8264
25 8204
25 8266
25 8267
25 76
25 8269
25 8270
25 8271
25 8272
25 8273
25 8274
25 8275
25 8276
25 8277
25 8278
25 87
25 8280
25 8281
25 8282
25 8283
25 8284
25 8285
25 8286
25 8287
25 8288
25 97
25 8290
25 8291
25 100
25 8293
25 102
25 8295
25 8296
25 8297
25 8298
25 8299
25 8300
25 8301
25 8302
25 111
25 8304
25 8305
25 8306
25 8211
25 8308
25 117
25 8310
25 8311
25 8312
25 8313
25 8314
25 8315
25 8316
25 8317
25 8318
25 8319
25 8320
25 8321
25 8322
25 8323
25 8324
25 8325
25 8326
25 8327
25 8328
25 8329
25 8330
25 8331
25 8332
25 8333
25 8334
25 8335
25 8336
25 8337
25 8338
25 8339
25 8340
25 8341
25 8342
25 8217
25 8344
25 8345
25 8346
25 8347
25 156
25 8349
25 158
25 8351
25 160
25 8353
25 162
25 163
25 8356
25 8357
25 8358
25 8359
25 8360
25 169
25 8362
25 8363
25 8364
25 8365
25 8366
25 8367
25 8368
25 8369
25 8370
25 179
25 8372
25 8373
25 8374
25 8375
25 184
25 185
25 8378
25 8379
25 8380
25 189
25 8382
25 8383
25 8384
25 8224
25 8386
25 8387
25 8388
25 8389
25 198
25 8391
25 8392
25 8393
25 8394
25 8395
25 204
25 8397
25 8398
25 8399
25 8400
25 8401
25 8402
25 8403
25 8404
25 8405
25 8406
25 8407
25 216
25 8409
25 8410
25 219
25 8412
25 8413
25 8414
25 223
25 8416
25 8417
25 226
25 228
25 244
25 246
25 249
25 252
25 254
25 8235
25 265
25 272
25 273
25 275
25 278
25 8241
25 300
25 322
25 323
25 324
25 328
25 331
25 332
25 333
25 336
25 337
25 339
25 344
25 347
25 350
25 355
25 362
25 364
25 366
25 367
25 369
25 371
25 8254
25 375
25 391
25 8260
25 411
25 421
25 422
25 425
25 434
25 436
25 8265
25 440
25 443
25 8268
25 497
25 501
25 506
25 521
25 523
25 525
25 538
25 540
25 541
25 544
25 573
25 580
25 8289
25 595
25 596
25 8292
25 606
25 610
25 8294
25 8303
25 671
25 679
25 683
25 684
25 8307
25 8309
25 704
25 713
25 722
25 723
25 724
25 725
25 728
25 736
25 738
25 8208
25 745
25 751
25 753
25 760
25 810
25 812
25 816
25 818
25 826
25 842
25 846
25 849
25 861
25 887
25 894
25 8343
25 915
25 923
25 925
25 928
25 8348
25 8350
25 957
25 8352
25 8354
25 977
25 8355
25 984
25 985
25 8361
25 1025
25 1053
25 8371
25 1076
25 1077
25 1087
25 1091
25 8220
25 8376
25 1110
25 8377
25 1125
25 8381
25 1139
25 1153
25 1155
25 8385
25 8390
25 8396
25 1263
25 1282
25 1284
25 1293
25 8408
25 8411
25 1333
25 1335
25 8415
25 1360
25 1365
25 1366
25 1384
25 1422
25 1431
25 1433
25 1437
25 1440
25 1449
25 1450
25 1452
25 1453
25 1466
25 1472
25 1479
25 1482
25 1488
25 1489
25 1507
25 1508
25 1509
25 1524
25 1526
25 1529
25 1538
25 1578
25 1583
25 1587
25 1589
25 1597
25 1608
25 1613
25 1628
25 1629
25 1637
25 1645
25 1652
25 1668
25 1674
25 1675
25 1678
25 1680
25 1685
25 1694
25 1704
25 1714
25 1717
25 1722
25 1734
25 1735
25 1736
25 1738
25 1739
25 1751
25 1755
25 1767
25 1776
25 1778
25 1784
25 1794
25 1795
25 1801
25 1807
25 1817
25 1829
25 1835
25 1836
25 1845
25 1846
25 1848
25 1860
25 1863
25 1869
25 1873
25 1877
25 1880
25 1884
25 1892
25 1898
25 1901
25 1912
25 1918
25 1919
25 1921
25 1931
25 1935
25 1936
25 1939
25 1940
25 1946
25 1947
25 1950
25 1960
25 1961
25 1975
25 1977
25 1979
25 1980
25 1981
25 1989
25 2011
25 2028
25 2032
25 2037
25 2038
25 2046
25 2051
25 2054
25 2058
25 2067
25 2073
25 2075
25 2079
25 2086
25 2096
25 2098
25 2116
25 2118
25 2138
25 2157
25 2172
25 2181
25 2226
25 2282
25 2283
25 2291
25 2302
25 2305
25 2314
25 2328
25 2330
25 2346
25 2352
25 2374
25 2390
25 2421
25 2423
25 2424
25 2439
25 2440
25 2444
25 2446
25 2453
25 2455
25 2457
25 2463
25 2483
25 2511
25 2512
25 2532
25 2537
25 2538
25 2544
25 2553
25 2561
25 2565
25 2575
25 2576
25 2578
25 2611
25 2621
25 2622
25 2630
25 2632
25 2634
25 439
25 2638
25 2646
25 2649
25 2655
25 2658
25 2660
25 2672
25 2678
25 2690
25 2694
25 2699
25 2700
25 2708
25 2709
25 2710
25 2725
25 2762
25 2782
25 2789
25 2791
25 2794
25 2802
25 2827
25 8279
25 2889
25 2919
25 2927
25 2934
25 2943
25 2953
25 2956
25 2964
25 2966
25 2968
25 2971
25 2992
25 3040
25 3055
25 3056
25 3062
25 3064
25 3068
25 3083
25 3084
25 3092
25 3097
25 3111
25 3115
25 3121
25 3137
25 3140
25 3178
25 3204
25 3207
25 3215
25 3238
25 3241
25 3273
25 3277
25 3306
25 3331
25 3353
25 3365
25 3378
25 3397
25 3418
25 3421
25 3446
25 3447
25 3492
25 3518
25 3529
25 3532
25 3538
25 3555
25 3557
25 3569
25 3581
25 3584
25 3586
25 3596
25 3597
25 3602
25 3622
25 3631
25 3681
25 3701
25 3713
25 3723
25 3724
25 3726
25 3740
25 3744
25 3751
25 3757
25 3758
25 3765
25 3768
25 3769
25 3778
25 3782
25 3807
25 3814
25 3825
25 3826
25 3829
25 3841
25 3846
25 3849
25 3850
25 3853
25 3858
25 3862
25 3863
25 3873
25 3886
25 3891
25 3900
25 3902
25 3907
25 3923
25 3930
25 3943
25 3954
25 3962
25 3964
25 3967
25 3970
25 3980
25 4025
25 4056
25 4059
25 4078
25 4102
25 4111
25 4117
25 4151
25 4154
25 4157
25 4168
25 4169
25 4176
25 4186
25 4221
25 4223
25 4229
25 4230
25 4260
25 4275
25 4304
25 4360
25 4367
25 4376
25 4377
25 4400
25 4401
25 4403
25 4485
25 4486
25 4517
25 4520
25 4529
25 4536
25 4543
25 4564
25 4583
25 4627
25 4639
25 4643
25 4673
25 4681
25 4690
25 4695
25 4701
25 4721
25 4725
25 4734
25 4735
25 7619
25 4763
25 4770
25 4830
25 4883
25 4886
25 4908
25 4916
25 4929
25 4950
25 5017
25 5021
25 5034
25 5069
25 5071
25 5079
25 5120
25 5124
25 5125
25 5152
25 5164
25 5166
25 5177
25 5178
25 5206
25 5211
25 5255
25 5259
25 5269
25 5271
25 5272
25 5273
25 5274
25 5275
25 5276
25 5277
25 5278
25 5279
25 5280
25 5281
25 5282
25 5538
25 5623
25 5624
25 5626
25 5649
25 5663
25 5684
25 5691
25 5698
25 5718
25 5740
25 5746
25 5801
25 5816
25 5840
25 5845
25 5847
25 5896
25 5916
25 5990
25 6001
25 6009
25 6044
25 6057
25 6060
25 6073
25 6077
25 6081
25 6115
25 6150
25 6181
25 6228
25 6273
25 6354
25 6378
25 6409
25 6432
25 6433
25 6444
25 6445
25 6458
25 6489
25 7924
25 6623
25 6624
25 6625
25 6788
25 6789
25 6791
25 6807
25 6810
25 6812
25 6817
25 6818
25 6819
25 6820
25 6821
25 6826
25 6850
25 6853
25 6865
25 6871
25 6872
25 6886
25 6887
25 6888
25 6917
25 6919
25 6924
25 6926
25 6928
25 6933
25 6935
25 6937
25 6945
25 6946
25 6949
25 6954
25 6955
25 6956
25 6958
25 6984
25 6989
25 6992
25 6996
25 7005
25 7006
25 7013
25 7014
25 7015
25 7016
25 7017
25 7018
25 7019
25 7020
25 7021
25 7022
25 7063
25 7065
25 7118
25 7348
25 7349
25 7350
25 7351
25 7352
25 7353
25 7354
25 7355
25 7356
25 7357
25 7358
25 7359
25 7360
25 7361
25 7362
25 7363
25 7364
25 7365
25 7366
25 7367
25 7368
25 7369
25 7370
25 7371
25 7372
25 7373
25 7374
25 7375
25 7376
25 7377
25 7378
25 7379
25 7380
25 7381
25 7382
25 7383
25 7384
25 7385
25 7386
25 7387
25 7388
25 7389
25 7390
25 7391
25 7392
25 7393
25 7394
25 7395
25 7396
25 7397
25 7398
25 7399
25 7400
25 7401
25 7402
25 7403
25 7404
25 7405
25 7406
25 7407
25 7408
25 7409
25 7410
25 7411
25 7412
25 7413
25 7414
25 7415
25 7416
25 7417
25 7418
25 7419
25 7420
25 7421
25 7422
25 7423
25 7424
25 7425
25 7426
25 7427
25 7428
25 7429
25 7430
25 7431
25 7432
25 7433
25 7434
25 7435
25 7436
25 7437
25 7438
25 7439
25 7440
25 7441
25 7442
25 7443
25 7444
25 7445
25 7446
25 7447
25 7448
25 7449
25 7450
25 7451
25 7452
25 7453
25 7454
25 7455
25 7456
25 7457
25 7458
25 7459
25 7460
25 7461
25 7462
25 7463
25 7464
25 7465
25 7466
25 7467
25 7468
25 7469
25 7470
25 7471
25 7472
25 7473
25 7474
25 7475
25 7476
25 7477
25 7478
25 7479
25 7480
25 7481
25 7482
25 7483
25 7484
25 7485
25 7486
25 7487
25 7488
25 7489
25 7490
25 7491
25 7492
25 7493
25 7494
25 7495
25 7496
25 7497
25 7498
25 7499
25 7500
25 7501
25 7502
25 7503
25 7504
25 7505
25 7506
25 7507
25 7508
25 7509
25 7510
25 7511
25 7512
25 7513
25 7514
25 7515
25 7516
25 7517
25 7518
25 7519
25 7520
25 7521
25 7522
25 7523
25 7524
25 7525
25 7526
25 7527
25 7528
25 7529
25 7530
25 7531
25 7532
25 7533
25 7534
25 7535
25 7536
25 7537
25 7538
25 7539
25 7540
25 7541
25 7542
25 7543
25 7544
25 7545
25 7546
25 7547
25 7548
25 7549
25 7550
25 7551
25 7552
25 7553
25 7554
25 7555
25 7556
25 7557
25 7558
25 7559
25 7560
25 7561
25 7562
25 7563
25 7564
25 7565
25 7566
25 7567
25 7568
25 7569
25 7570
25 7571
25 7572
25 7573
25 7574
25 7575
25 7576
25 7577
25 7578
25 7579
25 7580
25 7581
25 7582
25 7583
25 7584
25 7585
25 7586
25 7587
25 7588
25 7589
25 7590
25 7591
25 7592
25 7593
25 7594
25 7595
25 7596
25 7597
25 7598
25 7599
25 7600
25 7601
25 7602
25 7603
25 7604
25 7605
25 7606
25 7607
25 7608
25 7609
25 7610
25 7611
25 7612
25 7613
25 7614
25 7615
25 7616
25 7617
25 7618
25 2635
25 7620
25 7621
25 7622
25 7623
25 7624
25 7625
25 7626
25 7627
25 7628
25 7629
25 7630
25 7631
25 7632
25 7633
25 7634
25 7635
25 7636
25 7637
25 7638
25 7639
25 7640
25 7641
25 7642
25 7643
25 7644
25 7645
25 7646
25 7647
25 7648
25 7649
25 7650
25 7651
25 7652
25 7653
25 7654
25 7655
25 7656
25 7657
25 7658
25 7659
25 7660
25 7661
25 7662
25 7663
25 7664
25 7665
25 7666
25 7667
25 7668
25 7669
25 7670
25 7671
25 7672
25 7673
25 7674
25 7675
25 7676
25 7677
25 7678
25 7679
25 7680
25 7681
25 7682
25 7683
25 7684
25 7685
25 7686
25 7687
25 7688
25 7689
25 7690
25 7691
25 7692
25 7693
25 7694
25 7695
25 7696
25 7697
25 7698
25 7699
25 7700
25 7701
25 7702
25 7703
25 7704
25 7705
25 7706
25 7707
25 7708
25 7709
25 7710
25 7711
25 7712
25 7713
25 7714
25 7715
25 7716
25 7717
25 7718
25 7719
25 7720
25 7721
25 7722
25 7723
25 7724
25 7725
25 7726
25 7727
25 7728
25 7729
25 7730
25 7731
25 7732
25 7733
25 7734
25 7735
25 7736
25 7737
25 7738
25 7739
25 7740
25 7741
25 7742
25 7743
25 7744
25 7745
25 7746
25 7747
25 7748
25 7749
25 7750
25 7751
25 7752
25 7753
25 7754
25 7755
25 7756
25 7757
25 7758
25 7759
25 7760
25 7761
25 7762
25 7763
25 7764
25 7765
25 7766
25 7767
25 7768
25 7769
25 7770
25 7771
25 7772
25 7773
25 7774
25 7775
25 7776
25 7777
25 7778
25 7779
25 7780
25 7781
25 7782
25 7783
25 7784
25 7785
25 7786
25 7787
25 7788
25 7789
25 7790
25 7791
25 7792
25 7793
25 7794
25 7795
25 7796
25 7797
25 7798
25 7799
25 7800
25 7801
25 7802
25 7803
25 7804
25 7805
25 7806
25 7807
25 7808
25 7809
25 7810
25 7811
25 7812
25 7813
25 7814
25 7815
25 7816
25 7817
25 7818
25 7819
25 7820
25 7821
25 7822
25 7823
25 7824
25 7825
25 7826
25 7827
25 7828
25 7829
25 7830
25 7831
25 7832
25 7833
25 7834
25 7835
25 7836
25 7837
25 7838
25 7839
25 7840
25 7841
25 7842
25 7843
25 7844
25 7845
25 7846
25 7847
25 7848
25 7849
25 7850
25 7851
25 7852
25 7853
25 7854
25 7855
25 7856
25 7857
25 7858
25 7859
25 7860
25 7861
25 7862
25 7863
25 7864
25 7865
25 7866
25 7867
25 7868
25 7869
25 7870
25 7871
25 7872
25 7873
25 7874
25 7875
25 7876
25 7877
25 7878
25 7879
25 7880
25 7881
25 7882
25 7883
25 7884
25 7885
25 7886
25 7887
25 7888
25 7889
25 7890
25 7891
25 7892
25 7893
25 7894
25 7895
25 7896
25 7897
25 7898
25 7899
25 7900
25 7901
25 7902
25 7903
25 7904
25 7905
25 7906
25 7907
25 7908
25 7909
25 7910
25 7911
25 7912
25 7913
25 7914
25 7915
25 7916
25 7917
25 7918
25 7919
25 7920
25 7921
25 7922
25 7923
25 8236
25 7925
25 7926
25 7927
25 7928
25 7929
25 7930
25 7931
25 7932
25 7933
25 7934
25 7935
25 7936
25 7937
25 7938
25 7939
25 7940
25 7941
25 7942
25 7943
25 7944
25 7945
25 7946
25 7947
25 7948
25 7949
25 7950
25 7951
25 7952
25 7953
25 7954
25 7955
25 7956
25 7957
25 7958
25 7959
25 7960
25 7961
25 7962
25 7963
25 7964
25 7965
25 7966
25 7967
25 7968
25 7969
25 7970
25 7971
25 7972
25 7973
25 7974
25 7975
25 7976
25 7977
25 7978
25 7979
25 7980
25 7981
25 7982
25 7983
25 7984
25 7985
25 7986
25 7987
25 7988
25 7989
25 7990
25 7991
25 7992
25 7993
25 7994
25 7995
25 7996
25 7997
25 7998
25 7999
25 8000
25 8001
25 8002
25 8003
25 8004
25 8005
25 8006
25 8007
25 8008
25 8009
25 8010
25 8011
25 8012
25 8013
25 8014
25 8015
25 8016
25 8017
25 8018
25 8019
25 8020
25 8021
25 8022
25 8023
25 8024
25 8025
25 8026
25 8027
25 8028
25 8029
25 8030
25 8031
25 8032
25 8033
25 8034
25 8035
25 8036
25 8037
25 8038
25 8039
25 8040
25 8041
25 8042
25 8043
25 8044
25 8045
25 8046
25 8047
25 8048
25 8049
25 8050
25 8051
25 8052
25 8053
25 8054
25 8055
25 8056
25 8057
25 8058
25 8059
25 8060
25 8061
25 8062
25 8063
25 8064
25 8065
25 8066
25 8067
25 8068
25 8069
25 8070
25 8071
25 8072
25 8073
25 8074
25 8075
25 8076
25 8077
25 8078
25 8079
25 8080
25 8081
25 8082
25 8083
25 8084
25 8085
25 8086
25 8087
25 8088
25 8089
25 8090
25 8091
25 8092
25 8093
25 8094
25 8095
25 8096
25 8097
25 8098
25 8099
25 8100
25 8101
25 8102
25 8103
25 8104
25 8105
25 8106
25 8107
25 8108
25 8109
25 8110
25 8111
25 8112
25 8113
25 8114
25 8115
25 8116
25 8117
25 8118
25 8119
25 8120
25 8121
25 8122
25 8123
25 8124
25 8125
25 8126
25 8127
25 8128
25 8129
25 8130
25 8131
25 8132
25 8133
25 8134
25 8135
25 8136
25 8137
25 8138
25 8139
25 8140
25 8141
25 8142
25 8143
25 8144
25 8145
25 8146
25 8147
25 8148
25 8149
25 8150
25 8151
25 8152
25 8153
25 8154
25 8155
25 8156
25 8157
25 8158
25 8159
25 8160
25 8161
25 8162
25 8163
25 8164
25 8165
25 8166
25 8167
25 8168
25 8169
25 8170
25 8171
25 8172
25 8173
25 8174
25 8175
25 8176
25 8177
25 8178
25 8179
25 8180
25 8181
25 8182
25 8183
25 8184
25 8185
25 8186
25 8187
25 8188
25 8189
25 8190
25 8191
26 1591
27 2265
28 8418
28 6947
28 8420
28 721
28 1591
28 2957
28 1841
28 62
28 1593
28 4602
28 4635
28 8419
28 606
29 1591
30 1591
31 2265
32 44
32 62
32 68
32 74
32 76
32 81
32 82
32 87
32 89
32 95
32 97
32 100
32 102
32 110
32 111
32 143
32 154
32 155
32 156
32 158
32 161
32 162
32 163
32 165
32 169
32 172
32 175
32 179
32 182
32 184
32 189
32 196
32 215
32 219
32 225
32 226
32 8421
32 8422
32 8423
32 8424
32 8425
32 8426
32 8427
32 236
32 8429
32 8430
32 8431
32 240
32 8433
32 242
32 8435
32 244
32 8437
32 246
32 8439
32 8440
32 8441
32 8442
32 8443
32 8444
32 8445
32 254
32 8447
32 8448
32 8449
32 8450
32 259
32 8452
32 8453
32 8454
32 8455
32 8456
32 8457
32 8458
32 267
32 8460
32 8461
32 270
32 8463
32 8464
32 273
32 274
32 8467
32 8468
32 8469
32 8470
32 8471
32 8472
32 8473
32 8474
32 8475
32 8476
32 8477
32 8478
32 8479
32 8480
32 8481
32 8482
32 8483
32 8484
32 8485
32 294
32 8487
32 8488
32 8489
32 8490
32 8491
32 8492
32 8493
32 8494
32 8495
32 8496
32 8497
32 8498
32 8499
32 8500
32 8501
32 8502
32 8503
32 8504
32 8505
32 8506
32 8507
32 8508
32 8509
32 8510
32 8511
32 8512
32 321
32 8514
32 323
32 8516
32 8517
32 8518
32 8519
32 328
32 8521
32 8522
32 8523
32 8524
32 333
32 8526
32 8527
32 8528
32 8529
32 8530
32 8531
32 8532
32 8533
32 8534
32 8535
32 8536
32 8537
32 8538
32 8539
32 8540
32 8541
32 8542
32 8543
32 8544
32 353
32 8546
32 8547
32 8548
32 8549
32 8550
32 8551
32 8552
32 8553
32 8554
32 8555
32 8556
32 8557
32 8558
32 8559
32 8560
32 8561
32 8562
32 8563
32 8564
32 8565
32 8566
32 8567
32 8568
32 8569
32 8570
32 8571
32 8572
32 8573
32 382
32 8575
32 8576
32 8577
32 8578
32 387
32 8580
32 8581
32 8582
32 8583
32 8584
32 8585
32 8586
32 8587
32 8588
32 8589
32 8590
32 8591
32 8592
32 8593
32 8594
32 403
32 8596
32 8597
32 8598
32 407
32 8600
32 8601
32 410
32 411
32 8604
32 8605
32 8606
32 8607
32 8608
32 417
32 8610
32 8611
32 8612
32 421
32 8614
32 8615
32 8616
32 8617
32 8618
32 427
32 8620
32 429
32 8622
32 8623
32 8624
32 8625
32 8626
32 8627
32 8628
32 8629
32 8630
32 8631
32 440
32 8633
32 8634
32 8635
32 444
32 8637
32 8638
32 8639
32 8640
32 8641
32 8642
32 8643
32 8644
32 8645
32 8646
32 8647
32 8648
32 8649
32 8650
32 459
32 8652
32 461
32 8654
32 463
32 8656
32 8657
32 466
32 8659
32 468
32 8661
32 8662
32 8663
32 8664
32 8665
32 8666
32 8667
32 8668
32 8669
32 8670
32 8671
32 8672
32 8673
32 8674
32 8675
32 8676
32 8677
32 8678
32 8679
32 8680
32 8681
32 8682
32 8683
32 8684
32 8685
32 8686
32 8687
32 8688
32 8689
32 8690
32 8691
32 8692
32 501
32 8694
32 8695
32 8696
32 8697
32 8698
32 8699
32 8700
32 509
32 8702
32 8703
32 8704
32 8705
32 8706
32 515
32 8708
32 8709
32 8710
32 519
32 8712
32 521
32 8714
32 523
32 8716
32 8717
32 8718
32 8719
32 8720
32 8721
32 530
32 8723
32 8724
32 8725
32 2755
