1 7451
2 15895
6 5191
7 14965
14 6481
16 23277
19 13624
20 21144
20 17582
21 7055
22 25497
24 25618
34 20099
34 5654
36 25506
38 5327
39 8538
41 26160
43 8997
51 9929
51 8711
56 16563
56 13774
58 9830
63 8953
63 16108
68 23516
68 13301
69 5906
69 20396
70 12633
72 22493
83 873
87 22896
87 18523
91 21318
93 18939
93 9012
93 23661
94 4562
95 9529
96 14895
99 21243
103 657
103 602
106 13040
110 12009
111 20372
118 11284
118 24821
120 14483
120 12220
127 22592
129 11835
130 15064
142 24804
146 13060
148 1878
149 11594
153 25502
155 2207
160 23992
161 15210
166 22786
167 4179
170 1717
177 10548
179 5493
180 8387
193 24692
194 25643
196 17799
198 12801
198 16967
199 8474
214 15938
214 1469
220 2824
224 7766
227 10503
229 5641
234 9060
236 17511
240 13875
241 21186
242 9218
245 8295
251 22337
252 10167
253 24259
255 9199
256 16193
256 9118
258 21570
259 25893
262 17176
262 14219
265 10945
265 16681
276 22726
281 16516
281 22383
284 10771
285 7013
287 8142
287 13031
288 16025
288 20194
292 7845
293 25492
293 15054
295 10492
295 7471
301 19103
303 17131
307 4812
309 13969
315 3586
319 26400
319 21785
319 25154
322 14458
323 4614
327 4720
327 7886
330 25750
333 4364
334 8428
335 9661
337 7565
339 20154
342 11243
345 17487
348 14502
354 25756
355 21590
355 10222
358 15153
364 23776
366 12757
369 25247
376 10470
383 8485
388 23009
388 18036
390 1017
395 566
399 3811
410 12758
412 12184
413 22299
413 973
415 15721
417 1708
418 19523
420 6395
429 13755
430 3117
435 10421
438 11050
441 19173
448 5091
456 15009
457 25909
457 16703
463 10682
466 17022
469 12992
473 12644
474 17871
476 4505
476 16758
477 11568
477 20274
481 1651
482 19117
482 12439
487 18974
489 21553
491 6097
493 12370
494 12137
494 21203
494 13913
494 6407
495 23509
496 19172
499 19710
500 9260
505 7723
509 19442
513 16025
516 15754
516 7155
517 10996
518 12228
523 1779
527 16671
530 13311
531 16077
535 17443
535 6639
538 12154
538 15223
538 6975
541 25552
542 6466
544 15166
544 8823
547 16264
547 12852
550 10585
550 8637
551 1322
551 12866
551 9909
552 19455
553 24691
554 6212
555 25086
562 23685
562 17111
564 6121
569 20583
570 25341
574 23763
580 25427
580 2719
583 18273
584 22610
584 23723
585 22111
586 11917
589 7147
594 22059
594 14285
595 17198
598 2690
598 19127
601 25057
605 15559
606 2002
608 10704
613 8792
619 17081
623 25010
626 17645
627 26229
628 26459
629 1831
634 1363
635 14352
636 19997
637 15387
638 12658
639 21457
640 4346
640 21702
643 14840
649 21458
649 7123
652 2708
654 8977
654 14198
657 23589
659 11472
660 11465
664 15012
674 23427
678 11960
682 12667
682 3454
689 18515
692 19350
702 12454
703 1945
704 22956
705 18680
706 19976
716 5671
721 20748
721 8324
724 8714
728 16680
732 13933
733 19457
735 24754
737 22386
739 18573
740 6030
752 24044
760 8314
761 24000
762 24088
762 11917
767 13240
767 19460
770 18880
773 13222
775 25042
779 15435
784 5739
786 11399
793 8608
793 24162
795 13391
797 14041
799 11537
801 21252
802 2256
803 16688
803 18307
804 1783
805 6627
806 24152
808 5918
810 24923
813 6297
813 20814
824 8147
825 5816
826 18243
826 18211
827 8217
827 25535
828 15273
828 24251
834 15044
837 4448
842 25490
843 6502
844 23756
845 5456
845 24203
845 14821
846 23268
859 14586
860 15089
860 10460
864 16266
864 18612
870 6007
872 21912
874 13897
876 24273
877 10960
880 17672
886 6459
888 10326
891 14415
893 21355
899 7157
901 10652
901 9404
902 17810
903 17460
908 6299
908 22420
910 21071
914 2307
918 19122
921 14643
923 18668
926 1823
935 2419
942 13826
944 10096
944 23462
945 25292
950 22446
952 1408
963 3857
966 13468
969 13164
971 22645
976 17991
980 12313
981 22561
985 3380
986 3647
987 14092
988 11142
990 12736
994 9613
997 11074
998 17150
1002 8391
1004 3048
1004 8696
1009 13195
1011 15290
1011 17815
1012 5563
1012 10549
1016 1781
1017 22994
1018 23187
1020 16973
1023 3661
1026 16143
1029 22284
1030 9546
1031 12209
1033 11621
1034 15724
1036 13544
1036 25091
1038 3327
1042 17043
1043 2891
1055 23758
1060 14944
1061 20406
1063 20432
1064 17547
1073 16752
1074 9907
1078 3345
1083 21292
1085 21327
1089 19244
1092 5288
1095 11289
1100 13418
1102 5280
1104 3659
1108 25976
1112 21689
1116 15216
1119 13030
1121 3496
1122 9361
1122 24142
1123 24653
1123 7086
1125 20964
1130 12727
1131 7373
1133 6190
1134 25059
1141 7175
1142 21273
1142 5959
1144 24437
1145 17604
1152 16059
1152 22820
1165 6485
1173 13671
1178 26054
1178 14879
1179 4691
1180 4227
1181 22986
1186 14736
1188 20106
1188 25030
1189 7488
1192 9033
1192 4110
1194 25569
1194 24871
1195 5056
1195 1297
1195 2468
1206 21736
1209 11740
1209 6775
1211 21361
1212 20696
1212 5378
1218 4162
1220 2328
1220 11793
1225 20542
1228 11887
1233 12429
1235 25336
1235 19595
1240 7620
1247 16102
1253 12773
1254 26288
1257 9487
1266 3593
1270 20288
1272 21321
1277 21941
1281 6594
1284 5357
1291 23729
1292 6206
1293 10432
1294 3383
1295 2574
1296 14155
1297 5433
1297 7285
1299 8693
1301 14262
1303 4465
1310 9338
1311 13973
1313 7582
1317 21419
1321 8616
1323 13147
1323 12335
1325 11937
1328 7104
1330 11684
1334 17921
1336 10012
1340 3003
1342 24570
1343 6426
1343 9910
1347 8197
1348 3402
1356 7523
1357 4870
1361 15505
1368 2692
1374 4158
1379 6064
1379 5827
1386 21362
1386 26084
1387 20082
1387 25194
1389 9056
1390 23035
1392 14574
1393 7978
1394 20267
1394 5759
1400 20956
1402 13189
1409 20648
1417 1847
1418 16104
1418 12329
1418 2717
1419 16233
1420 6060
1422 13635
1424 17623
1425 6529
1433 19325
1434 10837
1435 12466
1438 3494
1440 10121
1441 21409
1441 10195
1442 18998
1443 18877
1443 21239
1446 11130
1448 21763
1448 2191
1450 20747
1454 25103
1456 5289
1456 7249
1457 20858
1460 4271
1464 23057
1469 4797
1471 16133
1475 10232
1476 16531
1477 18481
1477 19228
1478 20872
1498 15249
1503 22206
1513 26156
1513 21414
1520 16349
1522 14541
1523 13886
1523 21839
1524 13149
1525 23032
1528 17788
1530 8119
1531 9085
1531 21486
1535 14165
1538 21260
1550 9400
1550 16618
1550 20318
1551 10545
1555 25984
1556 4934
1558 12222
1558 16255
1560 7176
1560 8888
1563 2101
1565 5757
1570 7548
1571 10502
1574 11249
1574 23486
1577 14603
1578 7028
1578 10189
1578 5223
1579 15220
1580 14088
1582 12271
1583 26351
1585 8815
1591 7406
1598 9247
1599 19097
1599 10314
1599 18541
1602 21493
1603 13537
1608 7915
1609 3822
1614 3316
1619 23037
1621 21145
1621 5439
1622 13298
1623 16230
1627 7988
1628 4956
1629 9811
1630 6681
1630 6290
1631 14157
1635 24952
1637 1807
1641 11233
1643 1767
1644 3187
1644 20133
1644 17926
1649 13056
1649 2801
1649 3996
1653 8178
1656 10557
1659 1990
1663 8145
1666 17815
1670 12704
1672 15777
1674 2042
1674 23906
1676 4686
1678 2046
1680 11465
1684 8377
1684 19385
1689 7272
1693 15449
1695 21180
1696 3964
1697 24070
1698 20319
1699 25116
1702 15746
1710 24370
1714 1835
1715 15052
1724 10986
1725 2128
1729 16346
1731 20206
1732 19874
1738 3752
1739 23512
1739 24077
1741 8964
1742 10149
1743 13790
1746 23905
1746 25524
1747 13697
1749 26110
1750 7450
1751 23045
1753 16930
1758 13118
1759 2143
1764 5672
1770 12030
1775 10983
1779 23920
1780 14909
1782 1956
1785 6638
1793 16932
1795 5310
1797 15533
1799 10377
1799 19015
1800 24286
1805 13308
1806 4385
1815 17958
1817 23939
1832 9961
1835 25277
1837 16947
1837 19165
1839 10448
1843 23507
1843 2853
1846 24882
1853 11856
1858 22025
1860 10181
1860 20462
1871 20099
1873 16780
1876 20452
1877 10989
1878 11960
1882 23479
1885 5995
1889 8251
1889 8074
1889 2323
1893 14900
1895 17474
1896 18886
1897 5772
1897 14390
1902 21088
1909 8443
1910 3690
1914 12764
1915 8297
1916 4132
1918 4763
1919 3038
1923 16923
1929 22335
1930 8452
1931 19904
1937 20019
1943 3405
1945 10277
1947 16355
1947 11974
1949 16924
1950 26202
1952 20184
1956 18838
1958 5969
1973 7898
1973 22260
1975 11627
1976 4511
1977 14868
1979 15231
1982 10291
1983 8990
1984 14232
1985 5203
1986 2674
1986 10107
1988 7821
1990 22853
1993 10697
1996 14588
1997 26163
1999 19451
1999 10140
2002 4246
2008 20617
2008 21869
2011 3104
2013 7488
2019 22354
2028 8431
2029 21281
2030 2279
2031 7710
2032 13755
2033 5038
2034 12149
2035 25466
2036 14232
2037 7020
2039 4421
2041 20653
2043 16724
2050 26416
2056 6712
2057 21849
2059 7058
2059 9626
2062 14058
2064 19018
2068 22507
2077 2775
2079 21904
2080 2268
2084 16080
2084 13636
2085 4208
2094 5220
2098 15420
2098 8500
2098 9974
2099 22605
2100 14670
2101 21070
2105 14883
2105 18230
2110 25567
2113 22116
2114 3040
2114 16444
2116 15439
2116 6727
2118 6415
2128 3336
2128 14320
2128 21190
2132 21472
2132 21894
2135 23035
2141 13432
2142 23853
2144 18548
2150 15727
2154 4616
2167 7626
2167 8555
2170 11697
2170 16428
2173 23485
2176 6564
2178 21442
2178 16205
2181 12262
2185 23083
2186 15497
2190 24747
2192 26299
2194 5458
2196 11902
2196 6462
2197 6236
2197 5701
2200 12332
2201 23499
2209 10167
2223 22657
2224 15675
2227 9572
2235 20883
2236 9768
2236 26030
2247 8875
2249 6569
2259 11327
2263 21100
2265 10938
2267 8017
2275 5312
2282 10255
2287 8816
2290 6024
2290 11001
2292 10415
2294 4385
2305 23910
2307 4765
2316 14498
2322 5708
2325 23307
2334 16104
2336 17389
2337 4220
2339 9899
2339 20479
2340 2491
2341 11607
2344 10968
2344 2993
2344 2477
2344 19801
2346 15760
2348 21559
2355 5985
2357 21217
2358 4658
2362 26420
2363 4078
2364 23128
2372 2434
2376 10526
2379 15084
2379 12997
2386 21013
2387 14937
2388 11146
2394 5292
2395 13825
2395 4445
2396 7579
2397 10121
2404 13915
2410 22792
2411 11957
2416 6677
2421 7169
2422 22748
2423 19269
2426 11969
2428 17362
2429 22681
2433 19685
2433 4047
2434 14096
2436 18828
2436 15717
2437 2544
2438 16287
2443 13852
2444 25532
2444 22471
2448 17780
2451 12299
2456 2949
2457 11596
2457 12574
2459 18524
2459 17183
2460 9828
2462 10538
2463 12337
2463 11615
2466 8953
2468 9230
2472 19170
2472 10351
2474 19177
2475 12830
2482 10894
2484 21298
2485 16246
2491 12095
2494 24176
2498 2504
2500 9151
2502 26045
2505 5328
2512 21875
2515 18755
2516 10890
2517 12128
2517 4015
2519 7749
2520 24206
2522 23352
2525 16801
2527 5885
2530 5451
2531 12390
2533 21614
2533 26079
2536 25302
2537 18608
2540 18478
2540 22863
2542 12010
2550 4597
2558 13558
2559 3758
2570 23412
2571 17290
2572 17630
2574 25957
2576 25319
2577 7790
2580 4536
2583 18685
2585 14730
2585 3251
2594 8696
2595 17782
2605 13828
2606 22107
2606 11348
2606 15223
2607 25985
2608 13649
2612 26466
2615 21614
2619 3724
2620 16828
2622 21799
2623 7182
2628 18388
2632 7621
2636 9244
2639 6424
2644 17186
2646 23350
2647 5098
2647 10498
2647 12103
2649 15393
2651 4611
2652 21767
2653 9835
2654 15940
2655 21543
2656 17444
2664 13278
2666 19806
2667 3001
2667 10479
2670 9898
2675 2739
2679 19024
2681 11319
2685 5396
2686 18115
2688 22722
2696 18162
2698 2886
2701 7360
2706 19359
2709 17653
2718 22077
2720 18467
2720 25901
2721 22767
2723 12228
2723 24902
2727 10790
2728 16778
2728 19986
2729 13975
2732 9582
2735 11380
2735 8214
2738 11057
2739 5120
2740 5383
2741 18172
2741 9890
2741 10700
2742 15748
2744 6986
2750 16682
2751 8440
2751 16627
2756 8229
2758 19404
2759 13467
2759 11869
2762 18800
2763 10477
2764 16736
2764 10983
2765 20580
2766 12010
2768 3540
2770 15839
2782 16114
2782 13439
2784 18622
2785 10573
2786 25069
2791 4945
2796 9194
2800 9933
2801 17162
2802 14433
2805 22961
2806 23084
2810 6708
2812 6102
2817 5838
2818 5337
2824 7720
2827 19666
2831 8997
2840 14624
2841 25158
2842 20659
2843 20005
2847 25626
2851 13335
2853 11110
2854 18224
2857 17632
2863 9479
2865 24673
2866 14023
2869 8377
2873 3451
2877 7146
2878 23913
2878 5548
2879 18174
2881 20722
2885 22024
2893 21257
2893 7413
2898 24845
2899 22092
2903 20483
2907 13207
2912 7904
2924 19402
2924 8574
2925 14402
2928 23288
2928 25440
2934 23907
2936 8903
2939 6345
2941 6884
2944 9517
2944 25566
2945 15432
2945 10229
2946 3295
2948 3474
2949 15463
2950 11608
2950 15697
2952 25969
2956 6363
2957 22437
2960 11120
2960 9859
2960 13087
2961 23012
2962 8828
2972 14484
2972 5631
2974 24504
2980 17812
2980 10157
2988 9926
2991 24560
2991 21697
2992 15651
2998 9622
3001 20657
3002 25827
3003 26154
3004 12192
3005 18610
3005 14471
3006 8721
3011 7091
3016 21480
3023 24774
3026 17387
3031 18187
3032 15154
3036 23020
3039 22727
3044 10407
3047 8732
3047 17214
3050 5232
3050 7416
3053 19300
3054 24791
3060 20825
3060 15150
3068 10561
3076 14156
3077 6056
3081 17247
3091 7193
3092 5563
3093 18900
3098 12620
3108 24018
3111 23759
3115 15612
3115 4748
3116 15081
3117 4038
3117 8311
3121 14150
3122 18763
3124 15332
3125 14999
3130 20277
3135 14226
3136 25362
3140 22271
3141 5968
3141 11519
3146 22729
3147 17958
3152 5378
3159 17591
3160 18738
3164 8775
3169 5529
3172 7639
3173 7920
3174 10787
3176 16171
3176 23734
3179 17009
3185 25371
3188 10332
3191 14137
3196 22861
3197 24756
3199 16258
3201 5796
3201 4604
3204 11319
3206 20856
3211 25573
3217 24770
3221 15354
3225 14917
3228 16143
3231 11035
3237 7956
3239 4481
3242 8760
3243 18747
3245 22297
3249 7742
3259 11960
3260 12971
3265 3546
3265 11485
3267 3347
3267 11356
3268 16872
3268 14615
3269 11113
3271 3544
3275 15583
3279 12914
3281 22942
3281 7391
3282 7254
3286 25447
3288 25672
3293 16330
3294 5459
3300 7006
3301 8587
3301 10613
3304 26027
3308 13265
3310 25405
3310 25431
3311 19292
3317 7486
3326 9039
3327 20564
3328 14445
3330 14383
3333 6747
3336 10817
3338 23528
3339 6881
3340 25849
3340 6131
3341 24981
3341 4622
3348 17914
3349 25848
3354 26012
3354 17102
3359 11372
3359 7255
3362 21528
3369 21678
3370 14518
3375 9348
3387 17526
3391 14030
3392 11785
3393 24947
3393 21343
3396 14437
3397 17300
3398 18590
3400 5060
3401 13261
3402 16067
3404 4461
3406 16084
3411 13104
3414 24054
3415 18906
3419 20601
3422 6599
3424 15699
3430 6023
3431 17046
3439 13072
3442 21200
3444 12909
3448 19378
3448 17301
3451 13846
3455 22773
3460 5798
3467 7432
3467 3705
3467 5553
3469 12730
3470 17070
3475 13537
3476 26144
3477 12369
3478 15848
3479 9900
3480 16131
3491 8947
3496 11499
3501 21152
3506 25848
3507 9655
3509 8416
3510 16384
3510 18046
3511 5481
3517 11453
3518 19198
3519 22535
3520 4810
3521 14831
3523 18477
3524 17217
3527 11105
3532 20144
3535 4180
3541 9796
3541 4645
3542 21212
3543 23186
3544 17550
3550 5866
3551 10436
3552 13078
3554 15400
3556 15160
3558 8650
3564 16612
3569 4915
3570 20200
3574 8193
3576 12772
3577 10866
3578 24521
3579 12235
3579 20359
3584 19108
3587 13035
3587 10309
3595 11067
3598 6053
3601 18524
3604 9126
3608 16207
3609 25542
3611 10434
3612 9699
3615 16774
3621 14635
3621 25533
3622 8400
3622 19794
3624 11386
3625 22546
3627 11097
3628 18536
3635 19082
3637 12052
3642 8330
3643 17066
3650 13089
3653 23288
3655 8717
3656 18015
3661 13930
3662 14776
3663 12194
3663 25343
3664 15659
3667 23048
3670 9384
3671 9412
3672 14856
3684 13434
3685 12530
3685 26123
3686 21611
3696 4528
3697 14318
3702 8139
3705 25690
3709 5157
3711 25306
3712 14355
3717 26130
3720 19613
3725 24760
3727 21579
3736 8781
3745 11355
3745 4436
3749 17448
3749 9067
3754 12728
3755 20643
3755 12639
3756 18772
3758 7626
3758 13966
3764 6230
3768 12160
3771 21489
3771 19700
3774 9655
3777 4141
3779 15297
3780 6490
3780 9437
3786 25924
3788 25855
3796 10371
3801 14492
3804 7811
3805 9911
3807 6364
3812 21332
3822 4978
3827 18811
3830 9868
3834 23388
3835 16678
3841 13573
3842 8493
3850 17118
3850 5054
3851 15148
3854 4639
3856 24955
3857 20262
3859 21636
3860 16971
3862 4275
3866 5151
3868 25620
3868 5333
3869 18672
3870 13528
3876 18174
3879 15350
3881 26029
3883 20458
3889 4492
3894 4860
3895 15779
3895 24607
3898 12816
3898 20579
3899 13787
3900 7668
3901 21522
3903 23884
3904 4512
3909 10076
3911 5224
3911 16217
3911 18026
3918 14006
3922 21260
3925 23819
3927 4745
3927 17355
3929 25261
3930 20656
3933 7716
3933 9702
3934 8855
3942 5465
3943 18749
3947 15853
3948 9721
3949 23048
3953 14349
3956 22952
3957 10802
3958 16930
3970 21005
3970 19783
3971 17385
3973 16784
3973 23988
3973 11222
3974 7140
3976 17166
3977 4639
3980 25338
3981 11026
3981 24562
3986 22251
3988 4322
3992 10390
3995 10273
3995 4957
3996 11598
3997 20415
3998 17750
3999 16101
4001 7098
4001 10717
4002 5521
4003 22369
4007 9564
4008 19801
4008 23881
4011 21649
4020 23769
4021 4159
4027 6476
4028 12245
4029 24551
4030 26468
4032 25400
4032 16414
4036 24067
4038 24475
4043 7637
4044 7765
4048 13003
4051 10560
4051 18087
4052 19500
4052 10205
4053 26278
4056 15508
4064 15235
4065 23971
4071 24970
4073 15326
4078 18338
4081 5248
4083 9066
4086 24587
4086 13867
4091 24438
4092 6506
4093 17500
4097 17639
4106 11761
4106 4970
4106 15605
4107 15019
4108 10057
4108 18693
4108 16421
4108 7247
4109 19838
4112 14058
4117 10715
4120 14725
4122 14647
4123 6906
4123 5571
4127 19110
4128 26205
4129 4481
4130 19633
4145 11149
4147 21099
4147 18182
4149 4642
4152 4229
4155 14507
4157 11606
4159 4697
4160 22104
4160 9077
4161 11690
4184 16585
4193 10353
4199 17004
4204 22790
4205 20469
4206 16420
4213 19132
4216 14783
4219 6402
4219 17420
4224 12942
4228 20186
4229 8858
4232 25880
4232 8275
4240 10268
4241 21417
4245 15812
4246 5216
4249 19136
4256 11067
4260 4800
4262 16220
4264 17085
4265 18824
4266 5159
4274 5665
4275 10501
4276 24757
4278 16027
4280 24546
4281 10123
4285 18761
4293 21868
4296 18071
4298 17795
4309 7837
4314 10529
4316 21535
4318 16843
4321 8905
4321 21651
4326 18898
4332 16078
4337 13675
4338 22321
4343 15870
4344 10478
4348 24942
4350 11120
4369 9732
4381 6434
4385 24799
4389 11813
4392 20544
4398 22967
4398 10079
4400 22289
4402 20301
4402 21095
4404 17939
4404 22495
4411 17297
4413 19140
4415 16502
4419 20916
4422 6490
4426 16582
4428 21118
4432 21581
4434 8449
4437 13774
4440 25241
4440 20709
4441 16847
4446 5054
4447 23899
4449 14288
4453 20727
4454 22360
4459 18083
4468 24950
4471 15178
4471 14460
4471 15325
4474 20134
4479 18666
4482 13385
4484 4773
4487 17618
4497 4513
4500 19414
4501 20510
4503 8632
4503 15979
4508 10038
4510 19032
4515 19710
4516 8271
4517 11450
4521 6976
4524 5665
4524 16558
4526 17443
4527 13025
4530 5852
4534 16361
4536 25351
4538 25882
4541 10225
4541 18716
4542 15524
4555 14962
4562 15769
4564 23543
4566 12327
4570 6095
4572 17909
4575 11617
4575 18813
4575 17271
4579 16130
4580 25404
4581 5411
4581 18925
4585 25431
4586 9266
4587 14798
4590 18071
4592 17398
4597 21146
4602 19772
4608 13335
4613 10683
4613 22941
4616 15455
4620 13526
4625 6970
4626 24529
4627 26277
4628 9204
4632 11086
4634 24759
4641 18229
4643 9240
4643 26066
4645 14827
4655 6489
4657 7093
4672 17892
4676 17583
4678 19773
4679 4994
4682 14053
4705 13256
4707 13773
4709 21168
4710 11764
4712 15254
4715 5568
4716 16616
4716 11134
4718 25057
4721 13079
4722 13554
4722 5772
4730 9769
4734 7949
4736 20509
4738 15772
4741 9034
4749 17580
4750 24745
4751 11507
4752 26326
4755 19841
4756 20211
4758 19839
4759 22925
4765 10848
4768 5360
4772 12693
4773 22582
4784 20447
4784 17135
4787 10103
4788 10755
4790 20353
4792 17294
4792 6623
4799 9438
4800 23258
4803 13656
4804 26423
4806 9512
4806 4946
4807 7443
4812 14468
4816 13573
4817 13148
4818 18248
4820 18412
4823 10599
4827 7146
4828 6385
4828 20570
4830 25442
4836 21280
4840 17252
4841 11241
4845 6866
4846 12494
4847 16006
4850 9024
4868 15738
4871 18907
4877 25788
4878 16097
4885 16795
4891 22312
4894 15462
4900 21884
4905 13281
4906 18913
4907 6472
4909 21822
4910 13266
4910 22210
4910 12294
4913 18502
4919 13433
4919 9306
4925 13152
4926 21289
4928 22051
4931 17892
4937 7647
4939 22339
4941 5141
4942 9360
4943 8169
4947 18255
4950 5614
4951 21598
4952 22422
4955 5023
4962 9313
4962 12907
4962 21999
4966 9287
4967 8345
4970 19991
4972 14518
4976 12803
4979 10678
4981 17436
4982 24031
4984 6692
4986 20853
4990 23408
4990 6333
4993 16528
4994 15067
4998 24074
4999 5150
5004 7571
5010 6346
5011 15909
5012 7010
5017 17549
5021 13842
5021 11661
5023 7314
5025 17268
5028 11967
5030 24326
5035 13804
5036 5504
5037 14646
5038 22398
5044 25335
5046 20541
5057 13965
5065 18799
5071 7236
5072 10568
5073 15270
5076 5315
5076 18357
5079 12655
5083 17212
5088 5512
5089 17915
5089 22341
5097 10819
5097 21431
5098 24816
5102 12819
5105 6663
5107 9415
5116 17573
5117 15881
5118 14003
5119 8317
5122 10638
5123 23452
5123 23084
5125 24164
5128 24567
5131 7623
5135 19481
5137 16452
5138 23552
5138 7420
5141 20926
5143 24655
5147 11283
5149 18593
5155 8732
5156 7057
5158 10149
5160 13959
5162 9692
5162 8902
5172 6332
5173 23988
5175 12654
5181 11858
5183 21022
5184 14800
5186 18975
5188 20723
5190 21457
5192 25124
5194 6448
5194 18205
5198 19244
5200 10402
5201 9936
5204 12573
5206 6302
5206 13719
5208 10484
5212 8771
5214 8014
5216 18178
5216 19340
5218 14742
5219 15467
5225 23796
5228 25414
5239 13043
5241 22441
5243 14511
5245 18786
5249 8688
5251 13419
5253 24204
5254 11668
5259 26421
5277 6404
5290 24912
5291 10420
5292 24462
5294 22472
5296 20500
5302 11285
5304 25833
5305 17890
5309 25501
5313 25321
5314 25825
5316 24061
5318 14356
5322 18818
5325 17925
5326 15355
5336 25503
5338 22545
5343 24156
5346 7342
5347 22022
5356 9087
5361 11254
5364 17235
5366 21706
5370 13436
5370 16174
5373 24059
5381 13832
5389 11496
5391 8204
5400 17096
5400 25073
5403 22206
5405 10408
5406 25382
5411 26258
5419 17764
5425 24600
5428 21996
5430 23025
5433 8920
5439 18116
5447 8305
5448 15203
5462 21863
5465 22434
5473 10866
5474 20005
5478 6372
5481 12160
5483 13451
5488 22189
5489 11584
5489 21421
5493 23188
5499 8242
5500 6404
5512 11079
5516 17932
5516 5887
5524 19598
5528 17020
5529 10601
5535 6323
5539 10205
5539 13351
5541 6221
5555 10463
5558 5947
5564 19261
5567 12825
5569 13085
5574 22884
5575 26135
5575 24103
5578 14171
5579 7167
5582 26038
5586 22630
5592 20341
5595 9760
5601 17401
5601 17420
5604 6944
5613 18654
5615 19925
5616 6181
5622 24484
5624 24803
5626 21347
5630 11383
5635 17180
5642 7006
5647 8108
5647 16751
5659 22750
5660 17538
5675 11588
5675 12533
5675 21391
5677 17781
5679 18684
5682 20272
5685 13831
5686 23297
5691 9040
5691 7235
5699 8321
5699 8541
5702 9941
5702 19550
5704 19437
5712 25795
5717 8778
5719 23050
5723 19842
5723 14029
5729 12003
5731 10718
5734 16445
5741 20898
5744 10698
5751 19460
5756 23073
5761 23678
5770 16861
5774 20182
5788 25492
5793 21041
5794 19151
5795 17198
5797 25135
5800 13128
5800 7021
5803 8891
5806 12786
5809 7006
5810 23821
5816 11211
5823 23599
5826 24167
5830 19112
5833 9773
5836 18319
5838 24506
5847 24138
5849 19625
5853 22637
5860 6046
5860 15415
5869 25302
5871 6796
5880 15063
5884 8097
5888 23691
5892 10033
5894 9499
5896 8096
5900 19488
5904 20065
5906 13843
5909 23877
5911 18627
5911 12135
5917 26072
5917 16463
5921 6057
5921 25638
5928 6010
5929 21130
5929 22123
5939 22289
5939 9883
5939 14911
5940 15563
5941 13485
5943 24525
5945 9214
5949 8710
5954 9316
5956 10410
5962 13695
5966 15826
5967 20499
5967 7717
5970 16665
5970 6988
5973 12210
5977 26432
5979 14047
5980 24104
5988 9635
5997 12057
6000 24126
6005 23844
6011 8975
6014 6154
6015 12275
6016 14267
6023 14130
6030 10480
6030 15080
6034 19470
6035 18155
6040 6649
6041 11216
6047 14687
6048 6512
6048 12945
6048 16947
6051 10144
6051 16237
6055 10429
6056 9055
6059 23713
6059 20078
6063 21524
6066 11218
6070 17807
6077 6233
6078 16049
6085 12550
6086 19727
6088 18268
6093 26328
6095 20565
6105 16414
6106 17896
6107 6161
6108 21548
6109 17547
6114 6283
6118 18248
6118 23736
6120 7451
6121 26140
6127 7188
6129 14755
6129 21717
6130 22348
6136 11686
6138 19903
6147 18949
6150 15215
6152 11938
6154 18457
6160 23148
6162 12055
6164 11124
6171 12143
6172 22110
6173 20068
6174 16499
6175 12930
6177 20789
6195 11358
6207 14595
6209 21041
6212 11984
6216 26160
6216 13235
6218 11636
6221 19290
6226 12665
6227 15473
6229 9768
6237 23369
6257 23578
6258 6429
6258 20053
6259 24786
6260 11480
6269 21307
6274 10256
6274 16403
6274 10188
6279 15493
6280 20447
6298 26067
6299 19429
6301 22310
6302 11692
6303 25981
6306 9203
6309 16084
6311 23863
6312 10825
6316 18341
6319 17562
6321 8460
6322 16161
6325 26370
6326 17302
6331 16596
6332 22218
6336 22617
6337 10836
6338 19744
6342 7295
6345 15101
6350 18046
6353 7074
6356 16090
6360 16240
6360 21112
6363 20017
6365 18523
6368 14978
6374 25198
6380 15945
6380 7578
6380 7799
6389 23505
6394 20530
6406 15525
6413 7848
6414 23304
6415 13050
6420 21179
6423 7939
6423 23948
6428 24841
6428 13034
6430 20368
6431 19940
6432 7122
6438 6779
6441 16028
6447 9188
6452 23902
6458 22276
6463 7639
6470 25103
6473 7743
6476 25539
6482 16336
6484 17774
6494 17294
6505 10747
6505 7693
6508 17980
6511 22131
6516 9474
6518 21689
6518 11282
6518 6532
6529 13500
6533 21813
6534 23190
6539 7122
6540 11875
6543 8281
6549 16718
6553 18217
6554 12620
6574 11334
6575 22537
6582 14916
6585 24542
6590 11557
6592 25835
6600 7783
6602 25284
6605 17736
6611 10506
6614 15436
6615 7899
6615 9741
6616 14438
6621 14888
6626 22910
6628 7124
6628 23919
6630 23558
6631 18664
6634 13540
6637 10300
6640 18585
6645 20245
6646 15712
6647 11751
6648 19690
6650 7492
6651 20208
6658 11235
6660 25635
6660 11134
6661 21122
6666 10638
6667 20911
6668 15316
6679 14960
6680 13122
6681 17042
6685 19372
6687 24301
6689 17412
6692 17747
6693 25594
6696 8861
6702 22938
6704 19417
6707 10921
6707 15701
6710 26051
6718 16284
6722 26269
6723 10480
6725 13555
6726 19059
6733 6914
6736 19301
6741 20984
6741 18871
6744 16955
6750 21519
6752 19354
6754 16677
6770 9708
6771 11347
6776 14338
6785 22708
6786 19107
6787 17810
6787 24286
6789 7863
6790 20334
6791 25979
6797 16448
6797 17326
6798 18537
6811 18110
6820 20196
6823 12740
6823 18446
6829 16513
6842 21978
6843 16375
6845 7260
6847 14730
6847 13052
6852 24920
6854 9787
6857 16212
6861 20893
6867 11267
6870 25143
6871 10115
6875 13929
6884 21009
6891 15722
6892 20810
6894 25544
6899 25356
6902 21892
6902 9141
6902 20999
6903 7877
6904 8739
6908 12058
6914 10158
6915 20637
6922 17147
6930 23266
6931 15468
6936 16406
6941 13578
6945 12309
6958 20266
6963 20422
6964 18490
6966 19689
6966 7683
6967 15739
6973 16313
6973 13198
6977 22984
6979 21726
6994 7624
6999 21909
7002 8858
7002 16845
7006 10153
7011 17272
7017 11871
7027 14775
7029 23655
7031 21257
7035 13593
7040 7207
7045 9459
7047 19865
7055 24557
7056 12356
7057 22745
7058 14829
7062 12463
7070 23286
7071 20918
7075 20786
7083 11360
7083 22221
7088 25001
7088 8517
7094 16688
7094 11995
7100 9505
7109 26324
7113 9743
7120 19758
7144 12466
7146 23294
7147 10557
7149 22974
7151 8369
7156 10733
7156 18533
7158 21013
7158 18262
7162 21827
7164 19336
7168 15209
7168 14158
7169 12317
7171 22218
7174 12862
7175 9012
7177 8370
7178 20592
7182 15678
7187 14707
7189 25723
7190 22439
7194 21952
7197 7198
7199 25354
7201 25301
7202 24099
7206 9578
7206 19962
7209 18353
7211 26133
7211 23871
7213 13037
7218 12499
7218 23461
7220 19992
7221 23875
7230 22148
7237 12379
7238 8952
7239 14683
7249 18315
7250 19674
7252 11491
7256 12674
7259 17457
7265 10532
7268 13995
7277 9456
7283 24579
7284 24535
7286 17030
7288 17400
7288 19515
7290 18121
7294 20253
7299 15064
7301 26224
7306 16335
7314 15735
7314 11910
7315 8838
7316 18400
7319 16318
7323 25051
7323 16862
7330 25355
7331 15661
7335 14482
7340 23805
7344 16022
7345 19117
7345 13279
7349 9570
7349 26414
7351 25905
7352 20450
7358 11959
7361 13197
7367 18603
7369 17511
7373 11280
7383 20157
7385 24891
7386 24596
7395 18227
7396 12250
7400 13827
7401 9330
7401 23007
7402 24775
7404 19125
7407 10631
7410 22330
7410 9773
7411 23861
7415 21235
7417 21429
7417 24695
7428 12754
7428 12149
7434 14837
7438 24515
7442 11399
7445 19907
7448 10868
7460 23972
7464 21899
7465 10676
7466 23999
7468 21071
7470 24992
7471 13812
7478 24789
7480 8656
7480 15880
7484 9056
7489 11911
7494 24736
7495 18808
7498 24314
7502 19482
7511 10182
7514 25776
7517 15225
7518 15671
7522 8402
7529 17429
7531 21725
7532 12710
7542 19660
7547 8892
7549 14627
7554 15838
7555 18569
7556 25684
7556 22373
7556 13486
7557 18754
7559 25268
7560 19494
7563 17541
7565 12312
7570 24047
7574 14457
7576 18173
7579 24085
7579 10470
7580 21017
7581 10838
7583 26281
7586 16062
7587 10515
7592 14136
7599 15488
7601 12891
7604 16051
7608 26264
7614 16071
7615 20208
7632 9520
7638 8361
7638 8035
7639 16441
7639 22436
7645 17920
7649 25746
7654 24612
7657 13276
7658 12203
7658 23877
7659 9281
7659 18037
7659 23599
7667 23155
7672 10962
7683 23672
7685 11253
7686 9128
7686 9220
7688 23328
7688 20887
7690 15542
7698 17967
7706 25280
7709 15104
7712 16115
7716 24740
7719 14828
7722 13112
7723 19677
7733 14861
7745 15792
7748 19223
7749 17205
7759 17392
7763 24810
7767 14941
7769 16642
7772 20689
7777 22175
7778 20067
7780 17713
7785 8440
7785 25302
7786 16107
7786 18596
7790 9687
7793 15903
7795 14942
7799 24947
7804 8796
7807 13004
7812 24581
7817 12381
7818 8808
7823 21015
7824 18830
7826 20231
7831 14642
7839 20639
7846 17475
7847 24268
7848 20859
7850 16623
7851 25318
7853 15286
7854 21099
7855 21049
7859 11743
7865 13606
7867 26031
7873 19122
7880 9886
7883 10948
7884 16867
7884 22775
7886 15628
7887 10404
7892 21288
7892 25694
7895 17785
7899 10473
7900 8603
7905 8177
7906 17678
7907 13899
7915 16599
7925 9728
7925 9903
7931 23077
7940 14123
7949 24094
7951 11161
7953 17119
7962 25527
7964 8226
7970 13392
7970 17390
7971 8252
7978 16320
7980 11964
7986 24449
7990 9790
7991 19088
7999 18515
8008 19011
8012 12092
8016 17168
8017 24124
8021 12518
8022 11113
8025 10406
8030 8459
8030 12862
8030 8607
8035 9274
8045 23587
8046 22433
8048 8398
8050 15858
8051 8974
8054 20378
8061 19513
8064 9689
8064 19126
8066 17816
8066 17305
8073 20109
8076 14817
8078 11661
8080 12230
8080 17031
8096 16788
8098 21361
8100 14361
8104 10251
8105 14010
8105 19966
8105 25775
8106 17653
8110 22215
8119 9098
8122 25258
8124 11558
8127 10496
8129 12171
8132 18314
8135 20739
8139 10846
8146 13050
8150 18918
8152 10173
8158 21666
8162 23902
8170 16622
8175 10307
8176 20191
8177 11488
8182 25722
8189 14341
8194 14273
8195 8596
8199 12388
8199 21775
8200 16486
8213 9301
8215 12236
8230 21836
8235 8288
8235 20994
8236 23105
8246 8666
8247 8438
8247 20743
8256 12464
8267 19101
8268 9399
8269 23052
8270 18859
8278 17017
8283 14842
8289 16225
8294 19325
8311 26192
8314 22179
8316 22267
8316 22415
8317 12176
8327 18580
8328 10604
8331 11730
8331 12611
8331 15859
8335 20414
8336 14067
8339 16359
8349 14908
8355 22348
8356 22926
8360 9153
8361 9348
8367 24603
8367 20838
8371 22533
8373 26349
8377 17528
8377 22346
8383 22484
8393 15070
8396 17115
8398 17466
8413 21318
8419 11031
8420 12021
8432 23042
8435 19864
8436 10102
8440 17747
8441 22481
8444 18305
8445 19752
8454 14680
8463 17097
8463 17942
8464 20154
8465 21117
8470 19101
8471 11185
8471 21955
8475 25839
8478 13529
8478 18005
8481 15811
8482 9338
8483 18859
8484 23679
8491 22232
8493 16283
8496 24263
8498 13159
8499 22434
8501 23336
8501 22725
8502 13582
8503 15364
8505 23239
8514 14374
8519 23151
8521 10758
8522 10999
8527 20497
8527 20898
8527 19563
8534 24141
8536 19459
8537 24042
8539 13514
8539 12028
8543 23624
8544 16222
8545 18554
8546 23491
8549 22892
8551 16740
8552 23493
8555 22385
8555 12682
8563 14159
8564 26443
8568 18425
8569 18873
8569 23534
8570 26028
8570 20525
8570 8766
8570 24663
8577 9896
8578 10788
8579 20726
8584 19914
8584 18692
8585 23193
8585 13318
8586 22608
8589 16505
8590 25147
8599 24109
8608 21087
8614 16819
8615 17616
8615 26395
8626 10389
8626 11206
8627 13046
8641 12268
8647 19380
8649 13869
8652 22574
8652 17014
8655 19335
8656 15201
8657 14203
8667 11593
8669 12114
8679 14295
8684 22554
8685 23003
8686 20828
8687 24970
8691 16926
8693 12081
8703 10614
8707 15878
8708 18325
8711 11924
8729 14162
8729 24012
8731 17228
8736 22618
8738 21590
8740 23471
8743 14154
8745 21315
8755 23812
8763 23377
8763 25159
8764 12926
8765 13690
8777 23952
8782 25796
8786 24927
8797 9874
8800 24639
8805 22770
8814 24574
8827 20103
8829 11625
8833 17927
8840 10500
8843 16913
8843 26457
8848 17508
8849 21918
8850 10157
8854 19249
8856 12816
8858 18924
8860 12291
8862 23467
8867 22611
8867 24759
8879 17120
8886 15527
8888 13432
8889 10527
8897 21870
8909 26020
8911 17529
8911 10748
8919 23576
8925 16929
8925 16423
8932 17657
8933 21829
8939 9419
8954 16144
8959 11243
8960 9155
8966 10796
8971 22678
8979 13067
8982 24522
8988 23017
8993 17423
8994 9232
8994 17812
8998 19855
9000 12136
9013 15298
9014 13389
9015 12413
9021 11786
9024 17744
9026 12987
9026 23366
9029 18397
9030 14449
9031 24798
9035 10788
9036 24333
9038 22031
9039 12561
9039 22468
9040 17332
9046 13229
9053 22585
9053 19494
9054 13660
9055 16172
9059 20756
9060 15288
9060 22986
9061 16273
9073 11664
9078 19934
9087 9618
9090 10477
9091 17539
9092 13689
9093 21562
9095 17506
9103 13065
9104 25229
9105 19013
9106 22581
9109 23491
9124 22813
9125 10053
9127 9288
9131 21168
9131 13431
9145 17944
9152 22682
9152 16572
9166 21885
9167 10530
9169 16579
9169 26309
9173 18445
9177 12989
9180 17450
9180 17477
9184 17674
9190 17604
9192 12179
9195 15754
9204 20120
9206 9564
9212 21427
9216 18146
9217 16471
9218 17752
9221 9710
9223 23908
9225 10753
9225 14979
9230 23505
9231 15418
9239 18772
9246 18919
9247 10948
9249 20196
9249 26374
9256 12137
9256 9307
9264 17113
9265 12847
9272 20907
9279 18004
9280 12715
9284 25907
9292 22515
9299 24454
9300 9922
9307 9694
9313 10635
9315 19471
9316 25973
9320 13698
9321 17501
9331 25347
9331 25692
9336 12144
9341 16761
9347 9778
9356 10865
9365 22824
9367 21373
9368 18938
9373 26014
9374 11050
9375 22067
9376 12068
9380 19462
9383 15726
9386 17573
9390 18289
9394 23693
9398 25400
9400 16890
9405 18795
9406 10675
9410 9570
9413 24290
9414 23366
9416 14490
9418 16086
9427 26073
9428 22276
9431 22745
9437 17131
9445 14201
9445 12998
9449 25992
9449 9975
9450 18322
9452 18684
9454 23854
9460 10152
9463 23968
9468 15398
9468 17999
9478 14516
9479 17932
9483 13257
9485 18570
9488 11077
9493 11033
9494 18899
9494 13191
9498 18178
9504 19150
9506 23808
9509 16745
9510 21828
9511 19255
9512 13657
9512 11902
9514 16494
9516 19208
9522 15221
9525 16632
9525 20296
9540 12827
9545 20222
9545 16326
9546 14248
9548 15480
9551 18003
9553 23821
9558 17384
9560 9996
9565 17592
9565 26214
9568 10018
9573 11555
9575 14953
9575 18342
9585 11783
9586 13712
9591 16289
9591 10748
9596 17620
9600 11799
9604 18009
9606 13778
9607 23780
9623 20187
9625 14641
9626 17536
9626 22520
9629 22418
9630 23214
9630 16246
9634 15276
9640 17468
9642 10399
9645 16345
9647 18531
9649 12906
9669 16545
9670 24687
9674 23166
9675 16956
9683 25787
9683 19652
9684 21000
9691 23374
9700 12275
9706 23755
9714 14461
9715 9727
9722 18373
9727 18164
9732 16350
9734 22131
9734 23716
9735 20175
9739 26233
9739 11839
9740 11470
9745 18669
9747 12899
9749 21415
9753 21726
9760 11922
9763 14604
9784 10758
9787 10912
9788 18516
9805 17876
9807 20917
9807 17710
9808 20531
9813 13727
9819 13638
9832 10272
9836 16566
9837 18762
9847 23118
9848 11791
9849 10688
9852 18989
9852 11918
9853 23408
9861 13785
9861 15180
9865 18219
9869 21815
9883 18312
9884 24107
9888 19744
9892 12178
9897 12634
9903 12609
9903 13884
9904 18760
9905 15179
9907 18180
9918 17304
9918 17648
9921 25296
9921 25517
9927 12981
9930 21658
9938 21576
9938 10694
9939 13317
9941 16050
9942 14815
9952 24196
9952 15773
9953 21022
9954 15573
9956 22391
9958 10442
9961 10436
9965 18954
9973 22053
9974 24927
9977 23862
9978 22349
9981 25610
10002 16048
10002 22153
10012 12704
10012 25556
10021 21645
10025 17887
10029 13428
10029 21789
10035 16032
10037 21677
10040 26067
10044 20259
10054 12592
10054 13934
10055 24172
10062 17935
10071 17139
10072 10732
10086 12125
10087 14894
10088 11663
10089 11762
10090 12265
10094 20926
10095 22719
10120 23352
10122 19836
10122 17845
10134 11590
10136 22053
10139 10572
10140 13849
10146 12405
10157 15794
10158 25585
10162 22810
10167 26174
10169 19421
10169 14958
10170 22412
10176 24410
10176 11047
10181 10347
10189 21466
10189 23814
10201 13593
10209 18697
10212 11551
10213 22497
10213 24484
10216 17339
10216 21271
10219 19380
10221 10869
10223 26178
10223 20982
10227 26250
10230 16023
10241 12721
10252 13940
10254 10953
10261 11716
10261 19839
10267 22864
10269 18833
10269 24051
10270 24653
10272 12457
10306 17795
10308 15257
10308 20966
10310 19495
10317 14874
10323 18818
10330 16010
10331 24383
10333 25659
10333 17885
10354 23741
10359 25746
10369 21317
10370 13262
10372 24498
10379 16405
10384 14329
10386 13278
10388 24912
10392 14792
10393 21052
10395 23901
10399 17208
10409 15019
10410 12005
10418 18571
10422 18582
10431 24418
10431 20566
10432 14174
10443 20518
10444 19483
10444 13500
10469 16755
10471 18592
10471 22146
10472 24387
10472 11788
10476 11022
10487 22329
10498 19523
10499 23901
10501 15947
10501 25719
10505 25161
10506 25337
10515 25382
10517 25357
10520 12840
10521 16255
10522 16776
10526 20663
10531 26307
10538 25452
10545 20895
10546 23464
10548 12421
10550 25442
10553 20052
10556 21765
10577 13654
10580 17623
10585 18657
10586 17035
10589 24345
10589 19747
10604 12511
10609 26017
10617 18565
10618 19121
10619 12674
10620 18287
10630 16612
10630 14053
10631 15158
10638 23000
10650 10767
10656 11967
10658 20951
10661 19304
10661 14868
10665 24928
10668 21661
10668 19807
10672 14162
10677 17041
10684 24176
10685 14599
10686 13297
10686 15980
10687 21514
10688 13876
10689 23384
10702 26327
10702 14599
10704 16953
10709 11345
10714 21289
10719 17152
10721 23502
10725 26058
10735 12691
10739 12800
10749 11102
10750 21823
10751 20996
10754 23160
10754 10926
10759 10988
10764 21536
10764 18967
10768 12991
10771 14057
10771 18410
10772 11081
10780 13240
10788 23868
10791 12917
10794 15430
10800 19858
10802 21690
10803 12438
10808 19036
10811 24844
10813 12757
10818 19520
10822 16936
10827 15554
10828 16078
10829 12797
10831 23169
10834 13460
10837 22101
10839 21368
10846 17761
10849 17389
10849 24397
10853 25890
10853 19454
10860 26025
10860 24659
10861 11724
10870 15562
10881 23085
10882 13757
10892 18360
10892 18990
10893 12194
10895 23067
10896 21732
10896 12301
10905 23508
10911 22308
10912 15563
10912 19683
10915 19719
10916 18450
10918 11230
10920 13789
10923 16868
10929 18099
10932 13162
10933 25861
10942 14399
10945 16582
10952 19010
10955 21630
10959 14174
10962 17311
10968 18025
10973 13635
10974 21450
10975 16870
10979 21973
10982 22035
10985 22320
10985 23766
11016 11575
11021 15550
11026 21474
11027 21191
11029 19155
11030 11330
11038 20340
11039 11152
11043 17942
11045 19709
11045 16503
11048 13177
11049 20907
11053 18170
11057 22503
11063 11878
11064 21840
11064 16468
11073 18818
11074 12013
11081 11758
11084 14530
11093 14409
11098 24908
11100 13238
11108 23559
11112 20093
11115 15122
11121 19445
11130 17953
11130 17226
11137 23488
11142 24408
11154 20577
11154 12820
11160 26020
11169 23677
11178 16413
11182 11643
11184 19451
11184 21383
11186 20834
11190 18664
11195 21038
11204 16291
11204 25412
11208 24794
11210 12533
11215 22692
11218 23439
11221 20632
11222 24335
11230 16178
11235 13414
11236 19868
11242 22373
11257 12332
11260 24234
11261 17153
11268 20143
11270 12740
11270 24925
11274 24510
11277 24284
11295 16210
11296 18817
11303 17987
11303 18022
11304 12553
11307 16504
11315 17342
11317 11356
11320 15820
11325 23793
11330 22210
11332 13495
11333 21984
11338 25262
11341 19623
11348 24898
11349 22367
11363 23678
11366 12627
11366 18357
11374 20521
11381 15476
11382 12831
11384 14889
11390 15208
11393 20857
11398 22200
11404 23155
11406 19886
11411 23544
11424 25768
11425 25063
11430 12496
11438 20863
11441 15326
11442 22277
11451 17647
11456 14566
11460 26019
11464 19756
11464 15614
11484 18031
11502 25362
11512 15630
11520 17307
11539 25912
11541 13566
11542 26244
11546 18292
11553 14541
11557 16601
11558 23237
11559 24272
11562 26200
11569 23803
11570 25905
11571 14565
11572 19540
11576 12209
11580 17119
11582 20293
11591 16104
11603 18773
11608 15953
11617 25561
11617 23574
11620 24420
11623 22629
11624 15114
11631 19470
11637 20407
11656 25956
11661 15451
11668 26473
11670 24655
11675 21534
11683 24268
11683 24869
11687 16136
11694 14148
11695 18704
11706 20879
11716 15175
11728 22154
11739 19525
11740 23190
11742 23539
11749 18313
11766 18346
11770 18303
11778 12889
11789 17736
11791 21987
11791 12292
11793 24063
11796 15166
11798 13592
11802 23332
11803 15590
11807 19562
11808 21178
11816 18219
11819 22439
11820 13973
11821 13465
11822 17065
11825 11913
11836 17885
11841 26403
11845 24954
11848 12109
11852 16043
11867 23466
11869 22458
11870 16282
11871 22726
11874 20589
11877 25799
11879 13170
11879 19748
11880 22421
11881 13875
11886 20508
11916 13333
11927 22615
11938 19321
11940 25609
11942 19131
11950 14311
11951 23895
11959 22179
11960 19608
11960 23465
11967 15259
11987 13536
11987 16671
11991 25310
11994 13571
11995 13654
11996 24479
11999 12863
12002 14087
12004 21372
12008 23665
12011 14764
12014 24302
12025 18445
12028 23484
12030 24017
12032 14693
12036 14578
12053 18953
12059 23473
12059 14013
12061 25546
12062 16730
12066 15239
12069 13762
12084 15683
12085 19640
12086 20615
12088 20826
12088 25767
12091 21747
12102 17076
12111 22628
12112 16658
12119 14207
12127 21355
12131 13126
12134 20245
12140 13316
12149 20168
12154 21875
12163 20566
12179 25599
12186 25867
12187 14380
12189 24487
12191 23060
12202 19361
12212 22408
12216 13479
12218 20509
12219 16422
12220 21062
12225 13835
12225 15006
12235 16900
12239 23707
12239 14926
12240 18053
12246 14089
12265 13368
12265 26330
12267 19073
12267 15146
12268 24787
12272 20514
12274 23424
12297 14681
12297 13951
12303 24719
12306 16706
12312 12798
12315 12833
12319 19310
12328 20878
12337 15675
12337 23453
12360 24808
12364 16081
12368 17380
12369 22240
12371 17958
12373 24289
12373 22941
12373 25041
12376 15625
12377 18827
12378 16488
12379 17010
12384 20406
12391 13984
12393 15047
12395 23224
12395 19907
12402 14997
12409 21431
12420 13155
12422 12931
12439 18486
12445 25414
12447 17544
12448 19437
12449 16576
12454 22308
12454 12844
12458 14722
12469 13697
12469 20523
12469 17910
12470 13170
12472 24375
12475 25801
12479 14971
12484 22147
12492 23947
12495 22049
12497 20717
12498 26129
12504 21457
12517 13104
12519 21731
12523 18814
12527 19207
12531 24801
12547 18903
12548 17096
12549 17869
12558 20024
12561 15045
12562 18803
12570 20049
12573 22781
12574 17642
12574 12763
12593 13304
12608 15640
12620 20373
12623 18077
12624 24023
12626 18745
12629 12632
12630 14801
12661 16215
12670 12745
12673 13976
12680 23675
12680 13893
12699 17694
12703 16298
12704 20603
12712 16088
12718 25889
12719 17668
12736 24423
12743 25898
12747 22365
12748 15411
12761 22666
12764 17309
12765 20122
12769 14881
12771 14410
12773 13302
12781 25572
12782 13320
12783 19176
12785 17902
12789 15283
12790 23076
12790 21781
12791 15699
12795 22792
12806 23910
12808 25350
12814 18026
12817 24217
12819 15612
12819 22174
12820 17372
12829 20651
12832 23553
12838 18970
12846 24860
12846 26046
12848 20392
12852 13766
12856 17123
12856 17959
12857 22562
12862 17348
12864 21767
12869 21298
12869 13630
12871 23800
12872 20885
12874 18699
12887 22377
12888 14278
12892 17549
12893 21816
12908 18831
12909 20379
12914 26223
12914 26253
12920 16435
12922 26124
12924 24270
12934 16587
12937 24192
12946 23424
12960 22194
12963 22108
12968 14214
12969 21483
12972 19017
12972 21423
12977 19052
12986 17275
12991 21063
12992 17318
13008 13687
13009 18970
13009 18740
13014 25498
13014 25701
13019 25108
13021 13390
13023 14415
13024 19489
13033 21204
13034 23703
13053 18812
13058 23023
13063 20543
13069 18493
13071 22908
13071 15143
13074 16585
13081 21181
13081 26118
13083 21791
13104 18610
13107 19876
13110 22842
13124 25396
13126 21352
13128 13663
13131 13428
13141 18725
13142 22972
13142 20671
13144 20552
13147 24420
13147 20214
13152 17691
13154 24418
13160 20682
13170 19400
13174 20794
13174 14940
13175 19408
13179 13597
13193 21518
13195 24350
13198 20333
13202 16347
13203 23364
13205 25896
13205 22786
13208 15729
13211 22662
13223 25248
13223 18094
13224 14904
13224 20190
13228 14057
13237 23966
13239 21282
13245 24174
13250 17868
13251 21271
13254 19528
13257 21426
13262 19582
13267 23531
13271 24033
13273 22253
13275 15506
13281 18678
13282 16809
13290 25867
13291 18446
13296 20844
13300 13740
13310 23862
13319 13825
13325 17274
13327 13703
13330 25092
13333 20807
13335 22702
13337 16381
13344 17876
13356 17758
13368 18091
13376 16018
13379 15708
13388 24858
13395 24267
13397 24918
13399 23629
13402 15261
13403 21128
13409 24761
13413 26125
13415 18661
13419 16312
13423 19940
13424 19379
13429 18688
13434 20493
13440 25753
13445 24353
13450 24855
13456 25068
13462 21187
13468 20652
13468 18567
13481 25954
13483 19553
13483 26101
13484 17297
13485 25120
13494 22119
13508 17815
13509 22882
13514 20768
13518 19281
13525 18616
13532 14367
13536 23963
13554 19459
13562 23324
13578 21694
13584 18764
13584 18726
13593 17621
13593 23326
13596 15713
13598 14177
13608 21592
13609 17266
13625 20586
13627 21664
13628 15199
13637 18831
13655 19045
13656 20484
13659 25900
13664 16012
13673 18581
13679 18253
13693 14074
13700 18426
13700 17987
13706 21393
13716 20942
13720 24596
13721 14954
13722 19405
13733 22136
13734 15804
13737 23594
13738 13767
13743 17683
13749 23519
13751 19350
13752 23054
13756 25159
13758 22327
13773 15422
13777 19910
13780 23325
13786 25412
13789 20149
13790 16300
13798 25133
13802 25073
13804 26057
13808 16330
13812 15133
13822 15354
13826 23075
13835 16683
13837 23993
13839 17085
13839 18574
13847 14217
13849 22876
13854 19902
13855 22774
13864 14395
13864 14180
13869 23278
13878 20929
13885 23916
13896 24418
13900 14043
13904 24143
13912 20365
13913 21653
13916 20108
13918 24246
13922 20800
13925 17715
13932 20482
13932 21922
13941 20941
13956 22140
13960 20771
13967 16538
13968 23268
13984 22410
13984 26015
13988 19979
13989 20634
13994 18499
14002 26475
14005 15103
14020 19057
14024 18295
14025 23581
14026 15105
14028 26461
14033 22604
14038 15926
14039 16363
14043 23607
14059 22711
14064 18236
14066 18058
14081 15359
14088 17681
14093 22436
14097 18120
14102 23929
14103 25695
14118 25481
14120 17956
14122 20692
14123 23778
14128 15078
14130 14833
14130 21773
14131 19843
14135 25631
14141 19522
14141 17807
14144 15060
14173 26378
14186 18763
14190 25284
14190 22445
14199 25992
14202 18531
14207 21974
14210 24472
14213 25386
14216 19338
14217 16787
14219 18285
14221 20651
14231 20924
14239 16274
14242 15909
14250 21005
14251 17326
14254 18690
14256 24505
14264 22666
14283 16343
14286 20259
14296 19311
14314 19635
14315 23818
14318 21413
14321 19187
14326 24262
14327 19586
14327 16079
14335 22888
14335 17175
14347 21677
14358 18904
14358 20374
14360 20301
14361 19564
14361 18962
14362 21332
14369 21482
14374 26329
14377 21643
14380 24162
14393 25786
14395 17866
14400 18878
14403 22403
14404 22164
14405 24904
14409 25439
14432 24714
14442 22978
14446 24987
14450 15891
14456 19956
14464 21793
14468 18727
14474 14584
14487 21496
14487 18471
14495 16305
14496 23038
14497 22553
14504 21774
14517 18710
14523 21357
14526 20490
14527 16606
14535 15074
14540 23084
14544 15266
14550 22392
14555 25418
14568 17170
14571 17175
14573 19293
14577 25719
14579 22413
14581 21556
14585 21708
14586 22668
14590 26282
14590 24980
14607 15137
14608 20167
14622 24467
14634 19542
14636 21706
14647 17303
14684 25592
14685 15388
14687 22029
14695 24166
14696 16695
14708 20924
14711 22810
14711 15085
14715 15769
14748 23762
14751 22976
14752 14827
14753 25602
14760 18785
14765 19352
14775 18019
14775 21092
14791 23765
14798 15331
14806 17441
14807 26119
14809 19366
14811 24222
14811 16255
14817 16438
14818 15679
14819 20953
14836 23043
14843 21631
14846 15442
14850 26329
14855 19169
14871 22398
14875 16744
14880 22887
14887 20180
14888 17508
14894 20393
14897 25249
14902 17523
14907 24556
14928 16560
14937 18798
14939 19901
14942 16259
14950 25899
14953 15647
14954 23768
14959 21113
14981 17451
14984 23557
14988 15845
14994 20073
15001 19138
15003 23803
15009 25573
15038 25793
15043 20276
15045 17844
15048 19155
15063 18894
15070 16155
15073 22395
15079 17784
15082 19791
15084 20200
15084 18375
15090 20023
15093 16365
15111 18106
15112 20052
15115 23864
15123 22713
15128 24723
15128 24613
15134 21809
15137 20357
15143 25872
15148 16441
15151 22896
15151 20902
15185 22749
15187 26275
15204 20262
15206 25896
15209 17726
15214 16748
15217 15580
15228 21008
15229 26249
15231 16081
15231 21756
15238 15817
15242 24535
15245 20940
15247 19260
15256 17714
15268 20341
15275 23747
15283 21288
15291 21586
15294 20429
15295 19830
15297 26421
15297 20086
15300 16252
15310 21991
15311 24639
15325 20045
15332 24560
15342 25136
15344 19946
15360 24306
15361 25660
15371 23266
15374 26422
15376 19635
15389 16051
15397 17278
15398 25379
15403 17944
15403 21550
15405 25970
15416 25776
15418 21039
15419 20651
15435 25053
15443 16951
15454 15489
15455 22182
15455 16718
15456 22998
15457 25128
15457 18023
15458 24531
15476 23733
15479 21423
15486 18996
15493 24221
15500 23896
15503 24758
15506 17395
15512 26445
15529 26446
15532 26187
15533 24815
15541 23838
15541 18854
15542 24763
15550 17695
15557 16961
15560 17288
15570 24895
15573 18659
15587 23267
15597 25091
15609 21796
15611 17736
15615 16288
15625 16799
15641 18033
15650 21879
15652 20193
15663 26098
15668 25573
15673 25074
15675 19510
15676 19317
15679 23404
15680 24073
15683 23409
15687 17136
15695 24417
15703 16241
15707 25230
15711 17060
15713 18357
15715 19672
15721 26100
15722 22118
15726 16576
15746 25230
15746 26231
15754 26149
15755 24054
15756 18060
15763 16329
15763 24221
15768 19820
15777 23786
15777 25827
15785 22429
15800 22847
15822 20145
15822 17179
15825 20651
15836 24512
15841 23544
15845 20523
15851 21621
15856 21076
15871 20124
15872 22548
15878 25860
15884 16436
15898 20899
15904 22687
15907 21586
15919 18471
15920 17112
15920 18305
15929 23916
15946 19675
15947 17512
15951 26226
15963 18486
15967 17727
15989 16816
16008 19991
16009 19955
16011 21515
16011 23252
16027 21527
16040 22656
16049 23699
16049 24940
16051 17900
16064 19356
16065 24811
16076 16261
16080 22079
16095 17341
16098 24394
16098 26012
16108 16998
16110 19102
16116 22559
16130 21300
16142 22716
16150 16988
16150 26461
16153 26031
16154 20694
16155 18874
16157 19590
16162 25117
16169 23759
16172 25759
16188 20533
16190 20500
16197 16987
16210 26381
16226 19340
16231 19954
16235 18272
16242 24191
16257 19101
16261 24351
16263 21380
16273 20931
16273 23572
16278 25273
16283 23658
16285 23544
16297 23098
16297 26198
16316 17021
16316 25911
16327 21762
16330 20894
16330 18078
16340 17545
16344 25226
16345 16969
16346 16456
16357 24100
16359 24079
16364 24425
16385 23080
16393 23597
16395 21550
16402 22531
16403 18260
16416 20643
16428 25498
16431 17536
16444 20868
16449 24833
16451 24713
16451 25705
16452 17514
16455 22570
16466 24099
16469 24129
16470 22386
16472 24333
16488 18476
16495 19757
16497 25270
16501 25904
16501 18650
16502 23225
16504 22730
16509 22804
16512 23955
16518 25777
16526 21760
16530 17701
16539 19083
16557 22374
16559 23851
16561 25096
16566 22843
16567 25290
16567 20428
16596 20100
16600 20276
16628 24981
16634 23969
16653 18712
16653 21629
16656 20303
16661 21235
16668 22696
16671 18469
16673 17935
16674 23264
16684 19270
16697 19814
16699 22649
16699 21863
16717 25017
16718 16834
16718 23423
16721 23981
16728 19440
16735 19393
16738 25634
16748 20059
16753 17060
16755 26457
16758 23225
16780 19223
16790 25495
16801 22858
16823 23390
16860 24003
16869 22705
16896 21261
16921 18906
16934 25646
16952 22292
16952 24750
16954 20496
16964 17396
16965 18819
16980 20903
16984 21466
16997 22736
17013 18222
17014 17252
17028 25693
17033 24334
17041 26045
17051 25526
17065 22882
17074 21401
17079 18984
17080 23311
17087 19880
17090 19446
17108 24653
17113 17199
17117 24114
17126 25279
17133 18781
17141 21508
17144 23166
17145 19118
17146 25786
17162 20528
17162 26439
17182 20347
17200 24053
17202 19779
17209 23297
17209 23438
17211 26180
17211 20598
17215 23498
17224 20635
17253 22821
17255 17626
17270 19820
17270 21167
17291 25691
17294 18434
17294 21219
17301 23468
17310 24833
17318 21316
17320 23039
17330 19473
17341 26038
17351 21237
17358 23577
17373 26187
17386 23421
17390 25577
17400 22453
17408 22997
17409 21054
17428 17760
17431 22041
17434 18837
17435 24788
17437 20959
17443 23203
17445 19826
17454 20768
17454 19617
17466 20552
17471 20004
17474 19401
17479 24928
17491 18997
17493 19341
17501 22706
17502 26325
17518 23331
17528 26373
17537 24244
17547 17707
17566 25000
17570 23847
17573 25251
17602 18570
17607 20298
17613 21144
17615 20970
17619 21246
17631 19601
17632 25899
17645 21398
17646 26188
17659 20971
17660 23896
17666 23404
17669 18083
17685 22304
17692 22948
17700 25365
17702 22544
17711 18874
17745 23348
17750 21951
17751 23737
17754 18663
17784 18435
17794 23177
17799 21700
17800 20263
17805 23942
17810 19508
17811 19852
17823 22039
17873 25128
17877 19939
17886 20700
17888 21594
17908 20138
17916 22395
17926 22291
17928 21523
17929 20834
17933 19624
17934 17970
17939 23719
17945 20134
17965 20824
17966 21862
17968 23896
17973 23820
17981 24868
17986 24805
17987 19955
17996 18163
17998 23171
18013 26228
18019 19912
18019 22078
18029 21362
18045 21941
18054 19242
18055 25326
18061 21648
18073 25763
18074 19262
18077 25373
18080 23405
18085 23465
18096 24828
18114 18491
18117 22989
18123 23911
18125 21883
18140 20779
18141 26410
18152 23730
18164 20930
18186 21502
18194 18271
18223 23453
18255 18557
18258 23848
18263 24120
18263 25816
18312 21918
18366 22967
18368 19830
18377 19059
18379 19962
18386 20322
18390 26378
18402 23011
18407 21081
18416 19786
18424 24394
18426 24716
18431 18833
18431 22705
18440 22981
18445 18660
18447 18612
18462 22092
18466 18758
18468 19205
18470 19134
18482 24558
18521 20290
18528 24628
18535 20295
18537 19515
18547 23176
18555 22088
18565 22786
18588 21981
18594 20371
18595 22905
18605 23170
18620 21448
18626 19123
18628 22241
18640 21542
18647 19026
18650 19935
18656 24666
18660 26158
18662 18926
18669 21902
18670 21399
18675 25809
18681 22310
18686 23328
18711 25279
18737 25797
18757 22709
18770 25620
18770 21405
18770 20927
18775 19437
18779 24227
18784 26338
18794 21768
18794 19366
18800 25431
18825 19809
18830 18911
18857 26136
18857 26067
18861 22524
18863 20880
18867 24543
18872 24713
18874 24241
18878 21626
18879 22806
18898 21643
18910 19632
18921 20610
18921 22551
18922 23157
18947 21543
18949 25921
18951 21111
18964 19267
18969 21965
18971 23333
18980 22373
18981 25846
19018 24864
19035 26236
19046 24282
19062 25975
19083 24743
19087 25160
19095 23187
19096 22292
19097 25473
19105 19429
19118 20184
19129 22684
19135 26209
19139 21777
19145 23903
19150 23248
19151 21810
19151 22502
19154 23343
19156 22967
19173 23256
19189 26109
19194 20562
19196 19875
19198 20540
19202 19894
19205 19958
19211 23532
19214 25528
19221 21656
19240 22059
19252 25639
19262 20524
19265 26345
19270 24350
19276 26296
19280 26112
19280 25994
19287 23260
19304 23007
19326 25575
19333 24883
19334 20155
19352 23734
19357 26259
19362 23475
19382 23459
19398 21162
19408 24500
19420 25404
19421 21731
19422 23822
19425 20499
19434 19885
19435 23407
19441 24954
19461 22793
19463 25174
19464 19638
19468 20590
19473 23560
19483 22748
19486 24571
19489 21874
19492 23806
19494 21785
19546 23512
19566 25244
19572 20666
19598 20109
19600 24310
19627 25767
19630 26275
19638 26412
19642 20456
19661 19759
19664 22271
19674 26267
19693 20551
19702 23514
19710 22638
19730 20765
19732 20920
19735 25248
19740 23157
19743 24668
19750 20280
19777 20032
19777 24796
19782 24853
19793 23349
19804 21192
19819 20537
19835 19969
19872 24220
19885 22793
19899 20165
19900 21451
19905 23465
19911 25629
19926 22409
19928 20713
19930 20276
19931 23070
19939 25451
19944 25070
19961 22513
19975 25738
19978 22888
19997 23363
20002 24545
20036 21494
20041 25276
20048 25985
20049 20682
20050 24719
20055 20300
20073 24203
20075 20405
20085 21690
20109 21811
20130 23022
20135 21766
20155 21788
20160 22650
20174 23024
20177 24470
20181 20411
20185 25391
20191 24273
20206 25409
20207 26129
20226 24105
20228 23204
20231 23338
20234 21240
20244 26190
20264 24140
20278 24872
20282 24771
20289 25972
20297 21875
20306 26242
20309 22862
20313 23349
20322 23065
20337 23527
20350 26298
20354 23086
20379 25443
20382 26260
20391 20651
20411 24484
20414 24883
20416 20757
20431 22736
20436 24743
20458 25108
20459 26154
20459 24717
20466 22803
20473 23814
20479 26042
20488 22477
20496 25908
20517 23139
20525 25578
20527 26305
20555 21770
20561 20707
20587 24687
20594 22105
20602 24051
20620 22916
20630 22998
20635 26134
20642 23992
20646 24052
20661 21148
20663 21397
20677 22339
20683 24431
20694 23898
20707 22918
20713 23925
20733 23300
20738 25660
20741 21855
20753 23007
20754 23188
20760 21916
20762 23235
20771 22838
20813 23612
20832 21507
20833 26300
20840 24226
20853 23999
20862 25426
20864 22349
20873 24486
20882 24621
20892 24512
20931 21864
20947 24828
20954 21564
20971 21940
20991 24514
20995 23992
20998 24971
21010 22577
21019 26226
21024 22606
21050 25689
21057 25334
21066 22555
21067 22669
21086 24291
21087 25283
21097 25930
21102 21786
21109 26138
21114 21481
21128 22565
21135 25788
21148 23036
21179 22907
21184 21630
21185 23771
21187 21225
21192 23830
21196 25968
21226 25981
21241 24981
21243 25929
21251 25873
21266 22134
21272 22485
21289 24503
21293 26138
21307 26060
21312 22750
21316 23028
21319 25897
21322 23234
21326 22343
21374 23352
21381 24152
21387 22029
21393 22965
21408 26159
21417 25377
21451 23649
21463 24958
21468 26169
21513 24344
21530 23923
21557 22891
21566 23612
21576 25073
21617 25747
21618 24627
21647 25714
21648 24143
21735 24851
21737 26379
21793 22880
21815 24612
21822 22488
21822 23781
21844 22011
21856 24807
21894 25543
21897 22872
21906 25990
21951 22698
21976 24754
21997 26265
22010 25835
22011 23310
22061 25256
22076 25208
22079 24186
22082 25598
22109 24164
22113 25126
22127 25081
22128 24756
22136 22904
22138 26277
22143 26138
22144 25193
22151 24475
22165 22917
22171 25272
22177 23543
22198 25122
22205 24190
22208 24481
22229 25246
22234 24698
22242 22484
22252 24567
22254 26342
22262 22611
22267 26186
22271 24130
22272 25123
22281 25005
22303 22571
22338 25957
22357 26272
22367 24543
22393 25323
22407 25840
22409 24083
22410 24439
22411 26063
22421 23011
22451 25914
22453 22533
22468 24177
22481 24256
22507 26338
22515 23208
22519 22632
22531 25511
22533 24851
22542 23092
22544 22904
22561 26418
22562 26267
22565 22633
22599 23751
22626 24905
22639 26098
22649 25725
22656 22806
22665 22830
22671 24478
22685 23909
22709 26177
22712 24502
22723 26189
22753 23622
22757 26005
22773 25241
22782 23672
22795 26292
22802 24587
22815 26303
22832 23556
22833 23813
22879 23353
22885 25770
22895 26389
22909 25721
22920 23647
22929 23555
22957 25825
22965 24871
22969 24689
23034 25103
23090 25575
23091 24985
23102 24364
23131 23518
23138 26281
23146 23935
23172 26041
23199 25312
23234 24176
23276 24023
23279 23693
23297 26446
23303 24328
23306 24222
23326 23473
23337 23432
23341 24994
23356 24287
23360 25169
23376 26364
23377 25160
23404 23890
23428 23909
23447 26356
23478 26121
23494 24851
23497 24259
23517 23863
23518 25552
23532 23701
23538 25935
23549 26066
23570 23860
23586 23898
23617 24835
23659 26189
23660 23824
23678 23773
23706 23829
23718 26208
23726 25052
23747 25372
23754 23897
23772 26446
23798 25395
23806 25883
23871 24286
23873 26462
23876 25883
23876 24548
23933 24243
24002 26195
24042 25192
24051 26370
24057 24954
24065 25068
24093 24854
24099 24357
24191 25060
24205 25078
24212 24353
24218 26043
24255 24738
24269 25682
24281 24887
24304 24417
24306 25744
24336 25969
24338 24514
24349 25245
24352 25316
24380 25814
24401 25841
24404 24800
24425 25431
24446 24533
24447 24741
24478 26121
24501 24931
24539 25867
24544 25042
24674 25480
24782 25469
24791 25238
24828 25925
24946 25224
25021 26039
25146 26362
25150 25500
25190 25985
25190 26070
25266 26203
25269 25329
25301 25726
25684 25860
25767 26032
25809 26171
25842 26447
26019 26209
