2 3424
4 3224
6 4744
6 3374
7 5693
17 6283
20 3300
20 6181
21 2676
24 1626
25 577
25 2894
28 2464
28 1614
33 1516
38 3524
39 2602
41 4568
44 1626
49 3654
52 5568
52 540
57 649
64 518
65 2279
67 5507
68 1363
70 5988
76 2554
77 6044
78 3729
78 1237
80 4888
81 6108
90 2720
92 2082
95 3345
97 2616
103 5718
110 1095
111 3524
113 5073
113 3046
116 1243
116 5815
119 4424
121 4787
125 4226
129 2323
131 4625
140 482
148 4002
156 6225
158 2953
158 4309
160 2192
160 4230
163 5853
164 5031
168 5106
170 2068
173 3031
176 4880
183 5652
185 1211
188 1752
191 1333
212 5130
216 6420
217 891
220 5559
222 2483
226 4025
226 4881
227 3736
231 2272
234 3038
236 4581
236 4407
246 2956
247 1641
247 5964
248 6300
254 3986
271 1076
272 4947
272 711
273 5592
275 884
286 5948
287 3272
288 2697
288 1775
289 5873
291 3546
292 2760
296 3046
297 1963
299 2720
301 4034
303 2897
304 2125
311 1271
313 5688
313 5301
317 1874
320 3642
322 2648
323 430
324 730
332 2930
332 3821
340 5308
341 5062
342 1378
342 3822
345 4899
353 1106
363 5513
363 631
366 377
366 2985
367 4756
368 2381
375 5121
382 1439
383 1695
389 535
396 477
399 4736
399 2778
404 6305
408 4953
413 5574
415 417
417 6249
418 1688
420 2034
425 3065
429 2357
430 5803
436 3454
441 627
442 5681
442 6027
446 5373
448 5761
448 5809
449 3684
455 1336
456 6080
457 2612
460 489
460 6217
461 3832
461 1354
463 4500
464 5834
464 6426
473 3583
475 2933
476 4035
479 6457
480 5792
481 1640
483 4586
485 5817
488 4234
495 5098
498 2071
501 4753
504 3061
505 2319
511 5286
512 2195
513 3756
516 629
520 2072
520 4016
520 5556
520 6273
521 4514
522 879
524 4152
526 2557
527 634
534 571
535 1218
537 5982
538 6288
539 4030
539 1007
540 1276
540 2865
542 1594
548 5820
551 3994
560 5659
563 5532
566 2631
568 6309
571 3291
576 2590
577 2995
583 2650
585 5355
589 3054
597 4914
599 3598
603 5987
603 3638
604 4309
614 5305
616 4667
620 683
622 6145
627 2257
630 3644
637 2673
648 3408
649 3981
650 5785
650 3373
651 4814
651 3335
653 4599
654 1128
656 5079
659 4297
668 3305
668 4414
676 1131
680 3358
684 3250
685 4302
690 6121
697 1048
698 6056
698 5535
700 6398
703 3833
706 1689
708 2357
713 1151
717 1176
718 1026
722 6465
725 3021
734 859
735 4470
737 4900
739 3961
739 3250
739 3949
739 5909
748 1750
753 5489
753 4524
755 3315
762 2716
766 2629
767 1701
769 4342
774 4119
776 1515
776 5069
779 5468
782 2189
789 5443
790 5631
791 2795
793 4427
794 3330
797 4766
799 5988
801 5285
802 4397
806 1101
807 5609
809 2472
810 5684
812 5488
812 2781
815 1531
817 3916
821 6230
823 4697
825 5884
827 4710
829 3153
829 2935
833 3207
835 2988
837 1630
838 3326
843 1504
843 1597
852 3634
852 4119
855 4198
861 1845
862 5856
863 5041
865 2377
866 4206
866 998
867 3222
867 1534
868 2409
869 3889
872 2613
879 1403
880 3234
885 1037
886 4496
888 2106
893 6393
896 3345
896 5580
897 3302
902 3373
907 4047
912 2349
913 6384
913 3145
917 1966
917 5511
919 4492
920 2159
920 2071
921 1983
923 2150
928 5994
929 3657
931 3362
931 5027
935 2395
936 5172
940 5397
945 2135
949 5633
949 5929
951 2319
956 5672
958 5275
970 2548
972 6402
975 1806
977 3655
981 1722
981 4210
983 2042
985 5987
985 1854
994 6460
998 4961
999 4654
1000 3828
1002 3636
1009 3881
1010 1371
1012 4781
1013 6195
1020 3187
1023 6156
1030 4265
1031 6461
1033 2873
1035 1202
1035 2107
1035 1717
1036 5624
1043 4692
1050 5769
1056 2166
1062 6418
1063 3513
1064 4851
1065 3758
1066 4465
1066 3239
1071 2598
1074 4796
1080 1113
1084 5887
1088 6006
1094 2479
1104 5340
1104 3356
1107 5057
1112 3240
1113 2763
1123 2571
1127 1182
1135 4384
1135 4613
1136 3741
1141 1370
1145 1398
1152 2688
1160 4877
1164 4085
1164 1351
1177 3859
1180 3587
1185 4339
1185 6055
1188 4814
1192 2380
1198 2489
1198 3145
1201 5030
1203 3145
1203 5406
1205 4081
1206 1616
1209 1505
1212 2069
1212 5349
1213 6093
1214 6053
1214 2182
1216 2795
1222 5931
1222 6035
1224 1973
1225 3745
1225 5340
1225 5909
1226 4071
1227 5750
1230 3992
1233 5186
1233 3782
1238 4640
1247 3426
1249 4606
1258 1312
1261 5026
1267 3906
1271 3604
1274 2686
1280 2069
1282 5446
1286 4568
1286 1654
1287 1301
1289 5366
1294 2048
1295 1801
1296 5797
1298 6032
1299 1426
1299 5374
1300 4227
1305 4637
1317 3229
1319 4298
1321 3088
1325 3643
1325 5551
1329 1484
1330 3053
1332 2905
1333 3734
1338 4060
1339 4880
1355 1954
1364 5496
1365 4246
1368 2470
1375 3026
1377 4024
1377 2305
1378 1669
1379 2979
1381 3050
1386 4177
1386 1915
1388 5344
1389 2608
1389 3493
1396 2180
1396 4486
1400 2066
1404 5191
1406 3775
1411 2718
1415 2385
1415 4027
1423 5227
1434 1772
1435 4664
1439 2453
1442 2452
1443 4070
1446 4995
1457 6327
1470 3743
1471 4659
1471 5893
1473 5132
1482 2126
1483 3844
1484 5217
1488 5194
1488 6294
1490 1751
1497 4633
1503 4218
1515 4423
1516 3574
1519 3351
1525 2732
1531 4411
1532 3547
1532 4902
1534 3436
1536 5389
1546 2727
1548 5833
1552 5757
1555 4938
1558 4336
1567 1888
1569 5449
1570 6285
1575 4547
1581 2724
1584 3478
1591 4636
1596 5314
1596 4965
1598 6215
1599 4802
1600 5628
1601 3074
1603 3709
1606 3769
1606 5406
1607 4305
1607 2733
1608 2332
1614 1643
1615 3573
1615 3287
1617 3014
1622 3751
1623 3528
1625 5991
1627 3284
1628 4983
1632 1934
1633 4284
1636 4627
1642 3655
1643 3188
1645 4188
1646 4856
1657 5448
1664 1802
1669 4773
1670 5673
1674 5437
1677 3357
1677 5478
1678 4168
1678 2076
1681 2787
1682 5768
1684 4918
1685 3990
1694 6223
1695 6093
1697 2446
1698 5502
1700 5581
1705 3458
1716 6086
1719 6114
1719 2493
1723 2858
1723 2077
1724 4818
1724 3435
1727 3457
1734 2837
1738 3091
1741 6215
1743 5258
1752 2601
1755 3305
1756 3820
1756 5325
1758 5993
1759 4606
1762 5170
1770 5655
1771 3723
1772 3492
1774 4849
1776 4080
1780 5643
1783 6365
1786 2448
1787 4117
1791 3557
1792 2025
1793 3435
1793 3238
1795 4779
1797 2515
1797 3491
1807 4026
1809 5922
1809 6316
1810 4314
1814 2797
1818 4267
1818 2340
1820 4198
1825 1934
1828 6128
1829 2366
1838 5932
1838 4588
1838 3414
1839 5004
1844 3995
1852 2485
1855 3569
1855 2982
1856 5749
1858 3033
1868 4459
1871 2242
1872 3360
1873 4068
1875 3175
1877 5037
1884 4555
1885 4613
1886 4469
1895 3605
1896 3670
1898 5412
1899 5605
1903 4570
1909 2799
1916 2644
1917 5395
1917 2134
1918 5209
1922 3208
1923 2653
1930 3086
1935 2007
1937 5272
1939 2548
1941 3658
1948 1964
1950 3351
1951 2847
1952 2773
1961 2911
1967 3611
1976 5653
1977 3819
1982 5299
1983 5182
1985 5434
1986 6225
1987 4865
1990 5623
1991 5965
1996 4659
2001 3837
2006 3552
2008 6040
2009 2742
2009 4167
2014 2363
2019 4642
2019 2749
2031 4647
2032 3662
2047 2419
2050 5874
2051 5951
2055 4289
2060 3644
2062 4443
2063 4549
2068 4964
2069 2444
2071 2538
2072 5573
2081 3915
2082 5348
2082 5522
2084 6201
2086 5892
2097 2702
2103 3479
2108 2471
2111 2760
2111 5074
2113 3170
2114 3006
2121 2167
2122 2418
2127 3033
2134 3848
2135 3536
2136 2239
2146 5268
2151 3402
2153 5153
2153 4325
2154 3263
2155 3960
2180 6237
2186 3249
2189 6004
2190 3056
2191 5532
2194 5417
2196 6086
2197 3193
2200 4876
2201 3946
2202 5932
2204 3879
2207 4308
2207 5198
2209 4721
2220 5136
2234 5129
2237 5087
2240 5218
2243 3970
2270 3543
2273 2495
2276 5069
2290 2707
2290 6165
2292 3385
2297 3471
2312 3254
2313 3487
2324 6062
2330 5608
2330 5704
2334 5081
2344 3790
2347 3887
2349 6166
2359 5248
2359 5749
2359 4975
2367 5020
2372 6072
2379 2588
2385 3226
2392 4722
2405 3923
2408 3482
2413 5794
2415 3780
2422 2956
2426 6035
2435 4751
2440 5040
2445 4702
2446 4644
2447 4906
2451 4089
2453 3084
2458 5578
2468 3666
2470 3133
2472 2740
2475 4328
2476 4568
2478 5348
2481 3518
2483 4066
2484 4566
2485 3289
2490 2948
2496 6473
2497 3109
2504 3340
2507 3434
2511 5312
2514 3476
2514 6438
2518 5244
2519 3908
2522 4814
2523 5664
2523 5283
2526 6220
2533 5560
2540 5825
2542 6371
2542 2652
2546 2894
2551 5998
2552 3588
2557 5177
2564 3601
2564 4797
2572 3726
2573 3540
2584 3062
2590 5884
2591 5731
2594 3795
2606 3762
2607 4340
2609 5203
2609 3756
2609 4638
2615 3550
2616 3424
2621 6163
2621 6262
2625 6302
2626 5062
2637 4271
2639 2687
2646 6417
2647 6083
2661 5231
2671 5675
2676 3809
2676 6170
2677 5248
2679 3424
2680 5688
2683 6278
2688 2807
2689 3376
2689 6459
2699 6372
2702 3582
2705 5753
2709 4760
2711 3500
2716 3802
2720 3996
2720 5189
2731 6370
2739 6251
2742 6391
2747 5798
2751 6439
2756 3650
2757 4033
2757 4131
2760 6111
2767 6326
2768 2983
2775 3279
2784 4728
2786 2969
2788 4136
2795 4999
2796 3521
2798 4560
2804 5482
2811 5464
2812 3955
2821 6181
2825 6268
2827 5592
2829 2866
2843 3266
2847 5826
2867 5265
2872 4920
2874 4016
2897 4619
2904 5099
2914 5972
2918 6243
2920 3880
2924 5602
2924 3651
2929 4894
2934 5412
2935 5742
2937 4106
2939 4756
2940 4836
2949 5637
2950 5326
2953 3188
2961 4412
2962 4033
2964 5659
2966 3320
2973 6070
2974 5299
2980 5813
2982 4752
2983 5162
2987 5919
3013 5067
3019 5114
3024 6386
3025 3225
3031 5536
3036 3476
3037 5605
3042 4242
3042 5836
3056 3336
3058 3353
3075 6000
3075 3390
3076 6088
3081 6359
3090 5291
3101 5049
3103 5612
3104 4074
3111 5129
3115 3642
3118 4648
3129 3930
3129 4668
3132 5525
3137 6319
3142 3755
3146 3841
3148 3572
3157 3544
3160 6074
3165 5670
3183 4948
3187 4587
3191 5001
3196 4718
3199 6104
3201 5688
3205 4573
3210 5086
3210 4478
3219 4904
3221 4648
3224 4842
3225 5334
3226 6174
3234 3699
3236 3400
3237 6356
3261 5773
3263 3379
3267 5031
3270 3754
3273 5246
3281 3584
3281 3442
3281 5909
3284 5141
3284 5347
3287 5393
3290 6001
3292 3977
3292 4409
3295 4940
3310 4671
3314 5102
3317 5776
3323 5065
3324 5067
3328 4206
3330 6343
3333 5363
3356 5958
3375 6061
3380 6262
3386 4560
3387 4339
3388 3498
3390 5612
3395 3625
3395 4857
3396 3771
3404 3421
3414 5428
3415 5375
3420 3597
3424 4296
3451 5813
3467 5201
3469 5776
3474 6285
3488 5640
3491 4301
3497 4279
3500 3938
3503 6170
3511 6105
3511 3533
3527 5643
3548 5748
3553 4264
3555 4762
3560 6062
3574 6402
3574 3659
3582 4599
3592 4175
3603 4528
3604 5267
3604 6469
3614 6367
3619 5140
3630 5405
3635 4584
3650 5617
3664 3748
3668 5620
3668 5038
3669 5770
3670 4721
3670 4018
3674 4381
3677 5681
3680 6327
3685 6093
3691 4898
3707 3996
3710 4649
3712 5441
3718 6456
3722 4478
3723 4284
3727 5565
3751 4630
3752 5072
3754 4872
3770 5593
3782 4447
3786 6347
3791 6248
3796 4386
3798 5090
3802 4742
3803 5546
3803 5605
3805 5986
3805 4892
3815 6315
3815 5430
3823 3864
3824 3957
3832 4694
3835 5654
3844 4034
3846 4349
3849 5861
3863 5126
3869 6381
3879 6408
3879 5309
3882 5750
3882 4926
3885 4714
3903 4355
3904 4667
3911 3958
3917 4085
3918 5773
3922 4657
3929 5941
3931 4959
3941 5329
3953 5731
3955 5486
3957 5731
3963 4644
3964 5746
3966 4201
3968 5718
3996 4785
4001 4653
4010 5723
4014 5890
4016 5190
4020 4926
4028 6427
4046 5643
4051 5614
4076 6039
4084 4113
4084 4599
4087 4504
4091 4418
4093 4232
4093 5545
4098 4280
4119 6165
4121 5011
4128 6183
4129 4901
4140 5350
4142 4256
4150 5694
4157 4362
4168 5181
4171 5415
4182 4669
4193 4547
4195 4460
4218 5526
4225 6314
4226 4939
4239 4682
4253 6410
4256 4815
4265 6021
4265 6279
4266 5783
4267 4346
4272 5070
4279 4586
4303 4804
4303 4765
4313 6084
4323 6079
4337 6189
4348 4363
4351 6255
4356 5133
4363 5267
4369 6264
4371 4660
4374 5970
4376 6046
4390 5178
4393 4715
4398 5482
4406 4422
4412 4730
4467 4556
4471 6272
4487 5684
4489 6363
4498 4548
4506 5895
4521 4638
4536 5059
4540 5271
4547 5787
4555 4954
4558 4918
4563 6336
4569 4737
4575 4708
4602 4698
4607 5154
4613 5343
4624 4913
4626 5969
4629 6254
4630 6075
4646 5729
4646 6159
4661 6003
4671 6058
4676 5632
4679 5910
4683 5193
4685 4708
4687 5866
4725 5220
4735 6006
4755 4968
4792 5836
4817 5308
4827 5889
4834 6355
4841 6405
4842 5622
4860 5369
4860 5166
4864 6289
4864 6302
4891 5285
4909 5822
4917 5956
4928 5227
4929 5524
4960 5884
4985 6333
4991 6286
5000 6105
5004 5898
5010 5819
5013 5653
5014 5318
5036 5746
5044 5574
5073 5234
5075 6431
5083 6258
5083 6372
5114 6373
5115 5178
5125 5293
5145 6353
5178 5730
5214 6223
5230 6104
5234 6465
5253 6214
5275 6127
5294 5846
5312 6028
5323 5709
5339 5350
5371 6107
5378 5517
5401 5947
5448 6157
5459 6275
5476 6391
5489 5755
5493 5922
5496 6126
5497 5775
5508 5606
5527 5688
5534 5770
5540 5900
5547 6136
5590 5753
5630 6200
5684 6248
5709 5871
5745 6263
5773 5945
5775 6020
5798 5838
5809 5945
5812 6344
5883 6431
5904 6040
5931 5950
5965 6298
5975 5979
6000 6059
6227 6417
