1 2
1 3
1 4
1 5
1 6
1 7
1 8
1 9
1 10
1 11
1 12
1 13
1 14
1 15
1 16
1 17
1 18
1 19
1 20
1 21
1 22
1 23
1 24
1 25
1 26
1 27
1 28
1 29
1 30
1 31
1 32
1 33
1 34
1 35
1 36
1 37
1 38
1 39
1 40
1 41
1 42
1 43
1 44
1 45
1 46
1 47
1 48
1 49
1 50
1 51
1 52
1 53
1 54
1 55
1 56
1 57
1 58
1 59
1 60
1 61
1 62
1 63
1 64
1 65
1 66
1 67
1 68
1 69
1 70
1 71
1 72
1 73
1 74
1 75
1 76
1 77
1 78
1 79
1 80
1 81
1 82
1 83
1 84
1 85
1 86
1 87
1 88
1 89
1 90
1 91
1 92
1 93
1 94
1 95
1 96
1 97
1 98
1 99
1 100
1 101
1 102
1 103
1 104
1 105
1 106
1 107
1 108
1 109
1 110
1 111
1 112
1 113
1 114
1 115
1 116
1 117
1 118
1 119
1 120
1 121
1 122
1 123
1 124
1 125
1 126
1 127
1 128
1 129
1 130
1 131
1 132
1 133
1 134
1 135
1 136
1 137
1 138
1 139
1 140
1 141
1 142
1 143
1 144
1 145
1 146
1 147
1 148
1 149
1 150
1 151
1 152
1 153
1 154
1 155
1 156
1 157
1 158
1 159
1 160
1 161
1 162
1 163
1 164
1 165
1 166
1 167
1 168
1 169
1 170
1 171
1 172
1 173
1 174
1 175
1 176
1 177
1 178
1 179
1 180
1 181
1 182
1 183
1 184
1 185
1 186
1 187
1 188
1 189
1 190
1 191
1 192
1 1446
1 1447
1 1448
1 1449
1 1450
1 1451
1 1452
1 1453
1 1454
1 1455
1 1456
1 1457
1 1458
1 1459
1 1460
1 1461
1 1462
1 1463
1 1464
1 1465
1 1466
1 1467
1 1468
1 1469
1 1470
1 1471
1 1472
1 1473
1 1474
1 1475
1 1476
1 1477
1 1478
1 1479
1 1480
1 1481
1 1482
1 1483
1 1484
1 1485
1 1486
1 1487
1 1488
1 1489
1 1490
1 1491
1 1492
1 1493
1 1494
1 1495
1 1496
1 1497
1 1498
1 1499
1 1500
1 1501
1 1502
1 1503
1 1504
1 1505
1 1506
1 1507
1 1508
1 1509
1 1510
1 1511
1 1512
1 1513
1 1514
1 1515
1 1516
1 1517
1 1518
1 1519
1 1520
1 1521
1 1522
1 1523
1 1524
1 1525
1 1526
1 1527
1 1528
1 1529
1 1530
1 1531
1 1532
1 1533
1 1534
1 1535
1 1536
1 1537
1 1538
1 1539
1 1540
1 1541
1 1542
1 1543
1 1544
1 1545
1 1546
1 1547
1 1548
1 1549
1 1550
1 1551
1 1552
1 1553
1 1554
1 1555
1 1556
1 1557
1 1558
1 1559
1 1560
1 1561
1 1562
1 1563
1 1564
1 1565
1 1566
1 1567
1 1568
1 1569
1 1570
1 1571
1 1572
1 1573
1 1574
1 1575
1 1576
1 1577
1 1578
1 1579
1 1580
1 1581
1 1582
1 1583
1 1584
1 1585
1 1586
1 1587
1 1588
1 1589
1 1590
1 1591
1 1592
1 1593
1 1594
1 1595
1 1596
1 1597
1 1598
1 1599
1 1600
1 1601
1 1602
1 1603
1 1604
1 1605
1 1606
1 1607
1 1608
1 1609
1 1610
1 1611
1 1612
1 1613
1 1614
1 1615
1 1616
1 1617
1 1618
1 1619
1 1620
1 1621
1 1622
1 1623
1 1624
1 1625
1 1626
1 1627
1 1628
1 1629
1 1630
1 1631
1 1632
2 3
2 4
2 5
2 6
2 7
2 8
2 9
2 10
2 11
2 12
2 14
2 16
2 17
2 18
2 19
2 20
2 22
2 23
2 25
2 26
2 27
2 28
2 29
2 30
2 32
2 33
2 34
2 35
2 36
2 38
2 40
2 41
2 42
2 44
2 45
2 49
2 50
2 52
2 53
2 54
2 55
2 56
2 59
2 60
2 62
2 63
2 64
2 65
2 67
2 68
2 69
2 70
2 71
2 72
2 74
2 75
2 76
2 81
2 82
2 83
2 84
2 86
2 87
2 94
2 96
2 97
2 99
2 102
2 105
2 106
2 107
2 108
2 111
2 112
2 113
2 129
2 130
2 132
2 133
2 136
2 137
2 138
2 142
2 143
2 144
2 147
2 150
2 151
2 154
2 155
2 159
2 161
2 165
2 166
2 169
2 175
2 178
2 179
2 181
2 183
2 185
2 192
2 193
2 194
2 195
2 196
2 197
2 198
2 199
2 200
2 201
2 202
2 203
2 204
2 205
2 206
2 207
2 208
2 209
2 210
2 211
2 212
2 213
2 214
2 215
2 216
2 217
2 218
2 219
2 220
2 221
2 222
2 223
2 224
2 225
2 226
2 227
2 228
2 229
2 230
2 231
2 232
2 233
2 234
2 235
2 236
2 237
2 238
2 239
2 240
2 241
2 242
2 243
2 244
2 245
2 246
2 247
2 248
2 249
2 250
2 251
2 252
2 253
2 254
2 255
2 256
2 257
2 258
2 259
2 260
2 261
2 262
2 263
2 264
2 265
2 266
2 267
2 268
2 269
2 270
2 271
2 272
2 273
2 274
2 275
2 276
2 277
2 278
2 279
2 280
2 281
2 282
2 283
2 284
2 285
2 286
2 287
2 288
2 289
2 290
2 291
2 292
2 293
2 294
2 295
2 296
2 297
2 298
2 299
2 300
2 301
2 302
2 303
2 304
2 305
2 306
2 307
2 308
2 309
2 310
2 311
2 312
2 313
2 314
2 315
2 316
2 317
2 318
2 319
2 320
2 321
2 322
2 323
2 324
2 325
2 326
2 327
2 328
2 329
2 330
2 331
2 332
2 333
2 334
2 335
2 336
2 337
2 338
2 339
2 340
2 341
2 342
2 343
2 344
2 345
2 346
2 347
2 348
2 349
2 350
2 351
2 352
2 353
2 354
2 355
2 356
2 357
2 358
2 359
2 360
2 361
2 362
2 363
2 364
2 365
2 366
2 367
2 368
2 369
2 370
2 371
2 372
2 373
2 374
2 375
2 376
2 377
2 378
2 379
2 380
2 381
2 382
2 383
2 384
2 385
2 386
2 387
2 388
2 389
2 390
2 391
2 392
2 393
2 394
2 395
2 396
2 397
2 398
2 399
2 400
2 401
2 402
2 403
2 404
2 405
2 406
2 407
2 408
2 409
2 410
2 411
2 412
2 413
2 414
2 415
2 416
2 417
2 418
2 419
2 420
2 421
2 422
2 423
2 424
2 425
2 426
2 427
2 428
2 429
2 430
2 431
2 432
2 433
2 434
2 435
2 436
2 437
2 438
2 439
2 440
2 441
2 442
2 443
2 444
2 445
2 446
2 447
2 448
2 449
2 450
2 451
2 452
2 453
2 454
2 455
2 456
2 457
2 458
2 459
2 460
2 461
2 462
2 463
2 464
2 465
2 466
2 467
2 468
2 469
2 470
2 471
2 472
2 473
2 474
2 475
2 476
2 477
2 478
2 479
2 480
2 481
2 482
2 483
2 484
2 485
2 486
2 487
2 488
2 489
2 490
2 491
2 492
2 493
2 494
2 495
2 496
2 497
2 498
2 499
2 500
2 501
2 502
2 503
2 504
2 505
2 506
2 507
2 1449
2 1451
2 1453
2 1454
2 1455
2 1456
2 1457
2 1458
2 1459
2 1460
2 1461
2 1462
2 1463
2 1464
2 1472
2 1473
2 1477
2 1478
2 1479
2 1484
2 1485
2 1486
2 1488
2 1494
2 1495
2 1496
2 1497
2 1498
2 1500
2 1502
2 1503
2 1507
2 1509
2 1511
2 1514
2 1515
2 1518
2 1521
2 1522
2 1523
2 1525
2 1528
2 1529
2 1531
2 1536
2 1537
2 1540
2 1541
2 1542
2 1543
2 1547
2 1553
2 1554
2 1558
2 1559
2 1561
2 1565
2 1566
2 1567
2 1569
2 1570
2 1571
2 1572
2 1573
2 1576
2 1578
2 1579
2 1581
2 1583
2 1584
2 1588
2 1591
2 1594
2 1598
2 1601
2 1602
2 1604
2 1605
2 1606
2 1607
2 1608
2 1609
2 1610
2 1614
2 1616
2 1624
2 1625
2 1627
2 1628
2 1633
2 1634
2 1635
2 1636
2 1637
2 1638
2 1639
2 1640
2 1641
2 1642
2 1643
2 1644
2 1645
2 1646
2 1647
2 1648
2 1649
2 1650
2 1651
2 1652
2 1653
2 1654
2 1655
2 1656
2 1657
2 1658
2 1659
2 1660
2 1661
2 1662
2 1663
2 1664
2 1665
2 1666
2 1667
2 1668
2 1669
2 1670
2 1671
2 1672
2 1673
2 1674
2 1675
2 1676
2 1677
2 1678
2 1679
2 1680
2 1681
2 1682
2 1683
2 1684
2 1685
2 1686
2 1687
2 1688
2 1689
2 1690
2 1691
2 1692
2 1693
2 1694
2 1695
2 1696
2 1697
2 1698
2 1699
2 1700
2 1701
2 1702
2 1703
2 1704
2 1705
2 1706
2 1707
2 1708
2 1709
2 1710
2 1711
2 1712
2 1713
2 1714
2 1715
2 1716
2 1717
2 1718
2 1719
2 1720
2 1721
2 1722
2 1723
2 1724
2 1725
2 1726
2 1727
2 1728
2 1729
2 1730
2 1731
2 1732
2 1733
2 1734
2 1735
2 1736
2 1737
2 1738
2 1739
2 1740
2 1741
2 1742
2 1743
2 1744
2 1745
2 1746
2 1747
2 1748
2 1749
2 1750
2 1751
2 1752
2 1753
2 1754
2 1755
2 1756
2 1757
2 1758
2 1759
2 1760
2 1761
2 1762
2 1763
2 1764
2 1765
2 1766
2 1767
2 1768
2 1769
2 1770
2 1771
2 1772
2 1773
2 1774
2 1775
2 1776
2 1777
2 1778
2 1779
2 1780
2 1781
2 1782
2 1783
2 1784
2 1785
2 1786
2 1787
2 1788
2 1789
2 1790
2 1791
2 1792
2 1793
2 1794
2 1795
2 1796
2 1797
2 1798
2 1799
2 1800
2 1801
2 1802
2 1803
2 1804
2 1805
2 1806
2 1807
2 1808
2 1809
2 1810
2 1811
2 1812
2 1813
2 1814
2 1815
2 1816
2 1817
2 1818
2 1819
2 1820
2 1821
2 1822
2 1823
2 1824
2 1825
2 1826
2 1827
2 1828
2 1829
2 1830
2 1831
2 1832
2 1833
2 1834
2 1835
2 1836
2 1837
2 1838
2 1839
2 1840
2 1841
2 1842
2 1843
2 1844
2 1845
2 1846
2 1847
2 1848
2 1849
2 1850
2 1851
2 1852
2 1853
2 1854
2 1855
2 1856
2 1857
2 1858
2 1859
2 1860
2 1861
2 1862
2 1863
2 1864
2 1865
2 1866
2 1867
2 1868
2 1869
2 1870
2 1871
2 1872
2 1873
2 1874
2 1875
2 1876
2 1877
2 1878
2 1879
2 1880
2 1881
2 1882
2 1883
2 1884
2 1885
2 1886
2 1887
2 1888
2 1889
2 1890
2 1891
2 1892
2 1893
2 1894
2 1895
2 1896
2 1897
2 1898
2 1899
2 1900
2 1901
2 1902
2 1903
2 1904
2 1905
2 1906
2 1907
2 1908
2 1909
2 1910
2 1911
2 1912
2 1913
2 1914
2 1915
2 1916
2 1917
2 1918
2 1919
2 1920
2 1921
2 1922
2 1923
2 1924
2 1925
2 1926
2 1927
2 1928
2 1929
2 1930
2 1931
2 1932
2 1933
2 1934
2 1935
2 1936
2 1937
2 1938
2 1939
2 1940
2 1941
2 1942
2 1943
2 1944
2 1945
2 1946
2 1947
2 1948
2 1949
2 1950
2 1951
2 1952
2 1953
2 1954
2 1955
2 1956
2 1957
2 1958
2 1959
2 1960
2 1961
2 1962
2 1963
2 1964
2 1965
2 1966
2 1967
2 1968
2 1969
2 1970
2 1971
2 1972
2 1973
2 1974
2 1975
2 1976
2 1977
2 1978
2 1979
2 1980
2 1981
2 1982
2 1983
2 1984
2 1985
2 1986
2 1987
2 1988
2 1989
2 1990
2 1991
2 1992
2 1993
2 1994
2 1995
2 1996
2 1997
2 1998
2 1999
2 2000
2 2001
2 2002
2 2003
2 2004
2 2005
