1 1306
1 1931
1 578
1 342
2 727
3 611
3 776
3 620
3 1964
3 461
3 1070
3 1040
4 736
4 867
4 520
4 1943
4 1006
4 911
4 688
4 343
4 1080
4 1561
5 865
5 438
5 357
5 679
5 1867
5 1711
5 385
5 18
5 339
5 2228
5 854
5 1847
5 445
5 1434
5 1597
7 86
7 63
8 1800
8 839
9 145
11 1483
11 741
12 417
13 385
13 453
13 1580
13 1098
13 556
13 498
13 1663
13 1309
13 703
14 345
15 58
15 1303
16 645
16 520
16 1685
16 663
16 1819
16 668
16 1694
16 1157
16 1316
16 682
16 1458
16 821
16 182
16 1337
16 1084
16 587
16 1358
16 1361
16 1238
16 599
16 601
16 732
16 2030
16 1779
16 1780
16 2038
16 2041
16 636
16 637
16 638
17 356
17 2159
18 1282
18 390
18 1733
18 1467
18 671
22 728
22 73
22 377
22 566
22 647
23 347
23 676
23 1830
23 1992
23 1388
23 1100
23 1874
23 1143
23 1851
23 638
24 1409
24 2001
24 1731
24 69
24 1159
24 764
24 711
24 1329
24 1967
24 1841
24 1266
24 1588
24 1494
24 1340
24 984
24 667
24 1084
26 354
26 379
26 386
26 534
27 1585
27 514
29 71
31 2129
31 1346
31 2131
31 517
31 1193
32 410
33 1443
33 732
34 898
34 1542
34 1034
34 2059
34 877
34 400
34 658
34 1559
34 666
34 69
34 2079
34 2082
34 168
34 1834
34 1084
34 1214
34 587
34 580
34 581
34 1481
34 1610
34 1355
34 598
34 1897
34 109
34 371
34 1403
34 1916
34 381
35 2009
35 1475
36 210
36 367
37 768
37 1029
37 1164
37 366
37 1039
37 498
38 578
38 1156
38 1065
38 1101
38 500
38 952
38 708
38 1051
41 546
41 1348
41 712
41 585
41 1546
41 1836
41 1197
41 942
41 434
41 630
41 1466
43 299
44 867
44 623
44 723
44 1463
44 987
44 636
47 350
48 845
48 1046
50 537
50 549
50 1238
51 2153
51 694
52 1417
52 668
52 413
52 61
53 225
53 73
54 75
2057 237
56 646
56 1671
56 1037
56 1167
56 1424
56 1297
56 1685
56 934
56 2215
56 431
56 1714
56 821
56 695
56 963
56 454
56 334
56 1358
56 1241
56 488
56 1258
56 753
56 1522
56 1877
57 402
57 2157
57 861
57 1215
58 1921
58 1922
58 1924
58 1928
58 1291
58 140
58 1677
58 1172
58 1692
58 1823
58 168
58 174
58 956
58 1860
58 1420
58 716
58 1741
58 595
58 599
58 1251
58 1256
58 1001
58 1772
58 1913
58 1906
58 1907
58 1812
59 224
59 514
59 405
60 465
60 391
62 636
62 1323
62 1172
62 343
64 225
64 906
64 1151
64 1117
64 591
66 457
66 74
66 534
68 71
69 489
70 1376
70 1285
70 1006
70 1300
70 890
70 318
71 454
73 384
73 834
73 708
73 982
73 422
73 713
73 426
73 1395
73 2125
73 339
73 1684
73 1156
73 1406
74 2209
74 1156
74 421
75 1120
75 1540
75 1862
75 206
75 1687
75 1145
75 959
76 1401
76 682
76 1234
76 406
78 1944
78 941
78 815
79 740
79 1208
79 588
79 785
79 1048
79 667
80 911
84 448
84 1248
84 514
84 1510
84 1195
84 591
85 449
85 890
85 113
85 692
85 886
85 1172
85 1338
85 829
86 1028
86 777
86 1515
86 1101
86 1008
86 740
86 956
88 384
88 626
88 636
88 661
88 95
89 317
90 217
91 107
92 1569
92 1892
92 1355
92 1420
92 1229
92 685
92 821
92 687
94 105
94 182
94 465
96 1113
96 1213
96 343
98 1161
98 702
100 595
100 387
100 918
100 343
102 1380
104 137
104 406
109 982
109 902
113 384
113 482
113 1323
113 1575
113 1225
113 1543
113 812
113 626
113 564
113 1143
113 120
113 1689
116 504
116 1282
116 742
116 1335
117 833
117 1390
118 381
120 550
122 628
124 1318
124 1158
124 1543
124 1675
124 1329
124 790
124 793
124 731
124 734
125 1306
125 741
125 798
125 655
126 658
127 1008
127 156
128 624
129 676
132 769
133 1427
133 796
134 1771
134 884
134 629
136 1211
140 187
141 706
142 1536
142 2181
142 1034
142 2189
142 1299
142 1471
142 2198
142 1692
142 2207
142 545
142 547
142 1189
142 2033
142 1841
142 1588
142 566
142 702
142 1855
142 708
142 583
142 1996
142 1805
142 343
142 734
142 1403
142 1643
142 1772
142 1390
142 1265
142 500
142 379
142 893
143 1816
143 1488
143 489
143 716
143 431
144 543
145 1382
153 1112
153 1113
156 1295
158 739
158 708
160 871
164 216
166 624
166 517
166 583
166 872
166 1803
166 1068
166 1229
166 1038
166 1136
166 1553
166 1491
166 1336
166 2105
166 1018
166 732
166 446
166 1697
168 1129
168 242
171 1083
171 445
172 217
174 1195
174 1128
174 803
174 1037
177 616
177 773
178 1486
182 233
183 1536
183 387
183 1293
183 598
184 944
184 1587
184 732
184 421
184 702
185 387
185 1286
185 682
185 891
185 753
185 1399
185 347
186 256
188 762
195 480
195 937
195 1386
195 398
195 713
198 672
198 836
198 397
200 1944
203 1282
203 678
203 967
203 1228
203 1602
203 1683
203 630
207 293
208 1931
217 749
217 301
217 263
222 846
231 545
232 352
233 819
235 745
241 766
242 884
243 636
243 1326
246 1137
247 1002
248 893
254 417
255 337
260 963
260 423
261 1225
261 626
262 846
265 657
271 724
279 849
279 2212
279 1078
281 939
286 1026
287 1047
288 1577
288 859
288 1347
288 421
288 1485
289 2137
290 1065
291 1514
295 520
295 489
111 730
111 494
314 1577
314 716
314 361
314 792
314 1145
314 764
314 509
320 1159
322 187
324 1970
325 645
327 557
330 1214
331 1985
331 1730
331 934
331 711
331 1577
331 1226
331 821
331 1974
331 1471
331 1052
331 1086
331 1983
334 1936
334 1937
445 83
81 1140
81 670
83 512
83 1589
555 150
577 187
619 105
105 705
732 187
764 187
899 187
934 187
956 187
965 180
1052 187
187 1354
187 1790
187 1694
187 2005
205 1390
