1 3
1 10
1 404
1 1948
1 1949
1 1187
1 421
1 424
1 939
1 1073
1 50
1 350
1 950
1 1208
1 849
1 339
1 1118
1 225
1 741
1 745
1 625
1 759
1 893
2 972
2 1195
2 556
2 1004
2 207
2 371
2 340
2 693
2 376
2 628
2 591
2 636
2 541
3 1
3 1155
3 645
3 902
3 1031
3 661
3 1175
3 413
3 581
3 800
3 421
3 1961
3 1322
3 427
3 693
3 1207
3 832
3 578
3 69
3 585
3 1227
3 1963
3 341
3 599
3 1505
3 612
3 1383
3 745
3 1516
3 499
3 759
3 1528
3 507
3 1962
4 1027
4 1031
4 1546
4 527
4 1559
4 538
4 547
4 1458
4 54
4 56
4 58
4 75
4 591
4 595
4 1112
4 1117
4 1643
4 1810
4 623
4 626
4 1143
4 1145
4 636
4 638
4 1152
4 647
4 364
4 140
4 1174
4 1180
4 884
4 676
4 1189
4 174
4 1205
4 697
4 1731
4 716
4 206
4 723
4 1241
4 735
4 737
4 1250
4 1253
4 1257
4 1260
4 753
4 1266
4 1274
4 1796
4 786
4 789
4 1304
4 1818
4 801
4 1831
4 1834
4 1841
4 1330
4 316
4 1864
4 341
4 344
4 873
4 1388
4 878
4 372
4 1403
4 1406
4 1407
4 1413
4 908
4 401
4 1941
4 406
4 414
4 1450
4 940
4 946
4 440
4 441
4 1470
4 970
4 459
4 972
4 1485
4 1486
4 1488
4 1492
4 1942
4 472
4 989
4 482
4 483
4 997
4 1001
4 500
4 503
4 506
5 515
5 1196
5 1039
5 531
5 536
5 544
5 1570
5 548
5 556
5 2226
5 560
5 50
5 1596
5 1090
5 582
5 1607
5 1097
5 586
5 1099
5 1614
5 1103
5 593
5 597
5 1622
5 599
5 1626
5 603
5 92
5 2234
5 610
5 1467
5 613
5 1640
5 618
5 1646
5 1469
5 1651
5 1142
5 1656
5 2239
5 1153
5 1160
5 1676
5 654
5 1679
5 1560
5 1682
5 660
5 1180
5 1186
5 1700
5 1703
5 1705
5 684
5 2225
5 178
5 2227
5 2229
5 2230
5 2231
5 2232
5 2233
5 1722
5 2235
5 2236
5 2237
5 2238
5 703
5 1217
5 707
5 710
5 1231
5 1748
5 218
5 1243
5 221
5 1246
5 1759
5 224
5 738
5 1773
5 750
5 751
5 755
5 1269
5 1833
5 1785
5 1799
5 1291
5 1813
5 1309
5 1584
5 1319
5 1321
5 903
5 1839
5 1333
5 1334
5 905
5 1344
5 1858
5 1859
5 1869
5 1166
5 344
5 350
5 351
5 352
5 353
5 1495
5 360
5 364
5 366
5 1856
5 389
5 1414
5 391
5 393
5 394
5 395
5 1421
5 910
5 399
5 916
5 1429
5 409
5 922
5 411
5 412
5 420
5 1452
5 430
5 1455
5 945
5 435
5 1461
5 443
5 1098
5 447
5 451
5 964
5 453
5 973
5 974
5 463
5 465
5 468
5 471
5 478
5 484
5 487
5 1513
5 1517
5 498
5 1012
5 505
5 1022
6 1312
6 1377
6 898
6 682
6 1474
6 1519
6 789
6 1494
6 1145
6 345
6 541
6 605
7 163
7 36
7 54
7 38
7 551
7 73
7 842
7 45
7 142
7 61
7 16
7 433
7 209
7 52
7 21
7 374
7 314
7 667
7 346
7 58
7 62
8 192
8 1057
8 1154
8 355
8 965
8 1041
8 396
8 566
8 1132
8 562
8 368
8 305
8 882
8 1139
8 1270
8 120
8 1307
8 347
8 668
8 349
8 287
9 418
9 931
9 1092
9 1148
9 141
9 348
10 1
10 424
10 364
10 792
10 946
10 339
10 342
10 88
10 350
11 1156
11 1157
11 1803
11 1433
11 389
11 1314
11 436
11 53
11 54
11 446
11 1014
11 838
11 1223
11 1359
11 1363
11 1496
11 477
11 352
11 2148
11 2149
11 2150
11 1257
11 364
11 110
11 630
11 1273
11 1146
11 1405
12 354
12 228
12 534
12 358
12 647
12 361
12 524
12 66
12 386
12 370
12 22
12 457
12 408
12 388
12 26
12 379
12 574
12 377
13 515
13 1669
13 1414
13 391
13 1160
13 394
13 395
13 1676
13 1166
13 18
13 660
13 750
13 1560
13 409
13 1434
13 1691
13 412
13 1055
13 1698
13 420
13 1319
13 1576
13 903
13 1196
13 1711
13 178
13 1715
13 804
13 1246
13 443
13 705
13 1291
13 452
13 1217
13 1607
13 586
13 1099
13 1231
13 339
13 468
13 597
13 471
13 344
13 548
13 603
13 221
13 350
13 351
13 224
13 353
13 1595
13 484
13 357
13 1495
13 487
13 360
13 1513
13 1682
13 366
13 751
13 1640
13 1651
13 1012
13 788
13 1016
13 505
13 1022
14 980
15 386
15 22
15 134
15 647
15 524
15 142
15 534
15 24
15 1051
15 417
15 34
15 1190
15 56
15 314
15 187
15 574
15 66
15 457
15 866
15 1208
15 984
15 354
15 358
15 361
15 877
15 1214
15 1137
15 370
15 1086
15 377
15 379
16 1536
16 2048
16 1026
16 2051
16 1028
16 517
16 1542
16 7
16 2056
16 2057
16 1034
16 2059
16 524
16 2050
16 2062
16 2063
16 2064
16 2065
16 20
16 22
16 1047
16 2052
16 1052
16 1565
16 2053
16 545
16 549
16 1577
16 1578
16 2055
16 1068
16 557
16 1288
16 1586
16 1588
16 54
16 55
16 1080
16 1593
16 1546
16 574
16 1088
16 577
16 66
16 580
16 69
16 583
16 72
16 2060
16 1101
16 2061
16 1105
16 594
16 1470
16 598
16 1114
16 1117
16 609
16 2049
16 2032
16 1126
16 104
16 1129
16 1494
16 1643
16 624
16 616
16 1214
16 1654
16 873
16 1145
16 1772
16 640
16 641
16 534
16 646
16 135
16 648
16 1161
16 791
16 140
16 1897
16 1170
16 1684
16 1173
16 1174
16 1687
16 152
16 1917
16 667
16 1180
16 1641
16 1137
16 168
16 1308
16 685
16 177
16 1714
16 181
16 697
16 1724
16 190
16 705
16 1730
16 708
16 1222
16 711
16 713
16 1230
16 1234
16 1749
16 1750
16 217
16 731
16 2019
16 736
16 1250
16 1251
16 740
16 1253
16 1254
16 1767
16 1257
16 1770
16 1771
16 1260
16 1775
16 1265
16 1782
16 1783
16 1021
16 2054
16 1919
16 1788
16 766
16 1920
16 773
16 775
16 776
16 777
16 1291
16 780
16 1293
16 1808
16 786
16 1812
16 1838
16 790
16 279
16 792
16 1817
16 796
16 1822
16 1823
16 1841
16 1834
16 1159
16 302
16 1329
16 1330
16 819
16 1845
16 1849
16 1340
16 2058
16 1855
16 2022
16 1860
16 566
16 1862
16 1863
16 1864
16 1176
16 2018
16 334
16 339
16 341
16 342
16 343
16 344
16 1252
16 1883
16 1374
16 2021
16 1888
16 912
16 354
16 1892
16 1381
16 358
16 872
16 361
16 2023
16 364
16 1390
16 2024
16 370
16 1395
16 316
16 1086
16 375
16 1401
16 1915
16 1916
16 381
16 1407
16 384
16 1600
16 898
16 899
16 1403
16 389
16 1417
16 1420
16 909
16 400
16 1425
16 403
16 1384
16 235
16 921
16 1241
16 411
16 1843
16 1437
16 581
16 1441
16 1179
16 423
16 934
16 753
16 1450
16 940
16 2034
16 1861
16 946
16 2035
16 956
16 446
16 959
16 963
16 454
16 455
16 457
16 2039
16 461
16 2040
16 1491
16 1493
16 1285
16 2042
16 474
16 1530
16 2014
16 2015
16 2016
16 2017
16 1506
16 483
16 2020
16 422
16 486
16 999
16 488
16 2025
16 2026
16 2027
16 2028
16 2029
16 2031
16 496
16 2033
16 1522
16 499
16 2036
16 2037
16 503
16 504
16 506
16 2043
16 2044
16 2045
16 2046
16 2047
17 969
17 372
17 789
17 966
18 342
18 1544
18 13
18 1045
18 1052
18 1571
18 557
18 1070
18 1073
18 50
18 563
18 2142
18 60
18 1606
18 586
18 77
18 592
18 593
18 596
18 1622
18 1115
18 2141
18 1118
18 1119
18 1123
18 1636
18 613
18 618
18 1673
18 1674
18 452
18 1734
18 1702
18 1194
18 1708
18 1709
18 1199
18 1725
18 1726
18 709
18 1222
18 376
18 1237
18 225
18 1272
18 780
18 558
18 792
18 1305
18 805
18 1613
18 840
18 1362
18 339
18 853
18 854
18 399
18 350
18 351
18 352
18 1379
18 364
18 1389
18 374
18 888
18 916
18 378
18 910
18 1935
18 404
18 1440
18 935
18 424
18 430
18 1455
18 1456
18 436
18 438
18 74
18 964
18 974
18 463
18 760
18 1492
18 986
18 988
18 1501
18 479
18 995
18 491
18 1517
18 1007
18 508
18 1021
18 1534
18 1023
19 511
19 918
19 359
20 16
20 450
20 771
20 362
20 75
20 813
20 400
20 689
20 55
20 24
21 577
21 715
21 71
21 363
21 1198
21 1010
21 887
21 7
21 1241
21 956
21 29
21 1249
22 1281
22 386
22 1409
22 1034
22 12
22 1410
22 142
22 15
22 16
22 963
22 534
22 663
22 24
22 26
22 417
22 34
22 1317
22 934
22 295
22 184
22 185
22 314
22 1214
22 66
22 195
22 574
22 457
22 714
22 866
22 464
22 983
22 984
22 143
22 58
22 354
22 358
22 361
22 1518
22 1135
22 370
22 1086
22 890
22 379
22 524
23 1792
23 1537
23 811
23 900
23 645
23 1543
23 1419
23 908
23 1805
23 1806
23 527
23 1552
23 124
23 1172
23 661
23 662
23 279
23 1304
23 538
23 1180
23 541
23 1310
23 675
23 1828
23 1129
23 1835
23 812
23 1837
23 285
23 1329
23 947
23 692
23 1195
23 1334
23 951
23 1600
23 564
23 1085
23 1854
23 1216
23 1001
23 1562
23 707
23 966
23 1352
23 1225
23 1275
23 1463
23 1356
23 1250
23 591
23 1489
23 1716
23 398
23 598
23 441
23 729
23 858
23 987
23 459
23 685
23 482
23 867
23 350
23 999
23 488
23 932
23 691
23 483
23 878
23 1213
23 753
23 626
23 723
23 628
23 117
23 873
23 343
23 448
23 1257
23 636
23 746
23 1150
24 1026
24 1028
24 1031
24 1034
24 1037
24 15
24 1553
24 20
24 22
24 1881
24 1050
24 1052
24 545
24 1579
24 1996
24 557
24 1582
24 776
24 566
24 1079
24 1080
24 577
24 581
24 584
24 1610
24 592
24 1105
24 594
24 595
24 89
24 1119
24 608
24 1808
24 611
24 614
24 1041
24 1127
24 624
24 1137
24 1214
24 1145
24 1078
24 641
24 648
24 1161
24 657
24 1173
24 1687
24 668
24 1136
24 1189
24 166
24 168
24 1205
24 695
24 1724
24 702
24 1215
24 708
24 713
24 1226
24 1997
24 1234
24 731
24 734
24 2000
24 1403
24 740
24 741
24 506
24 1767
24 1260
24 1782
24 1276
24 775
24 1288
24 777
24 1293
24 1296
24 1299
24 790
24 793
24 1308
24 803
24 1316
24 1317
24 1073
24 302
24 1327
24 1848
24 1337
24 316
24 54
24 1862
24 331
24 1868
24 1358
24 848
24 1252
24 1370
24 859
24 1765
24 353
24 872
24 1390
24 1395
24 884
24 891
24 1406
24 898
24 389
24 1420
24 911
24 912
24 413
24 934
24 943
24 946
24 956
24 1473
24 963
24 1988
24 1989
24 1990
24 1991
24 1992
24 1993
24 1994
24 1995
24 972
24 461
24 1998
24 1999
24 1488
24 2002
24 1870
24 474
24 477
24 1506
24 422
24 489
24 496
24 499
24 500
24 505
24 1018
24 507
24 509
25 547
25 37
25 778
25 459
25 365
25 590
25 591
25 913
25 722
25 886
25 121
25 794
25 380
25 479
26 192
26 417
26 66
26 22
26 358
26 361
26 12
26 866
26 370
26 758
26 457
26 377
26 732
26 157
26 574
27 1664
27 1156
27 1031
27 1032
27 1801
27 912
27 536
27 1811
27 1430
27 792
27 1820
27 798
27 288
27 545
27 931
27 732
27 742
27 560
27 830
27 816
27 69
27 846
27 1109
27 982
27 1114
27 1755
27 860
27 1117
27 863
27 738
27 996
27 1253
27 486
27 1128
27 1002
27 364
27 749
27 367
27 1138
27 500
27 1065
27 1791
28 369
28 444
28 261
28 798
29 449
29 971
29 744
29 714
29 203
29 371
29 21
30 850
30 372
30 749
30 862
31 1282
31 644
31 389
31 648
31 1037
31 782
31 912
31 1047
31 1048
31 668
31 803
31 1192
31 681
31 54
31 188
31 446
31 1087
31 834
31 707
31 1221
31 2126
31 2127
31 2128
31 2130
31 2132
31 1375
31 872
31 235
31 110
31 1141
31 630
31 1449
31 1018
32 1496
32 793
32 1931
32 373
32 2101
33 641
33 517
33 648
33 1037
33 782
33 912
33 2066
33 2069
33 790
33 1048
33 282
33 667
33 668
33 1306
33 389
33 803
33 1192
33 566
33 1079
33 1375
33 959
33 707
33 1590
33 1358
33 592
33 724
33 1038
33 731
33 1629
33 351
33 740
33 1127
33 872
33 1260
33 374
33 1016
33 1018
33 638
34 1537
34 1026
34 1027
34 517
34 2058
34 524
34 1038
34 15
34 1112
34 533
34 22
34 2072
34 2073
34 2074
34 2075
34 1052
34 541
34 2078
34 2053
34 2080
34 2081
34 547
34 2084
34 2085
34 2086
34 1575
34 2088
34 1577
34 2090
34 43
34 2092
34 1638
34 1073
34 566
34 56
34 57
34 1086
34 1091
34 583
34 75
34 594
34 595
34 600
34 527
34 609
34 1126
34 614
34 104
34 1129
34 1895
34 621
34 1137
34 116
34 1470
34 1641
34 1145
34 637
34 640
34 1154
34 1156
34 1157
34 646
34 135
34 1161
34 140
34 1677
34 143
34 145
34 662
34 2091
34 154
34 2016
34 1694
34 1699
34 1189
34 2076
34 682
34 1195
34 1197
34 686
34 687
34 1506
34 1717
34 697
34 707
34 711
34 716
34 1234
34 2083
34 727
34 1241
34 731
34 1245
34 224
34 1252
34 1766
34 1767
34 1256
34 1770
34 2087
34 1772
34 1774
34 753
34 1780
34 2089
34 764
34 1794
34 1795
34 1797
34 776
34 1802
34 1293
34 1816
34 1458
34 1808
34 786
34 899
34 279
34 792
34 1818
34 2021
34 1308
34 1288
34 801
34 1316
34 647
34 1837
34 302
34 1333
34 1337
34 316
34 1845
34 1001
34 736
34 1860
34 1078
34 1835
34 1868
34 1357
34 334
34 847
34 848
34 1080
34 339
34 341
34 343
34 1764
34 859
34 1887
34 354
34 1891
34 1579
34 1381
34 1894
34 359
34 1340
34 1898
34 1426
34 1390
34 1395
34 372
34 375
34 685
34 1920
34 387
34 1925
34 1420
34 911
34 1424
34 1425
34 402
34 403
34 921
34 934
34 423
34 425
34 2077
34 946
34 2035
34 446
34 1473
34 1475
34 1488
34 1492
34 1494
34 1701
34 984
34 474
34 1502
34 1503
34 480
34 67
34 422
34 486
34 2024
34 489
34 1003
34 1006
34 497
34 499
34 1525
34 2038
34 507
34 1532
35 770
35 645
35 520
35 1045
35 1563
35 1180
35 1065
35 557
35 51
35 694
35 1341
35 712
35 1487
35 376
35 852
35 2006
35 2007
35 2008
35 988
35 1117
35 479
35 1124
35 741
35 1127
35 364
35 367
35 503
35 504
36 64
36 1217
36 741
36 7
36 906
36 1932
36 206
36 665
36 1183
36 1119
37 385
37 515
37 903
37 1196
37 394
37 395
37 915
37 25
37 409
37 922
37 412
37 1055
37 544
37 1186
37 420
37 556
37 430
37 435
37 447
37 704
37 707
37 453
37 582
37 1098
37 974
37 468
37 1109
37 344
37 218
37 603
37 221
37 224
37 353
37 484
37 613
37 487
37 360
37 1131
37 751
37 755
37 1269
37 1142
37 1272
37 761
37 703
37 1022
38 384
38 1026
38 1796
38 773
38 7
38 912
38 1112
38 1300
38 796
38 287
38 545
38 1571
38 421
38 2086
38 423
38 1067
38 946
38 1205
38 1206
38 1631
38 957
38 454
38 1865
38 1226
38 972
38 846
38 849
38 595
38 1620
38 1486
38 982
38 984
38 1113
38 987
38 735
38 1350
38 744
38 1063
38 1085
38 626
38 755
38 1401
38 2170
38 2171
38 381
38 1406
39 322
39 746
39 382
40 656
40 699
40 383
41 1033
41 1548
41 1554
41 1046
41 538
41 541
41 542
41 547
41 549
41 2099
41 564
41 1592
41 67
41 1093
41 1608
41 1097
41 1612
41 591
41 1106
41 636
41 1661
41 1665
41 1170
41 448
41 1174
41 663
41 666
41 675
41 676
41 681
41 1195
41 1718
41 1213
41 1727
41 1732
41 1739
41 1740
41 727
41 728
41 1760
41 1260
41 1777
41 1778
41 1274
41 1789
41 1291
41 1292
41 1100
41 1809
41 1814
41 1311
41 1829
41 1318
41 1832
41 1840
41 1842
41 1844
41 1850
41 1503
41 831
41 1351
41 840
41 339
41 342
41 343
41 347
41 350
41 865
41 1379
41 913
41 1386
41 371
41 376
41 890
41 384
41 390
41 1418
41 907
41 908
41 397
41 401
41 1431
41 1435
41 932
41 424
41 1462
41 1463
41 440
41 1472
41 1477
41 1481
41 459
41 1484
41 466
41 1496
41 475
41 479
41 480
41 483
41 1508
41 488
41 1004
41 493
41 1425
41 1529
42 145
42 1124
42 469
43 34
43 931
43 165
43 238
43 846
43 56
43 57
44 598
44 1033
44 523
44 525
44 527
44 538
44 541
44 547
44 1067
44 557
44 564
44 1592
44 1085
44 575
44 1600
44 1602
44 67
44 1604
44 585
44 591
44 1464
44 2134
44 109
44 626
44 628
44 117
44 1143
44 1150
44 1472
44 642
44 645
44 1172
44 661
44 662
44 663
44 672
44 1189
44 1203
44 693
44 1719
44 701
44 1218
44 1737
44 714
44 1244
44 744
44 755
44 638
44 1271
44 1274
44 789
44 1304
44 285
44 1310
44 287
44 1345
44 1419
44 1352
44 1420
44 1366
44 343
44 347
44 350
44 1386
44 875
44 878
44 370
44 371
44 376
44 893
44 384
44 907
44 908
44 397
44 398
44 1436
44 925
44 932
44 942
44 1437
44 947
44 1353
44 440
44 954
44 443
44 959
44 448
44 449
44 966
44 459
44 972
44 464
44 1489
44 1498
44 479
44 483
44 488
44 1006
44 1521
44 1524
44 460
45 833
45 66
45 773
45 7
45 972
45 624
45 692
45 88
46 381
47 225
47 406
47 1095
47 424
47 937
47 879
47 936
47 339
47 342
47 376
48 1195
48 772
48 1430
48 1927
48 141
48 654
48 657
48 1298
48 790
48 663
48 920
48 666
48 667
48 541
48 155
48 937
48 939
48 1074
48 2098
48 1079
48 707
48 966
48 1358
48 724
48 1038
48 1239
48 601
48 731
48 104
48 488
48 626
48 117
48 2167
48 120
48 636
48 341
49 387
49 581
49 422
50 1
50 900
50 5
50 902
50 392
50 1935
50 18
50 1156
50 901
50 928
50 838
50 940
50 688
50 439
50 952
50 64
50 1346
50 964
50 965
50 454
50 596
50 1878
50 599
50 996
50 421
50 868
50 741
50 742
50 745
50 364
50 645
50 504
50 766
51 1540
51 645
51 1167
51 1425
51 1944
51 792
51 517
51 545
51 35
51 804
51 805
51 560
51 1204
51 952
51 1346
51 587
51 453
51 843
51 731
51 1117
51 96
51 1378
51 2151
51 2152
51 745
51 2154
51 620
51 504
52 1538
52 1668
52 1558
52 7
52 776
52 1289
52 397
52 403
52 1174
52 801
52 423
52 1192
52 682
52 1800
52 1588
52 1846
52 1335
52 952
52 2108
52 2109
52 2110
52 2111
52 2112
52 2113
52 2114
52 2115
52 1993
52 1482
52 75
52 1484
52 1358
52 1363
52 731
52 817
52 740
52 1253
52 1260
52 624
52 1265
52 1779
52 963
52 761
52 638
53 1953
53 322
53 1483
53 871
53 650
53 11
53 653
53 398
53 367
53 912
53 1394
53 1523
53 692
53 1110
53 717
53 1151
53 1114
53 514
53 799
54 2144
54 2145
54 11
54 4
54 1669
54 198
54 7
54 31
54 551
54 331
54 110
54 16
54 433
54 142
54 24
54 260
54 58
54 1211
54 250
54 926
54 63
55 960
55 16
55 771
55 142
55 400
55 689
55 20
55 149
55 761
55 927
56 1026
56 4
56 517
56 520
56 1034
56 15
56 1552
56 1553
56 1047
56 1028
56 1562
56 541
56 1797
56 1569
56 34
56 1575
56 43
56 1073
56 1075
56 1588
56 1080
56 1546
56 1088
56 1089
56 580
56 583
56 1096
56 587
56 594
56 1621
56 90
56 1117
56 344
56 611
56 1638
56 616
56 444
56 1643
56 109
56 1135
56 624
56 1649
56 626
56 1299
56 1652
56 117
56 1658
56 1147
56 641
56 1667
56 1157
56 135
56 1161
56 140
56 143
56 2221
56 659
56 1173
56 1687
56 152
56 1690
56 1179
56 1180
56 1695
56 1696
56 1185
56 1819
56 676
56 2213
56 2214
56 1191
56 168
56 2217
56 682
56 2219
56 2220
56 685
56 182
56 697
56 1724
56 1214
56 1141
56 708
56 711
56 1229
56 1230
56 1741
56 1234
56 1750
56 1751
56 1752
56 217
56 732
56 733
56 734
56 736
56 740
56 1256
56 1257
56 1771
56 1260
56 238
56 1775
56 1264
56 1267
56 1268
56 1764
56 1782
56 1787
56 773
56 775
56 1288
56 1801
56 1293
56 1807
56 1296
56 1810
56 787
56 789
56 790
56 793
56 1307
56 1308
56 1822
56 1824
56 1316
56 1841
56 2209
56 1159
56 814
56 1329
56 1845
56 1336
56 1337
56 1647
56 316
56 317
56 1758
56 1347
56 1861
56 1491
56 1866
56 1355
56 845
56 846
56 1873
56 339
56 717
56 1252
56 1371
56 796
56 657
56 872
56 1390
56 302
56 884
56 891
56 1404
56 1406
56 387
56 2113
56 909
56 1426
56 403
56 918
56 235
56 921
56 1437
56 930
56 1838
56 421
56 422
56 946
56 1972
56 1780
56 955
56 956
56 957
56 1470
56 1471
56 1697
56 1485
56 467
56 1494
56 1509
56 1003
56 1704
56 503
56 1018
56 2216
56 1020
56 2218
57 1216
57 34
57 741
57 742
57 425
57 43
57 621
57 1277
57 497
57 1245
57 1172
57 533
57 598
57 681
57 948
57 474
57 571
57 1180
57 1213
57 766
57 637
58 1026
58 1027
58 4
58 517
58 7
58 520
58 1034
58 1897
58 1037
58 1038
58 527
58 1041
58 958
58 22
58 1559
58 516
58 1052
58 541
58 1569
58 547
58 1577
58 557
58 1585
58 1586
58 898
58 1589
58 54
58 1080
58 1593
58 1084
58 1085
58 574
58 577
58 580
58 581
58 587
58 866
58 1105
58 594
58 598
58 1551
58 604
58 1126
58 614
58 1127
58 616
58 1129
58 1643
58 1810
58 624
58 1649
58 1652
58 446
58 873
58 120
58 1145
58 637
58 638
58 640
58 645
58 646
58 1159
58 648
58 1161
58 139
58 1167
58 657
58 1883
58 1173
58 662
58 1687
58 1688
58 1220
58 666
58 1903
58 1028
58 163
58 165
58 1137
58 1704
58 1308
58 682
58 685
58 687
58 1201
58 692
58 1205
58 182
58 891
58 884
58 1214
58 1141
58 1730
58 708
58 1222
58 711
58 713
58 1229
58 791
58 1234
58 1749
58 727
58 1752
58 1241
58 731
58 735
58 736
58 1638
58 1764
58 1253
58 1254
58 1767
58 744
58 1257
58 1770
58 1260
58 1917
58 1898
58 1265
58 1780
58 1786
58 763
58 764
58 766
58 1793
58 1282
58 1795
58 1796
58 773
58 775
58 776
58 1289
58 780
58 1293
58 472
58 786
58 1923
58 790
58 279
58 792
58 793
58 1818
58 1819
58 796
58 389
58 1824
58 801
58 1919
58 1158
58 1320
58 1834
58 302
58 1329
58 1330
58 819
58 1374
58 821
58 1929
58 1337
58 1641
58 316
58 1853
58 1347
58 1862
58 1864
58 1354
58 1355
58 334
58 848
58 1361
58 343
58 1880
58 1881
58 1882
58 859
58 1884
58 1885
58 1886
58 1887
58 1888
58 1889
58 1890
58 1891
58 1892
58 1893
58 1894
58 1895
58 1896
58 361
58 362
58 1899
58 1900
58 1901
58 1390
58 317
58 1904
58 1905
58 370
58 1395
58 1908
58 1086
58 1910
58 1911
58 1912
58 1914
58 1915
58 1916
58 746
58 1918
58 1407
58 1920
58 386
58 387
58 1174
58 1926
58 1927
58 1416
58 1417
58 908
58 909
58 911
58 400
58 1426
58 403
58 920
58 1437
58 1439
58 1441
58 423
58 422
58 753
58 372
58 429
58 1458
58 1523
58 1694
58 1902
58 1866
58 1470
58 354
58 1485
58 1488
58 675
58 1766
58 1925
58 1497
58 1502
58 1189
58 1872
58 1787
58 934
58 999
58 489
58 1003
58 1670
58 499
58 1909
58 504
58 507
58 509
59 1152
59 1167
59 1552
59 657
59 413
59 672
59 1454
59 952
59 441
59 701
59 830
59 580
59 1479
59 1226
59 972
59 845
59 1358
59 1360
59 1336
59 601
59 602
59 527
59 1632
59 1761
59 482
59 1507
59 1745
59 362
59 1135
59 893
60 515
60 1800
60 1931
60 18
60 916
60 409
60 668
60 420
60 412
60 940
60 952
60 1344
60 705
60 836
60 453
60 1099
60 593
60 468
60 344
60 1243
60 860
60 221
60 1247
60 224
60 353
60 484
60 849
60 364
60 498
60 1012
60 1321
60 1372
60 1022
61 7
61 939
61 626
61 472
61 2009
61 1085
62 384
62 747
62 7
62 1931
62 908
62 1046
62 407
62 1306
62 541
62 542
62 672
62 545
62 1444
62 666
62 942
62 693
62 1462
62 701
62 447
62 459
62 591
62 1495
62 728
62 1369
62 1242
62 347
62 991
62 864
62 354
62 483
62 488
62 746
62 363
62 1261
62 1392
62 1143
62 120
62 762
63 54
64 1281
64 514
64 1195
64 645
64 987
64 397
64 1425
64 665
64 796
64 773
64 376
64 675
64 36
64 1067
64 1071
64 944
64 50
64 564
64 952
64 699
64 1343
64 448
64 833
64 708
64 1481
64 459
64 1356
64 846
64 849
64 210
64 727
64 728
64 1113
64 1242
64 475
64 1119
64 993
64 1378
64 741
64 1002
64 1004
64 367
64 626
64 371
64 504
64 890
64 636
64 893
64 1183
65 600
65 411
65 718
65 451
66 417
66 386
66 379
66 16
66 679
66 73
66 714
66 12
66 354
66 142
66 45
66 848
66 1235
66 22
66 361
66 377
66 26
66 15
66 92
66 254
67 225
67 34
67 1035
67 262
67 104
67 41
67 203
67 44
67 239
67 1939
67 504
68 724
68 746
68 348
68 373
68 566
69 611
69 3
69 100
69 461
69 499
69 16
69 595
69 500
69 87
69 27
69 413
69 507
70 1284
70 773
70 139
70 781
70 1174
70 538
70 667
70 1181
70 414
70 547
70 678
70 423
70 1065
70 1324
70 2222
70 2223
70 2224
70 1329
70 946
70 564
70 1054
70 1465
70 666
70 343
70 1163
70 966
70 455
70 972
70 716
70 1051
70 693
70 727
70 728
70 987
70 354
70 739
70 1381
70 488
70 1385
70 1447
70 749
70 1391
70 370
70 755
70 117
70 630
70 376
70 1407
70 1021
70 511
71 96
71 199
71 146
71 21
71 150
71 415
72 416
72 993
72 1412
72 406
72 678
72 481
72 681
72 652
72 637
72 495
72 1072
72 2069
72 1398
72 2116
72 1210
72 1343
72 704
72 474
72 16
73 1536
73 1026
73 1027
73 7
73 524
73 541
73 1569
73 1575
73 1065
73 1066
73 557
73 1588
73 1078
73 1084
73 66
73 1091
73 2117
73 2118
73 2119
73 2120
73 2121
73 2122
73 75
73 2124
73 1101
73 591
73 1105
73 599
73 1113
73 1117
73 1119
73 609
73 611
73 1124
73 1128
73 1130
73 1137
73 1470
73 1897
73 1145
73 1658
73 1149
73 645
73 646
73 650
73 1174
73 1688
73 668
73 1694
73 1189
73 1704
73 682
73 1195
73 685
73 372
73 1214
73 707
73 545
73 1740
73 718
73 1485
73 1234
73 727
73 1241
73 1754
73 1755
73 736
73 1251
73 1252
73 741
73 1254
73 1256
73 1260
73 749
73 1775
73 1265
73 1782
73 1577
73 766
73 1288
73 1291
73 1296
73 1810
73 1299
73 790
73 791
73 1819
73 1822
73 1823
73 302
73 1841
73 821
73 1849
73 1503
73 1350
73 1864
73 1356
73 341
73 342
73 344
73 350
73 1384
73 361
73 362
73 875
73 367
73 884
73 375
73 1401
73 891
73 898
73 389
73 1417
73 911
73 912
73 1603
73 417
73 419
73 934
73 1692
73 1450
73 946
73 1973
73 956
73 446
73 1157
73 1473
73 2123
73 454
73 1994
73 972
73 461
73 1491
73 1494
73 477
73 1502
73 479
73 1506
73 1001
73 1008
73 500
73 1525
73 503
73 507
73 2046
74 578
74 1253
74 902
74 1927
74 745
74 1931
74 781
74 944
74 18
74 854
74 953
74 731
74 191
75 1027
75 4
75 389
75 646
75 1671
75 520
75 1559
75 782
75 527
75 1168
75 1553
75 2066
75 2067
75 20
75 279
75 1306
75 1403
75 1818
75 158
75 773
75 474
75 1185
75 34
75 1316
75 1189
75 422
75 1704
75 1577
75 426
75 500
75 687
75 1841
75 946
75 52
75 1694
75 1080
75 180
75 187
75 1084
75 1473
75 837
75 1313
75 73
75 1485
75 974
75 1588
75 848
75 1105
75 595
75 1849
75 884
75 1488
75 611
75 740
75 934
75 1127
75 1724
75 1542
75 1643
75 637
75 1251
75 626
75 83
75 372
75 776
75 1016
75 1172
75 506
75 891
75 801
75 1406
76 1026
76 1542
76 1161
76 651
76 912
76 786
76 532
76 279
76 538
76 541
76 816
76 421
76 1137
76 1735
76 428
76 302
76 688
76 1080
76 1084
76 1086
76 194
76 1987
76 407
76 711
76 1480
76 1655
76 1358
76 341
76 342
76 343
76 1530
76 1573
76 992
76 1256
76 361
76 362
76 878
76 753
76 1001
76 1396
76 1470
76 873
76 506
76 1621
77 802
77 1094
77 785
77 458
77 237
77 1134
77 432
77 593
77 18
77 563
77 885
77 376
77 954
78 1056
78 1346
78 1415
78 488
78 584
78 1931
78 429
78 335
78 145
78 904
78 594
78 663
78 370
78 1306
78 155
78 1224
78 509
78 589
79 1024
79 1025
79 517
79 774
79 1031
79 648
79 1036
79 1037
79 782
79 790
79 1050
79 924
79 1306
79 1954
79 803
79 668
79 1068
79 945
79 434
79 1715
79 566
79 833
79 707
79 965
79 1292
79 1611
79 1233
79 1955
79 1620
79 1111
79 732
79 872
79 1260
79 1144
79 635
80 322
80 1219
80 718
80 752
80 195
80 437
80 793
80 474
80 763
80 826
80 382
81 1047
81 622
81 501
81 663
81 1240
81 442
81 795
82 825
82 846
82 1103
82 1232
82 1015
82 536
82 569
82 1212
82 445
82 1950
83 1280
83 1025
83 1666
83 1259
83 698
83 389
83 595
83 648
83 1545
83 1611
83 1038
83 1048
83 707
83 1146
83 790
83 536
83 667
83 668
83 1693
83 517
83 155
83 1061
83 1192
83 1628
83 1706
83 1327
83 434
83 1717
83 566
83 695
83 1721
83 314
83 1375
83 411
83 1738
83 446
83 1397
83 833
83 706
83 1603
83 837
83 454
83 586
83 1079
83 1742
83 1359
83 1233
83 75
83 803
83 1236
83 856
83 1625
83 1370
83 731
83 1756
83 477
83 735
83 992
83 1349
83 738
83 1763
83 740
83 1126
83 1127
83 1128
83 1387
83 1260
83 1768
83 872
83 1363
83 732
83 630
83 504
83 1018
83 635
83 1276
83 1743
84 384
84 1281
84 642
84 1004
84 770
84 663
84 1437
84 541
84 1310
84 672
84 675
84 932
84 1445
84 1065
84 1067
84 370
84 942
84 1181
84 560
84 691
84 564
84 692
84 701
84 449
84 966
84 1352
84 585
84 459
84 846
84 464
84 1400
84 1366
84 727
84 1242
84 347
84 479
84 1381
84 1382
84 1511
84 744
84 1002
84 364
84 753
84 626
84 371
84 1143
84 376
84 762
84 636
84 1533
84 1150
85 384
85 645
85 749
85 406
85 663
85 1947
85 1180
85 1404
85 672
85 1478
85 1448
85 942
85 440
85 441
85 701
85 448
85 1218
85 1611
85 1348
85 1094
85 1225
85 1354
85 715
85 972
85 590
85 591
85 464
85 1367
85 966
85 987
85 1430
85 744
85 873
85 237
85 488
85 370
85 755
85 1274
85 1275
85 636
85 638
86 641
86 1285
86 1158
86 909
86 1556
86 406
86 538
86 795
86 1564
86 1565
86 1329
86 168
86 811
86 557
86 817
86 1586
86 441
86 442
86 1340
86 1598
86 1653
86 577
86 963
86 454
86 461
86 974
86 1491
86 1238
86 1593
86 344
86 474
86 732
86 733
86 1401
86 358
86 1084
86 235
86 1137
86 755
86 1525
86 503
86 1145
87 620
87 427
87 612
87 69
87 341
88 1281
88 1413
88 1537
88 10
88 271
88 662
88 1304
88 1311
88 987
88 676
88 1195
88 45
88 951
88 441
88 1343
88 970
88 459
88 1100
88 1250
88 1615
88 1361
88 341
88 342
88 343
88 527
88 482
88 483
88 1489
88 488
88 1257
88 1002
88 999
88 1388
88 109
88 878
88 890
89 835
89 456
89 681
89 106
89 147
89 24
89 313
89 831
90 56
90 200
90 131
90 148
90 500
91 324
91 102
91 523
91 460
91 525
91 639
91 575
92 1026
92 5
92 1034
92 1047
92 1052
92 1285
92 1214
92 1588
92 566
92 1084
92 1086
92 66
92 581
92 594
92 1628
92 609
92 1634
92 1638
92 615
92 104
92 1135
92 1137
92 1652
92 117
92 120
92 1145
92 646
92 1159
92 1161
92 1167
92 657
92 663
92 669
92 1701
92 1308
92 176
92 182
92 696
92 1723
92 1724
92 702
92 708
92 1234
92 1239
92 1752
92 1241
92 734
92 735
92 1252
92 1767
92 1771
92 1772
92 1774
92 753
92 1780
92 1782
92 1793
92 773
92 1293
92 1296
92 1299
92 796
92 1317
92 1340
92 1857
92 848
92 339
92 341
92 343
92 1371
92 1897
92 1427
92 1395
92 387
92 1416
92 1417
92 911
92 403
92 1944
92 934
92 937
92 1967
92 1968
92 1969
92 1458
92 958
92 462
92 1497
92 1158
92 165
92 1525
93 217
93 725
93 869
94 512
94 833
94 802
94 643
94 870
94 604
94 492
94 690
94 1050
94 540
94 894
95 423
95 808
95 779
95 940
95 656
95 658
95 467
95 789
95 1080
95 917
96 384
96 1539
96 598
96 520
96 905
96 906
96 1602
96 527
96 303
96 691
96 406
96 536
96 538
96 155
96 154
96 672
96 1825
96 731
96 1244
96 687
96 176
96 51
96 564
96 1461
96 1720
96 569
96 570
96 445
96 1601
96 706
96 1091
96 829
96 71
96 1097
96 459
96 972
96 1658
96 1746
96 1747
96 470
96 727
96 984
96 347
96 860
96 1757
96 1381
96 867
96 1253
96 1386
96 875
96 728
96 957
96 701
96 1008
96 1274
96 541
96 1483
97 473
97 1114
97 165
97 238
98 833
98 739
98 645
98 1063
98 968
98 361
98 1010
98 797
98 657
98 914
98 1364
98 1065
98 777
98 1336
98 185
98 1019
98 2172
98 381
99 476
100 375
100 1158
100 1641
100 520
100 908
100 786
100 403
100 1174
100 793
100 801
100 423
100 1583
100 1209
100 956
100 1086
100 1984
100 1730
100 69
100 1355
100 334
100 1234
100 598
100 727
100 984
100 735
100 1254
100 486
100 104
100 361
100 109
100 2160
100 1011
100 1214
100 503
100 1145
100 891
100 637
101 806
101 1065
101 1066
101 238
101 174
101 1013
102 704
102 579
102 389
102 1126
102 1127
102 1460
102 656
102 91
102 2211
102 372
102 855
102 485
102 889
102 699
102 1049
103 668
103 762
103 356
103 1162
103 607
104 142
104 16
104 403
104 789
104 1178
104 283
104 797
104 1952
104 34
104 675
104 538
104 173
104 48
104 475
104 322
104 67
104 836
104 331
104 591
104 2138
104 474
104 987
104 92
104 1499
104 479
104 994
104 100
104 741
104 1262
104 753
104 2139
104 371
104 628
104 246
104 1143
104 124
104 382
104 127
105 512
105 225
105 881
105 452
105 870
105 743
105 745
105 492
105 604
105 1009
105 690
105 1081
105 634
105 465
105 540
105 894
105 832
106 89
106 620
106 313
107 2169
107 639
108 490
108 804
109 578
109 100
109 165
109 745
109 171
109 44
109 238
109 944
109 56
109 1077
109 88
109 1156
109 187
109 421
110 31
110 11
110 1971
110 54
110 1367
111 656
111 754
111 789
111 733
112 496
112 937
112 626
112 127
113 642
113 1411
113 1644
113 1157
113 1158
113 1672
113 1004
113 972
113 1549
113 1294
113 1680
113 1112
113 1172
113 1557
113 662
113 663
113 1306
113 1180
113 630
113 347
113 1445
113 1318
113 1393
113 424
113 1067
113 598
113 939
113 942
113 1150
113 1459
113 691
113 692
113 693
113 1462
113 2103
113 2104
113 441
113 958
113 406
113 1472
113 1345
113 1091
113 1348
113 2102
113 966
113 1609
113 459
113 1484
113 987
113 591
113 1616
113 1097
113 1635
113 398
113 1422
113 343
113 728
113 1497
113 1498
113 475
113 1274
113 350
113 864
113 993
113 1627
113 483
113 1425
113 1512
113 1129
113 1388
113 237
113 971
113 1520
113 488
113 371
113 628
113 1342
113 886
113 1483
113 1428
113 890
113 1599
113 638
113 1493
114 151
114 135
115 824
115 502
116 641
116 900
116 389
116 1165
116 782
116 912
116 2068
116 1301
116 793
116 668
116 798
116 517
116 34
116 803
116 549
116 1064
116 1373
116 1334
116 698
116 1119
116 834
116 310
116 331
116 974
116 1236
116 1038
116 856
116 868
116 1116
116 733
116 735
116 740
116 1126
116 1128
116 566
116 1269
116 631
116 1018
116 766
117 135
117 1034
117 271
117 656
117 273
117 918
117 23
117 1952
117 804
117 44
117 48
117 1206
117 56
117 705
117 1184
117 195
117 70
117 716
117 599
117 1252
117 911
117 92
117 739
117 740
117 235
117 1167
117 1005
117 1265
117 124
117 1278
119 224
119 833
119 357
119 1166
119 660
119 822
119 536
119 509
119 351
120 256
120 645
120 1958
120 8
120 1931
120 48
120 209
120 62
120 599
120 58
120 92
120 510
121 25
121 380
122 513
122 538
122 849
123 513
123 517
123 833
123 1384
123 911
123 982
123 794
123 1167
123 1439
124 1550
124 1554
124 23
124 538
124 1051
124 1484
124 542
124 1567
124 1568
124 547
124 1062
124 1067
124 1594
124 585
124 591
124 1619
124 1630
124 1631
124 2066
124 104
124 1129
124 1645
124 2161
124 1650
124 2163
124 2164
124 117
124 2166
124 1143
124 636
124 1150
124 1152
124 642
124 1681
124 663
124 672
124 678
124 1195
124 626
124 1710
124 1208
124 2165
124 1218
124 1225
124 1740
124 1744
124 728
124 1753
124 638
124 753
124 1662
124 1281
124 773
124 278
124 1315
124 814
124 827
124 836
124 1350
124 1356
124 846
124 1360
124 342
124 1376
124 875
124 371
124 376
124 1404
124 384
124 1412
124 1420
124 397
124 913
124 914
124 406
124 411
124 931
124 1444
124 2162
124 1446
124 937
124 1459
124 441
124 1468
124 957
124 958
124 448
124 965
124 1478
124 967
124 1992
124 844
124 459
124 972
124 1504
124 993
124 483
125 516
125 742
125 583
125 1127
125 559
125 629
125 504
125 154
125 735
126 216
126 514
126 854
126 294
127 419
127 518
127 104
127 112
127 1107
127 280
128 521
128 171
128 807
128 519
129 836
129 522
129 753
129 1972
129 932
129 970
130 384
131 217
131 90
131 725
131 679
132 712
132 526
133 898
133 646
133 1031
133 1293
133 911
133 528
133 534
133 168
133 810
133 1579
133 302
133 1073
133 2098
133 1588
133 1209
133 956
133 1086
133 191
133 834
133 963
133 708
133 457
133 1506
133 316
133 753
133 1525
133 1145
133 764
134 517
134 648
134 1161
134 140
134 1038
134 15
134 529
134 1299
134 1174
134 1053
134 801
134 547
134 421
134 168
134 1080
134 1209
134 316
134 702
134 705
134 963
134 1633
134 780
134 1488
134 1724
134 1234
134 595
134 341
134 1167
134 1502
134 1317
134 609
134 911
134 614
134 1340
134 1643
134 620
134 1086
134 1532
134 1406
134 1621
135 257
135 34
135 328
135 823
135 300
135 114
135 142
135 16
135 561
135 530
135 117
135 1206
135 151
135 56
135 539
136 155
137 536
137 684
137 445
137 1951
138 576
138 359
138 145
138 212
138 789
138 2143
139 58
139 70
139 318
140 34
140 4
140 134
140 16
140 756
140 535
140 56
140 633
141 48
141 738
141 1959
141 1960
141 9
141 1931
141 1104
141 945
141 536
141 569
142 1026
142 515
142 1028
142 517
142 1542
142 7
142 520
142 524
142 1038
142 15
142 1553
142 1027
142 1671
142 22
142 1559
142 912
142 538
142 541
142 1569
142 2083
142 549
142 1579
142 557
142 559
142 1073
142 1586
142 854
142 54
142 55
142 1080
142 1593
142 1084
142 1086
142 1088
142 66
142 580
142 2121
142 587
142 1101
142 595
142 1108
142 599
142 1625
142 606
142 1119
142 608
142 611
142 1126
142 614
142 104
142 2193
142 620
142 1810
142 1135
142 629
142 1470
142 1145
142 1658
142 637
142 2174
142 2180
142 534
142 646
142 2183
142 2184
142 2185
142 2186
142 2187
142 2188
142 1677
142 2190
142 2191
142 2192
142 657
142 2194
142 2195
142 2196
142 2197
142 1174
142 2199
142 1688
142 2201
142 2202
142 667
142 2204
142 1562
142 1694
142 2208
142 1697
142 675
142 168
142 1308
142 682
142 685
142 687
142 176
142 1205
142 182
142 695
142 697
142 688
142 1226
142 1214
142 191
142 1730
142 707
142 1223
142 713
142 714
142 716
142 1485
142 791
142 1234
142 1238
142 727
142 1752
142 1241
142 735
142 736
142 1488
142 1251
142 1252
142 1766
142 1767
142 1256
142 235
142 753
142 756
142 1276
142 1793
142 1282
142 1795
142 1285
142 1288
142 777
142 1802
142 1291
142 1293
142 1296
142 1297
142 786
142 899
142 790
142 279
142 793
142 796
142 474
142 645
142 1312
142 801
142 1316
142 1158
142 296
142 135
142 302
142 1329
142 1331
142 821
142 822
142 1161
142 1848
142 827
142 1340
142 834
142 1347
142 1078
142 1864
142 1355
142 1356
142 334
142 848
142 341
142 342
142 859
142 898
142 1889
142 354
142 1379
142 1893
142 358
142 359
142 872
142 1852
142 362
142 1395
142 372
142 1001
142 1401
142 891
142 1406
142 384
142 1530
142 386
142 387
142 918
142 1417
142 1420
142 400
142 2200
142 403
142 406
142 920
142 921
142 1441
142 2203
142 422
142 423
142 1450
142 429
142 2205
142 1969
142 2206
142 1463
142 1979
142 956
142 446
142 963
142 454
142 1993
142 1994
142 1484
142 461
142 976
142 2001
142 846
142 984
142 1209
142 152
142 1891
142 1018
142 1502
142 1506
142 934
142 998
142 489
142 2029
142 1653
142 1008
142 2034
142 1525
142 2038
142 506
142 1531
142 509
142 2182
142 1535
143 1408
143 898
143 22
143 646
143 911
143 403
143 1174
143 1818
143 1541
143 801
143 34
143 547
143 1189
143 1581
143 686
143 687
143 1078
143 56
143 847
143 848
143 595
143 981
143 343
143 483
143 488
143 503
143 1788
143 637
144 793
144 255
144 239
145 545
145 1154
145 1195
145 1540
145 678
145 42
145 1355
145 34
145 78
145 397
145 568
145 594
145 371
145 1230
145 1046
145 376
145 1188
145 666
145 138
145 1279
146 1152
146 71
147 89
147 883
147 876
148 256
148 164
148 167
148 1031
148 697
148 1208
148 217
148 90
148 1114
148 734
149 55
149 895
150 978
150 373
150 71
151 135
151 680
151 1208
151 114
151 180
151 248
151 543
152 552
152 331
152 142
152 16
152 308
152 56
153 553
153 860
153 972
154 96
154 34
154 554
154 951
154 655
154 849
154 791
154 952
154 125
155 96
155 706
155 899
155 136
155 83
155 738
155 78
155 445
155 48
155 531
155 2133
155 536
155 985
155 157
155 898
156 192
156 992
156 1201
157 26
157 155
158 965
158 1287
158 75
158 565
158 376
158 1114
159 1660
159 1476
159 1804
159 1707
159 908
159 1453
159 957
159 381
159 1181
159 755
159 1076
159 245
159 1302
159 1815
159 697
159 1659
159 892
159 972
159 1182
160 203
160 820
160 567
161 216
161 572
162 818
162 573
163 192
163 1189
163 7
163 681
163 1226
163 938
163 849
163 755
163 724
163 952
163 58
163 1211
163 413
164 256
164 148
165 97
165 874
165 43
165 109
165 238
165 726
165 793
165 58
165 92
166 641
166 1637
166 1157
166 648
166 1289
166 1034
166 1291
166 2061
166 1167
166 1296
166 657
166 1424
166 1603
166 1687
166 24
166 580
166 538
166 667
166 668
166 541
166 1566
166 734
166 803
166 1575
166 682
166 1135
166 940
166 685
166 669
166 1712
166 1713
166 946
166 1589
166 566
166 1079
166 2106
166 2107
166 1359
166 834
166 707
166 708
166 837
166 966
166 1736
166 201
166 1866
166 695
166 845
166 1358
166 1871
166 1872
166 1363
166 1876
166 974
166 1654
166 599
166 858
166 731
166 477
166 1037
166 735
166 1126
166 912
166 587
166 740
166 1254
166 614
166 1643
166 1260
166 1775
166 496
166 920
166 1141
166 1782
166 1327
166 1784
166 1401
166 882
166 1483
167 256
167 217
167 148
167 940
167 919
168 288
168 449
168 133
168 134
168 459
168 142
168 527
168 16
168 24
168 245
168 86
168 56
168 1017
169 606
170 289
170 987
170 237
171 128
171 738
171 1125
171 905
171 684
171 109
171 917
171 536
171 732
172 833
172 1197
172 773
173 672
173 483
173 999
173 104
173 979
173 822
173 762
173 827
173 701
174 4
174 517
174 648
174 912
174 707
174 1047
174 1156
174 667
174 669
174 1157
174 1192
174 1065
174 1585
174 1589
174 446
174 833
174 834
174 451
174 582
174 1618
174 101
174 872
174 1402
175 632
175 961
175 962
175 372
175 933
176 96
176 192
176 615
176 142
176 307
176 92
176 253
176 190
177 1088
177 708
177 790
177 934
177 821
177 909
177 16
177 1173
177 182
177 1114
177 1179
177 796
177 959
178 1281
178 645
178 13
178 527
178 5
178 1413
178 1450
178 2098
178 947
178 441
178 1085
178 958
178 1354
178 459
178 2146
178 206
178 591
178 1492
178 987
178 989
178 1250
178 363
178 748
178 890
178 500
178 1470
178 506
179 617
179 381
180 673
180 452
180 75
180 2093
180 2094
180 1295
180 592
180 151
180 2095
180 765
181 16
181 217
181 860
182 142
182 177
182 627
182 56
182 58
182 92
182 830
183 386
183 775
183 520
183 343
183 908
183 1041
183 403
183 1174
183 1176
183 796
183 801
183 1195
183 940
183 685
183 1330
183 1297
183 821
183 697
183 702
183 708
183 711
183 716
183 1105
183 727
183 344
183 1754
183 1117
183 1502
183 735
183 352
183 609
183 1762
183 483
183 1765
183 401
183 361
183 1639
183 884
183 1470
183 503
183 1535
183 638
183 1407
184 645
184 1030
184 1346
184 22
184 536
184 801
184 1572
184 422
184 809
184 1965
184 1966
184 1461
184 832
184 578
184 1441
184 738
184 706
184 736
184 1506
184 741
184 235
184 1265
184 884
184 1530
184 891
185 1409
185 389
185 653
185 786
185 403
185 789
185 22
185 1559
185 1944
185 645
185 545
185 1699
185 423
185 1066
185 687
185 1200
185 436
185 566
185 439
185 697
185 1214
185 191
185 801
185 1610
185 1591
185 848
185 595
185 1109
185 599
185 607
185 976
185 98
185 1251
185 1769
185 2147
185 1406
185 489
185 638
186 352
186 1095
186 364
186 1263
186 792
186 342
186 759
186 376
186 217
186 986
186 1114
186 734
187 640
187 641
187 1282
187 1027
187 1028
187 1878
187 518
187 1293
187 15
187 1552
187 1522
187 1810
187 1126
187 921
187 1817
187 667
187 1821
187 624
187 417
187 549
187 422
187 681
187 711
187 557
187 669
187 1329
187 1459
187 566
187 713
187 1080
187 1209
187 1211
187 1340
187 446
187 1728
187 75
187 581
187 583
187 1736
187 457
187 587
187 716
187 461
187 974
187 592
187 1234
187 595
187 2004
187 1494
187 1879
187 984
187 911
187 1502
187 685
187 1252
187 1381
187 358
187 1767
187 109
187 496
187 370
187 2003
187 1653
187 596
187 413
187 1145
187 891
187 637
187 1406
188 676
188 975
188 851
188 1014
188 644
188 923
188 31
189 649
189 1082
189 949
190 16
190 875
190 749
190 176
190 1938
190 890
190 827
191 133
191 275
191 329
191 74
191 142
191 271
191 656
191 211
191 185
191 283
191 220
191 287
192 163
192 8
192 925
192 176
192 1000
192 372
192 26
192 156
192 232
193 2082
193 1002
193 875
193 906
193 626
193 663
193 667
193 829
194 664
194 475
194 76
194 397
195 384
195 1154
195 773
195 908
195 1425
195 1046
195 279
195 22
195 1051
195 666
195 542
195 672
195 676
195 808
195 1457
195 1438
195 955
195 1220
195 459
195 972
195 846
195 591
195 80
195 339
195 728
195 1339
195 999
195 1257
195 1320
195 626
195 117
195 1400
196 672
197 674
198 449
198 54
198 993
198 744
198 957
198 886
198 636
198 541
199 720
199 677
199 71
200 216
200 90
201 166
201 679
202 304
202 683
203 1281
203 1195
203 1412
203 773
203 392
203 67
203 661
203 1686
203 29
203 1311
203 160
203 547
203 676
203 1445
203 1578
203 1067
203 812
203 693
203 1481
203 347
203 1174
203 1343
203 833
203 1218
203 1091
203 585
203 459
203 1100
203 590
203 591
203 1233
203 339
203 1364
203 1498
203 219
203 479
203 993
203 356
203 488
203 1642
203 371
203 636
204 536
204 905
204 738
204 445
204 1032
205 1252
205 1257
205 624
205 1297
205 696
205 1114
205 767
206 4
206 178
206 36
207 2
207 699
207 215
208 1156
208 284
208 1171
208 757
208 1306
208 700
209 120
209 7
210 64
210 367
211 536
211 191
212 138
212 828
213 719
214 377
214 514
214 854
215 721
215 207
216 200
216 161
216 126
217 131
217 167
217 16
217 148
217 181
217 56
217 186
217 93
217 725
218 5
218 367
218 724
218 470
218 279
218 282
218 37
219 203
220 352
220 513
220 804
220 1105
220 1161
220 271
220 1073
220 1555
220 500
220 827
220 860
220 701
220 191
221 5
221 13
221 60
221 37
221 629
222 225
222 289
223 500
223 759
224 34
224 1058
224 1956
224 37
224 5
224 13
224 783
224 1044
224 119
224 952
224 965
224 60
224 797
224 350
224 1957
225 1
225 67
225 289
225 105
225 47
225 784
225 18
225 733
225 222
226 789
226 1119
227 897
227 1121
227 877
227 793
228 906
228 755
228 12
229 274
230 849
230 804
231 1156
231 931
231 804
231 742
231 1128
231 1065
231 812
231 830
231 755
231 2100
231 1109
231 1526
231 868
231 1432
231 1124
231 507
231 798
231 479
232 192
232 545
232 708
232 1031
232 489
232 364
232 687
232 833
232 952
232 804
232 538
232 891
232 797
232 830
233 1085
234 820
235 832
235 804
235 902
235 998
235 142
235 16
235 56
235 1042
235 308
235 117
235 86
235 184
235 31
235 1023
236 732
236 679
237 1122
237 676
237 327
237 170
237 1611
237 77
237 527
237 113
237 85
237 638
238 97
238 43
238 101
238 299
238 749
238 109
238 56
238 165
239 144
239 841
239 67
239 255
240 749
241 504
241 912
241 893
242 256
242 801
242 1027
242 1188
242 1574
242 1161
242 1451
242 1037
242 1293
242 848
242 1137
242 1234
242 372
242 2168
242 1052
242 1214
243 384
243 1281
243 406
243 987
243 983
243 397
243 1300
243 918
243 2071
243 1220
243 666
243 675
243 678
243 1067
243 1325
243 704
243 715
243 836
243 1350
243 967
243 459
243 1228
243 846
243 343
243 728
243 2070
243 475
243 990
243 864
243 488
243 1004
243 753
243 626
243 500
243 765
244 929
244 724
245 168
245 857
245 330
245 159
245 679
246 1536
246 1409
246 912
246 1347
246 1028
246 742
246 1158
246 104
246 1161
246 682
246 1135
246 943
246 2128
246 1234
246 2140
246 279
246 1252
246 859
246 316
246 1214
246 731
247 880
247 1283
247 476
247 797
247 1267
248 656
248 954
248 699
248 820
248 151
249 848
249 956
249 884
249 1069
249 1149
250 848
250 1105
250 891
250 54
250 1078
251 697
251 892
251 381
251 1476
251 1365
252 896
252 1169
252 1970
253 176
253 1252
253 594
253 316
253 1296
254 66
255 144
255 937
255 1002
255 239
255 1177
256 547
256 164
256 167
256 1290
256 2155
256 1265
256 242
256 1347
256 148
256 120
256 1180
257 846
257 318
257 135
258 389
258 849
258 1107
258 698
258 1018
258 446
259 793
259 931
260 389
260 1798
260 1031
260 776
260 1417
260 1291
260 911
260 786
260 403
260 1174
260 1562
260 1692
260 1946
260 520
260 1254
260 646
260 422
260 1585
260 517
260 688
260 1329
260 54
260 1080
260 956
260 1470
260 1001
260 599
260 344
260 474
260 736
260 354
260 1253
260 614
260 1127
260 361
260 1776
260 753
260 1395
260 503
260 509
261 1031
261 527
261 2097
261 789
261 1046
261 987
261 28
261 287
262 937
262 977
262 67
262 699
262 793
264 931
264 955
265 849
265 1490
265 1291
265 797
265 969
266 976
267 657
267 755
267 724
268 449
268 292
269 989
270 536
270 1059
271 1253
271 488
271 657
271 117
271 88
271 220
271 191
272 273
272 547
273 272
273 1043
273 117
274 1060
274 229
275 191
275 724
275 1151
276 1113
276 906
276 406
277 890
278 124
278 2158
278 1102
279 520
279 142
279 911
279 16
279 23
279 801
279 34
279 1188
279 776
279 58
279 1084
279 195
279 965
279 75
279 76
279 344
279 218
279 1117
279 754
279 884
279 246
279 891
280 1008
280 127
281 2068
282 1280
282 33
282 1255
282 1133
282 1357
282 1328
282 884
282 854
282 560
282 218
283 104
283 364
283 1206
283 860
283 797
283 191
284 208
284 1156
285 44
285 1202
285 2156
285 23
286 963
286 2012
286 557
286 2013
287 1280
287 261
287 38
287 8
287 1226
287 44
287 1136
287 657
287 755
287 790
287 504
287 191
287 1500
287 893
287 1119
288 1409
288 386
288 389
288 646
288 520
288 1161
288 1034
288 1547
288 1026
288 911
288 1041
288 1940
288 918
288 1816
288 27
288 1052
288 1827
288 1316
288 168
288 796
288 1579
288 302
288 1078
288 1209
288 1086
288 1473
288 1730
288 963
288 708
288 581
288 594
288 1780
288 1494
288 984
288 1252
288 898
288 1251
288 740
288 1297
288 1260
288 1234
288 1774
288 1137
288 1395
288 884
288 1783
288 1658
288 1406
289 225
289 170
289 724
289 2136
289 858
289 222
290 2210
290 492
291 513
291 1527
291 1206
291 953
292 1275
292 268
292 527
294 126
295 640
295 1028
295 22
295 518
295 1291
295 1420
295 911
295 1297
295 1299
295 1174
295 1052
295 413
295 1823
295 801
295 1442
295 547
295 1329
295 687
295 1073
295 1586
295 1332
295 1209
295 1084
295 1214
295 963
295 1423
295 1226
295 1826
295 1875
295 2010
295 2011
295 1767
295 1390
295 624
295 1265
295 884
295 375
295 764
295 381
296 363
296 1356
296 142
296 718
296 367
297 1368
297 1624
298 1257
298 397
298 817
298 755
298 538
298 636
299 954
299 1107
299 1211
299 238
300 832
300 804
300 135
300 367
300 1364
300 1114
300 830
302 288
302 34
302 133
302 73
302 76
302 142
302 16
302 24
302 373
302 1206
302 56
302 58
303 96
303 1336
304 202
304 439
305 8
306 536
306 825
306 1212
306 445
307 176
308 152
308 2096
308 235
308 797
309 734
310 116
310 1933
311 1531
312 836
313 89
313 106
314 1152
314 2176
314 386
314 2179
314 1028
314 1157
314 646
314 7
314 520
314 1161
314 906
314 2178
314 15
314 22
314 1692
314 1439
314 624
314 1316
314 518
314 1575
314 1670
314 1195
314 557
314 1084
314 1288
314 1845
314 1078
314 1080
314 441
314 1485
314 316
314 1451
314 1086
314 1473
314 963
314 1860
314 1494
314 1226
314 577
314 461
314 1293
314 2175
314 1724
314 1234
314 83
314 1492
314 2005
314 982
314 1337
314 1241
314 474
314 731
314 1888
314 685
314 891
314 911
314 742
314 2177
314 956
314 1898
314 1329
314 1390
314 2173
314 496
314 2058
314 1841
314 884
314 507
314 893
314 2174
314 2061
315 755
316 1952
316 34
316 4
316 133
316 134
316 1678
316 253
316 16
316 24
316 246
316 567
316 56
316 1657
316 58
316 314
317 56
317 1648
317 58
318 257
318 139
318 1617
318 449
319 789
319 1605
319 1119
320 1536
320 1252
320 1034
320 1293
320 1492
320 1781
320 1181
321 846
322 80
322 104
322 39
322 53
322 681
323 1623
324 91
324 1931
325 858
325 2135
326 952
327 581
327 711
327 1034
327 237
327 461
327 1329
327 1406
327 1137
327 891
327 1340
327 1450
327 1086
327 389
328 1729
328 804
328 918
328 135
328 871
328 1394
328 755
328 1110
328 1206
329 1189
329 191
330 1347
330 1028
330 1201
330 711
330 657
330 245
330 708
330 796
331 1793
331 1026
331 773
331 518
331 775
331 520
331 1034
331 1420
331 1293
331 1816
331 1167
331 580
331 1041
331 786
331 1299
331 1172
331 790
331 663
331 152
331 921
331 1562
331 667
331 796
331 1694
331 116
331 803
331 646
331 422
331 1201
331 1834
331 685
331 776
331 1973
331 566
331 1975
331 1080
331 1977
331 1978
331 1979
331 1084
331 1981
331 1982
331 1984
331 1986
331 587
331 708
331 54
331 838
331 1078
331 626
331 1483
331 918
331 1485
331 386
331 848
331 1976
331 594
331 596
331 1621
331 24
331 1112
331 474
331 911
331 1658
331 421
331 1506
331 611
331 358
331 1894
331 1297
331 104
331 1980
331 1386
331 1214
331 1234
331 1135
331 370
331 984
331 574
331 1911
331 504
331 1145
331 506
331 891
331 1919
332 952
333 1930
333 1931
334 34
334 100
334 681
334 142
334 1935
334 16
334 1934
334 58
335 1945
335 78
336 2068
337 1931
338 1945
339 1
339 34
339 195
339 41
339 10
339 203
339 13
339 47
339 16
339 18
339 56
339 92
340 2
341 16
341 34
341 3
341 4
341 134
341 73
341 76
341 142
341 48
341 87
341 88
341 92
342 41
342 10
342 76
342 142
342 47
342 16
342 18
342 73
342 88
342 186
342 124
343 34
343 70
343 41
343 23
343 44
343 143
343 16
343 113
343 243
343 76
343 183
343 88
343 58
343 92
344 4
344 37
344 73
344 183
344 13
344 16
344 86
344 279
344 56
344 260
344 60
344 5
345 6
346 7
347 96
347 8
347 41
347 203
347 44
347 113
347 84
347 62
348 9
348 68
349 8
350 224
350 1
350 5
350 41
350 10
350 23
350 44
350 13
350 113
350 18
350 73
351 33
351 18
351 13
351 5
351 119
352 5
352 11
352 18
352 183
352 186
352 220
353 24
353 13
353 60
353 37
353 5
354 34
354 260
354 70
354 12
354 66
354 142
354 15
354 16
354 22
354 58
354 62
355 8
356 203
356 103
357 13
357 119
358 86
358 331
358 12
358 142
358 15
358 16
358 22
358 26
358 187
359 34
359 19
359 138
359 142
360 13
360 37
360 5
361 66
361 100
361 73
361 12
361 98
361 15
361 16
361 76
361 22
361 183
361 260
361 26
361 58
362 73
362 76
362 142
362 20
362 58
362 59
363 296
363 178
363 21
363 62
364 35
364 4
364 5
364 232
364 10
364 11
364 18
364 16
364 27
364 50
364 84
364 186
364 283
364 60
365 25
366 5
366 13
367 64
367 35
367 296
367 73
367 300
367 210
367 53
367 218
367 27
368 8
369 28
370 70
370 12
370 331
370 44
370 78
370 15
370 16
370 84
370 85
370 22
370 26
370 187
370 58
371 64
371 2
371 113
371 104
371 41
371 203
371 44
371 145
371 84
371 124
371 29
372 192
372 34
372 4
372 102
372 73
372 75
372 142
372 175
372 17
372 242
372 58
372 30
373 32
373 68
373 150
373 302
374 33
374 18
374 7
375 16
375 73
375 34
375 100
375 295
376 64
376 2
376 35
376 70
376 41
376 44
376 77
376 47
376 145
376 18
376 84
376 186
376 124
376 158
377 26
377 12
377 66
377 214
377 15
378 18
379 66
379 12
379 22
379 15
380 25
380 121
381 98
381 38
381 295
381 46
381 16
381 179
381 251
381 159
382 80
382 104
382 39
383 40
384 96
384 130
384 195
384 38
384 41
384 44
384 142
384 16
384 243
384 84
384 85
384 124
384 62
385 37
386 288
386 66
386 331
386 12
386 142
386 15
386 22
386 183
386 58
386 314
387 34
387 142
387 49
387 56
387 58
387 92
388 12
389 288
389 33
389 258
389 11
389 260
389 5
389 102
389 327
389 73
389 75
389 16
389 83
389 116
389 24
389 185
389 58
389 31
390 41
391 5
391 13
392 50
392 203
393 5
394 13
394 37
394 5
395 13
395 37
395 5
396 8
397 64
397 194
397 41
397 298
397 44
397 145
397 243
397 52
397 124
398 113
398 44
398 53
398 23
399 18
399 5
400 16
400 58
400 20
400 142
400 55
401 41
401 4
401 183
402 34
403 34
403 260
403 104
403 142
403 143
403 16
403 52
403 183
403 56
403 100
403 58
403 92
403 185
404 1
404 18
406 96
406 4
406 72
406 142
406 47
406 113
406 243
406 276
406 85
406 86
406 124
407 76
407 62
408 12
409 13
409 60
409 37
409 5
411 16
411 65
411 83
411 124
411 5
412 13
412 60
412 37
412 5
413 3
413 69
413 295
413 59
413 163
413 24
413 187
414 4
414 70
415 71
416 72
417 66
417 73
417 15
417 22
417 26
417 187
418 9
419 73
419 127
420 13
420 60
420 37
420 5
421 1
421 3
421 134
421 38
421 331
421 76
421 109
421 50
421 56
422 34
422 331
422 260
422 184
422 75
422 142
422 16
422 49
422 24
422 56
422 58
422 187
423 34
423 100
423 38
423 70
423 142
423 16
423 52
423 185
423 58
423 95
424 1
424 41
424 10
424 47
424 113
424 18
425 57
425 34
426 75
427 3
427 87
428 76
429 58
429 78
429 142
430 18
430 5
430 37
432 77
433 54
433 7
434 83
434 79
435 5
435 37
436 185
436 18
436 11
437 80
438 18
439 304
439 185
439 50
440 41
440 4
440 85
440 44
441 4
441 113
441 178
441 85
441 86
441 23
441 88
441 314
441 59
441 124
442 81
442 86
443 44
443 5
443 13
444 56
444 28
445 96
445 137
445 204
445 82
445 306
445 155
446 34
446 73
446 11
446 258
446 142
446 16
446 83
446 174
446 58
446 187
446 31
447 5
447 62
447 37
448 64
448 41
448 44
448 85
448 23
448 124
449 198
449 168
449 268
449 44
449 84
449 29
449 318
450 20
451 65
451 5
451 174
452 105
452 18
452 180
452 13
453 51
453 60
453 5
453 37
454 38
454 73
454 142
454 16
454 50
454 83
454 86
455 16
455 70
456 89
457 133
457 12
457 15
457 16
457 22
457 26
457 187
458 77
459 64
459 96
459 195
459 4
459 168
459 41
459 203
459 44
459 113
459 178
459 243
459 84
459 23
459 88
459 25
459 124
459 62
460 91
460 44
461 69
461 327
461 73
461 142
461 16
461 86
461 24
461 314
461 187
462 92
463 18
463 5
464 44
464 84
464 85
464 22
465 105
465 5
466 41
467 56
467 95
468 13
468 60
468 37
468 5
469 42
470 96
470 218
471 5
471 13
472 58
472 4
472 61
473 97
474 16
474 34
474 75
474 260
474 72
474 331
474 142
474 80
474 104
474 86
474 24
474 57
474 314
475 64
475 194
475 104
475 41
475 113
475 243
476 99
476 247
477 24
477 73
477 83
477 166
477 11
478 5
479 35
479 231
479 104
479 73
479 203
479 44
479 18
479 84
479 41
479 25
480 41
480 34
481 72
482 88
482 59
482 4
482 23
483 4
483 41
483 23
483 44
483 173
483 143
483 16
483 113
483 183
483 88
483 124
483 62
484 13
484 60
484 37
484 5
485 102
486 16
486 34
486 27
486 100
487 13
487 37
487 5
488 16
488 70
488 41
488 203
488 44
488 78
488 143
488 48
488 113
488 243
488 85
488 23
488 88
488 271
488 62
489 34
489 232
489 142
489 24
489 185
489 58
490 108
491 18
492 105
492 290
492 94
493 41
495 72
496 16
496 166
496 112
496 24
496 314
496 187
497 57
497 34
498 60
498 5
499 34
499 3
499 69
499 16
499 24
499 58
500 4
500 69
500 73
500 75
500 178
500 243
500 24
500 90
500 27
500 220
500 223
501 81
502 115
503 100
503 35
503 260
503 73
503 143
503 16
503 86
503 183
503 56
503 4
504 64
504 51
504 67
504 35
504 331
504 16
504 241
504 50
504 83
504 58
504 125
504 287
505 24
505 5
505 13
506 331
506 4
506 75
506 76
506 142
506 16
506 178
506 24
507 34
507 3
507 69
507 231
507 73
507 24
507 58
507 314
508 18
509 260
509 78
509 142
509 119
509 24
509 58
510 120
511 19
511 70
512 105
512 94
513 123
513 122
513 291
513 220
514 64
514 126
514 53
514 214
515 13
515 60
515 37
515 142
515 5
516 58
516 125
517 33
517 34
517 260
517 134
517 142
517 79
517 16
517 83
517 116
517 174
517 56
517 58
517 123
517 51
518 127
518 314
518 331
518 187
518 295
519 128
520 96
520 288
520 35
520 100
520 75
520 142
520 58
520 279
520 56
520 260
520 331
520 314
520 183
521 128
522 129
523 91
523 44
524 34
524 73
524 12
524 142
524 15
524 16
524 22
525 91
525 44
526 132
527 96
527 34
527 4
527 261
527 168
527 75
527 44
527 237
527 178
527 23
527 88
527 292
527 58
527 59
528 133
529 134
530 135
531 155
531 5
532 76
533 57
533 34
534 133
534 12
534 142
534 15
534 16
534 22
535 140
536 96
536 83
536 27
536 5
536 137
536 171
536 204
536 141
536 270
536 82
536 211
536 119
536 184
536 306
536 155
538 96
538 4
538 166
538 70
538 104
538 41
538 298
538 76
538 142
538 44
538 232
538 86
538 23
538 122
538 124
539 135
540 105
540 94
541 96
541 198
541 2
541 166
541 6
541 41
541 23
541 44
541 34
541 142
541 48
541 76
541 84
541 73
541 56
541 58
541 62
542 41
542 195
542 124
542 62
543 151
544 5
544 37
545 38
545 232
545 73
545 16
545 145
545 51
545 24
545 185
545 27
545 62
547 256
547 34
547 4
547 134
547 70
547 295
547 41
547 203
547 44
547 143
547 272
547 25
547 58
547 124
548 5
548 13
549 16
549 41
549 187
549 116
549 142
551 54
551 7
552 152
553 153
554 154
556 2
556 5
556 37
557 35
557 73
557 44
557 142
557 16
557 18
557 86
557 24
557 58
557 187
557 314
557 286
558 18
559 125
559 142
560 27
560 282
560 51
560 84
560 5
561 135
562 8
563 18
563 77
564 64
564 96
564 70
564 41
564 44
564 84
564 23
565 158
566 33
566 34
566 68
566 166
566 8
566 331
566 79
566 16
566 83
566 116
566 24
566 185
566 187
566 92
567 160
567 316
568 145
569 96
569 82
569 141
570 96
571 57
572 161
573 162
574 331
574 12
574 15
574 16
574 22
574 26
574 58
575 91
575 44
576 138
577 16
577 21
577 86
577 24
577 58
577 314
578 184
578 74
578 3
578 109
579 102
580 166
580 331
580 142
580 16
580 56
580 58
580 59
581 288
581 3
581 327
581 16
581 49
581 24
581 58
581 187
581 92
582 5
582 174
582 37
583 16
583 56
583 34
583 187
583 125
584 24
584 78
585 44
585 3
585 84
585 124
585 203
586 18
586 83
586 5
586 13
587 166
587 331
587 142
587 51
587 56
587 58
587 187
589 78
590 25
590 203
590 85
591 2
591 195
591 4
591 104
591 41
591 203
591 44
591 113
591 178
591 85
591 73
591 23
591 25
591 124
591 62
592 24
592 33
592 18
592 187
592 180
593 18
593 60
593 5
593 77
594 288
594 34
594 331
594 78
594 16
594 145
594 24
594 56
594 58
594 92
594 253
595 34
595 4
595 69
595 38
595 75
595 142
595 143
595 83
595 24
595 185
595 187
595 134
596 50
596 18
596 331
596 187
597 5
597 13
598 96
598 100
598 44
598 16
598 113
598 23
598 57
598 58
599 3
599 260
599 5
599 166
599 73
599 142
599 50
599 117
599 120
599 185
600 65
600 34
601 48
601 59
602 59
603 13
603 37
603 5
604 105
604 58
604 94
605 6
606 169
606 142
607 185
607 103
608 24
608 142
609 34
609 134
609 73
609 16
609 183
609 92
610 5
611 331
611 69
611 73
611 75
611 142
611 24
611 56
612 3
612 87
613 18
613 5
613 37
614 34
614 260
614 134
614 166
614 142
614 24
614 58
615 176
615 92
616 16
616 56
616 58
617 179
618 18
618 5
620 106
620 51
620 134
620 142
620 87
621 57
621 34
622 81
623 4
624 295
624 205
624 45
624 16
624 24
624 52
624 56
624 58
624 187
624 314
625 1
626 64
626 193
626 195
626 4
626 38
626 48
626 75
626 44
626 112
626 243
626 84
626 23
626 56
626 331
626 124
626 61
627 182
628 104
628 113
628 2
628 44
628 23
629 125
629 142
629 221
630 11
630 113
630 83
630 70
630 31
631 116
632 175
633 140
634 105
635 83
635 79
636 64
636 2
636 4
636 198
636 41
636 298
636 203
636 48
636 84
636 85
636 23
636 124
637 34
637 100
637 72
637 75
637 142
637 143
637 57
637 58
637 187
638 33
638 4
638 44
638 237
638 113
638 52
638 85
638 183
638 185
638 58
638 124
639 91
639 107
640 16
640 34
640 187
640 58
640 295
641 33
641 166
641 16
641 24
641 116
641 86
641 56
641 187
642 44
642 84
642 124
642 113
643 94
644 188
644 31
645 64
645 3
645 98
645 35
645 73
645 44
645 50
645 142
645 120
645 178
645 51
645 85
645 23
645 184
645 185
645 58
646 288
646 34
646 75
646 260
646 133
646 73
646 331
646 142
646 143
646 16
646 58
646 92
646 314
647 4
647 34
647 12
647 15
648 33
648 166
648 134
648 174
648 79
648 16
648 83
648 24
648 58
648 31
649 189
650 73
650 53
651 76
652 72
653 185
653 53
654 48
654 5
655 154
656 102
656 40
656 111
656 117
656 248
656 191
656 95
657 98
657 166
657 330
657 267
657 142
657 271
657 48
657 24
657 56
657 58
657 59
657 92
657 287
658 95
659 56
660 13
660 5
660 119
661 3
661 44
661 203
661 23
662 34
662 44
662 113
662 23
662 88
662 58
663 193
663 81
663 41
663 331
663 44
663 78
663 92
663 48
663 113
663 84
663 85
663 22
663 124
664 194
665 64
665 36
666 195
666 70
666 41
666 48
666 145
666 243
666 58
666 62
667 33
667 166
667 70
667 193
667 331
667 142
667 48
667 83
667 174
667 7
667 187
667 16
668 33
668 166
668 103
668 8
668 73
668 79
668 83
668 116
668 24
668 60
668 31
669 187
669 92
669 166
669 174
672 96
672 195
672 196
672 44
672 173
672 84
672 85
672 59
672 124
672 62
673 180
674 197
675 64
675 104
675 41
675 142
675 243
675 84
675 23
675 58
676 195
676 4
676 41
676 203
676 237
676 56
676 88
676 188
677 199
678 72
678 145
678 243
678 124
678 70
679 201
679 66
679 131
679 236
679 245
680 151
681 322
681 163
681 72
681 41
681 334
681 57
681 89
681 187
681 31
682 34
682 166
682 6
682 73
682 142
682 52
682 246
682 56
682 58
683 202
684 137
684 171
684 5
685 34
685 166
685 73
685 331
685 142
685 16
685 56
685 183
685 23
685 58
685 187
685 314
686 34
686 143
687 96
687 34
687 295
687 232
687 75
687 142
687 143
687 185
687 58
688 76
688 50
688 260
688 142
689 20
689 55
690 105
690 94
691 96
691 113
691 84
691 23
692 45
692 113
692 84
692 53
692 23
692 58
693 2
693 3
693 70
693 203
693 44
693 113
693 62
694 35
695 24
695 83
695 142
695 166
696 92
696 205
697 34
697 4
697 142
697 16
697 148
697 183
697 56
697 185
697 251
697 159
698 258
698 83
698 116
699 64
699 102
699 262
699 40
699 207
699 248
700 208
701 96
701 44
701 173
701 84
701 85
701 59
701 220
701 62
702 24
702 92
702 134
702 183
703 5
703 37
704 72
704 243
704 37
704 102
705 16
705 60
705 13
705 134
705 117
706 96
706 184
706 83
706 155
707 33
707 34
707 37
707 166
707 73
707 142
707 79
707 48
707 83
707 174
707 23
707 31
707 5
708 64
708 288
708 133
708 166
708 232
708 330
708 331
708 16
708 177
708 24
708 183
708 56
708 58
708 92
709 18
710 5
711 34
711 327
711 330
711 76
711 16
711 183
711 56
711 58
711 187
712 35
712 132
713 16
713 24
713 58
713 187
713 142
714 66
714 44
714 29
714 22
714 142
715 243
715 21
715 85
716 34
716 4
716 70
716 142
716 117
716 183
716 187
717 56
717 53
718 80
718 65
718 73
718 296
719 213
720 199
721 215
722 25
723 4
723 23
724 33
724 163
724 68
724 289
724 267
724 48
724 275
724 244
724 218
725 217
725 131
725 93
726 165
727 64
727 96
727 34
727 100
727 70
727 41
727 142
727 84
727 73
727 183
727 58
728 64
728 96
728 195
728 70
728 41
728 113
728 243
728 124
728 62
729 23
731 96
731 33
731 34
731 166
731 74
731 48
731 83
731 52
731 246
731 24
731 58
731 51
731 314
731 16
732 171
732 236
732 79
732 83
732 86
732 56
732 26
732 27
733 56
733 225
733 116
733 86
733 111
734 166
734 24
734 148
734 309
734 56
734 186
734 92
735 4
735 166
735 38
735 142
735 83
735 116
735 183
735 100
735 58
735 92
735 125
736 34
736 260
736 73
736 142
736 16
736 56
736 184
736 58
737 4
738 27
738 5
738 171
738 204
738 141
738 83
738 184
738 155
739 98
739 117
739 70
740 288
740 33
740 166
740 75
740 16
740 24
740 83
740 52
740 117
740 56
740 116
741 64
741 1
741 35
741 36
741 104
741 73
741 24
741 50
741 184
741 57
742 231
742 50
742 246
742 57
742 314
742 27
742 125
743 105
744 198
744 38
744 44
744 84
744 85
744 58
744 29
745 1
745 3
745 105
745 74
745 109
745 50
745 51
746 58
746 23
746 68
746 62
746 39
747 62
748 178
749 70
749 73
749 238
749 240
749 190
749 27
749 30
749 85
750 5
750 13
751 13
751 37
751 5
752 80
753 129
753 34
753 4
753 133
753 104
753 92
753 76
753 142
753 16
753 243
753 84
753 23
753 260
753 58
753 124
754 111
754 279
755 163
755 228
755 5
755 70
755 231
755 328
755 38
755 298
755 267
755 44
755 37
755 85
755 86
755 315
755 159
755 287
756 140
756 142
757 208
758 26
759 1
759 186
759 3
759 223
760 18
761 52
761 37
761 55
762 84
762 173
762 62
762 103
763 80
763 58
764 133
764 34
764 58
764 295
765 243
765 180
766 73
766 16
766 50
766 116
766 57
766 58
767 205
770 35
770 84
771 20
771 55
772 48
773 64
773 195
773 70
773 38
773 92
773 75
773 172
773 45
773 16
773 203
773 56
773 331
773 124
773 58
774 79
775 331
775 16
775 24
775 183
775 56
775 58
776 34
776 331
776 260
776 75
776 16
776 52
776 279
776 24
776 58
777 16
777 24
777 98
777 142
778 25
779 95
780 16
780 18
780 58
780 134
781 74
781 70
782 31
782 33
782 75
782 116
782 79
783 224
784 225
785 77
786 100
786 34
786 260
786 331
786 76
786 142
786 16
786 185
786 4
786 58
787 56
788 13
789 226
789 4
789 261
789 6
789 104
789 138
789 44
789 111
789 17
789 56
789 185
789 95
789 319
790 33
790 16
790 73
790 331
790 142
790 79
790 48
790 177
790 83
790 24
790 56
790 58
790 287
791 16
791 73
791 58
791 154
791 142
792 34
792 10
792 16
792 18
792 51
792 58
792 27
792 186
793 32
793 80
793 227
793 100
793 165
793 262
793 142
793 144
793 24
793 259
793 116
793 56
793 58
794 25
794 123
795 81
795 86
796 64
796 288
796 38
796 330
796 331
796 142
796 16
796 177
796 183
796 56
796 58
796 92
797 224
797 98
797 104
797 265
797 232
797 308
797 247
797 283
798 28
798 27
798 116
798 231
799 53
800 3
801 34
801 4
801 134
801 295
801 75
801 142
801 143
801 242
801 52
801 279
801 184
801 100
801 58
801 183
801 185
802 77
802 94
803 33
803 166
803 331
803 79
803 83
803 116
803 24
803 31
804 230
804 231
804 232
804 300
804 235
804 108
804 13
804 328
804 51
804 117
804 220
805 18
805 51
806 101
807 128
808 195
808 95
809 184
810 133
811 86
811 23
812 23
812 203
812 231
813 20
814 56
814 124
816 27
816 76
817 298
817 52
817 86
818 162
819 16
819 58
820 160
820 248
820 234
821 73
821 58
821 177
821 142
821 183
822 173
822 142
822 119
823 135
824 115
825 82
825 306
826 80
827 124
827 220
827 173
827 142
827 190
828 212
829 96
829 193
830 27
830 231
830 232
830 300
830 182
830 59
831 41
831 89
832 184
832 105
832 3
832 300
832 235
833 64
833 98
833 232
833 203
833 172
833 45
833 174
833 79
833 83
833 119
833 123
833 94
834 133
834 166
834 142
834 116
834 174
834 31
835 89
836 129
836 104
836 124
836 243
836 312
836 60
837 75
837 83
837 166
838 11
838 50
838 331
840 41
840 18
841 239
842 7
843 51
844 124
845 56
845 59
845 166
846 64
846 257
846 195
846 38
846 321
846 43
846 142
846 82
846 243
846 84
846 56
846 27
846 124
847 34
847 143
848 34
848 331
848 75
848 66
848 142
848 143
848 242
848 185
848 24
848 249
848 58
848 92
848 250
849 64
849 1
849 258
849 163
849 230
849 38
849 265
849 122
849 60
849 154
850 30
851 188
852 35
853 18
854 74
854 142
854 18
854 214
854 282
854 126
855 102
856 83
856 116
857 245
858 289
858 325
858 166
858 23
859 24
859 34
859 58
859 246
859 142
860 96
860 27
860 220
860 181
860 153
860 283
860 60
862 30
863 27
864 113
864 243
864 62
865 41
866 26
866 58
866 22
866 15
867 96
867 23
868 50
868 116
868 231
869 93
870 105
870 94
871 328
871 53
872 33
872 142
872 79
872 16
872 24
872 83
872 174
872 56
872 31
873 4
873 76
873 16
873 85
873 23
873 58
874 165
875 96
875 193
875 73
875 44
875 124
875 190
876 147
877 227
877 15
878 88
878 44
878 76
878 4
878 23
879 47
880 247
881 105
882 8
882 166
883 147
884 288
884 282
884 4
884 295
884 73
884 75
884 24
884 58
884 279
884 56
884 249
884 314
884 184
884 183
885 77
886 25
886 198
886 113
887 21
888 18
889 102
890 64
890 41
890 113
890 178
890 277
890 22
890 88
890 190
891 331
891 100
891 327
891 232
891 73
891 75
891 142
891 24
891 184
891 279
891 56
891 250
891 314
891 187
891 58
892 251
892 159
893 64
893 1
893 44
893 241
893 314
893 59
893 287
894 105
894 94
895 149
896 252
897 227
898 288
898 133
898 6
898 73
898 142
898 143
898 16
898 24
898 58
898 155
899 16
899 34
899 155
899 142
900 50
900 116
900 23
901 50
902 50
902 3
902 74
902 235
903 13
903 37
903 5
904 78
905 96
905 171
905 204
905 5
906 96
906 193
906 36
906 276
906 228
906 314
907 41
907 44
908 195
908 4
908 41
908 183
908 44
908 23
908 100
908 58
908 62
908 159
909 16
909 56
909 58
909 86
909 177
910 18
910 5
911 288
911 34
911 123
911 260
911 133
911 134
911 295
911 73
911 331
911 143
911 117
911 279
911 24
911 58
911 187
911 92
911 314
912 33
912 166
912 38
912 31
912 73
912 76
912 142
912 16
912 241
912 116
912 174
912 246
912 24
912 27
912 53
913 25
913 124
913 41
914 98
914 124
915 37
916 18
916 60
916 5
917 171
917 95
918 288
918 19
918 328
918 331
918 142
918 243
918 117
918 56
919 167
920 48
920 58
920 142
920 166
921 34
921 331
921 142
921 16
921 56
921 187
922 5
922 37
923 188
924 79
925 192
925 44
926 54
927 55
928 50
929 244
930 56
931 259
931 231
931 264
931 9
931 43
931 27
931 124
932 129
932 41
932 23
932 84
932 44
933 175
934 34
934 73
934 75
934 142
934 16
934 177
934 22
934 24
934 58
934 92
935 18
936 47
937 48
937 262
937 92
937 47
937 112
937 124
937 255
938 163
939 48
939 1
939 61
939 113
940 4
940 166
940 167
940 16
940 50
940 183
940 60
940 95
942 44
942 84
942 85
942 62
942 113
943 24
943 246
944 64
944 74
944 109
945 79
945 141
945 5
946 34
946 4
946 70
946 38
946 73
946 10
946 75
946 16
946 24
946 56
946 166
947 178
947 44
947 23
948 57
949 189
950 1
951 88
951 154
951 23
952 64
952 224
952 163
952 326
952 232
952 332
952 50
952 51
952 52
952 154
952 59
952 60
953 74
953 291
954 248
954 299
954 44
954 77
955 56
955 264
955 195
956 260
956 133
956 73
956 142
956 16
956 24
956 21
956 249
956 56
956 100
956 314
957 96
957 38
957 198
957 56
957 124
957 159
958 113
958 58
958 92
958 178
958 124
959 16
959 33
959 44
959 177
960 55
961 175
962 175
963 288
963 86
963 134
963 295
963 142
963 16
963 52
963 22
963 24
963 314
963 286
963 133
964 18
964 50
964 5
965 224
965 8
965 79
965 50
965 279
965 124
965 158
966 166
966 70
966 17
966 44
966 48
966 113
966 84
966 85
966 23
967 243
967 124
968 98
969 17
969 265
970 88
970 129
970 4
971 113
971 29
972 96
972 2
972 195
972 4
972 70
972 38
972 73
972 44
972 45
972 113
972 85
972 24
972 153
972 59
972 124
972 159
973 5
974 5
974 166
974 75
974 18
974 116
974 86
974 187
974 37
975 188
976 185
976 266
976 142
977 262
978 150
979 173
980 14
981 143
982 27
982 314
982 123
982 38
983 243
983 22
984 96
984 288
984 34
984 100
984 38
984 331
984 142
984 15
984 22
984 187
985 155
986 18
986 186
987 64
987 38
987 70
987 104
987 170
987 113
987 178
987 243
987 85
987 23
987 88
987 261
988 18
988 35
989 178
989 4
989 269
990 243
991 62
992 76
992 83
992 156
993 64
993 198
993 72
993 203
993 113
993 124
994 104
995 18
996 50
996 27
997 4
998 235
998 142
999 195
999 173
999 16
999 23
999 88
999 58
1000 192
1001 34
1001 4
1001 73
1001 76
1001 142
1001 23
1001 260
1002 64
1002 193
1002 84
1002 88
1002 27
1002 255
1003 56
1003 34
1003 58
1004 64
1004 2
1004 41
1004 113
1004 243
1004 84
1005 117
1006 34
1006 44
1007 18
1008 96
1008 73
1008 142
1008 280
1009 105
1010 98
1010 21
1011 100
1012 60
1012 5
1012 13
1013 101
1014 11
1014 188
1015 82
1016 33
1016 75
1016 13
1017 168
1018 33
1018 258
1018 142
1018 24
1018 83
1018 116
1018 56
1018 31
1019 98
1020 56
1021 16
1021 18
1021 70
1022 13
1022 60
1022 37
1022 5
1023 18
1023 235
1024 79
1025 83
1025 79
1026 288
1026 34
1026 38
1026 73
1026 331
1026 76
1026 142
1026 16
1026 24
1026 56
1026 58
1026 92
1027 34
1027 4
1027 73
1027 75
1027 142
1027 242
1027 58
1027 187
1028 295
1028 330
1028 142
1028 16
1028 24
1028 246
1028 56
1028 58
1028 187
1028 314
1030 184
1031 3
1031 4
1031 133
1031 232
1031 79
1031 148
1031 24
1031 260
1031 27
1031 261
1032 27
1032 204
1033 41
1033 44
1034 288
1034 320
1034 166
1034 327
1034 331
1034 16
1034 24
1034 117
1034 22
1034 56
1034 58
1034 92
1035 67
1036 79
1037 33
1037 166
1037 79
1037 242
1037 24
1037 58
1037 31
1038 33
1038 34
1038 134
1038 142
1038 48
1038 83
1038 116
1038 58
1039 5
1041 288
1041 8
1041 331
1041 183
1041 24
1041 58
1042 235
1043 273
1044 224
1045 18
1045 35
1046 41
1046 195
1046 261
1046 62
1046 145
1047 174
1047 16
1047 81
1047 56
1047 92
1047 31
1048 33
1048 83
1048 31
1049 102
1050 24
1050 94
1050 79
1051 195
1051 124
1051 70
1051 15
1052 288
1052 34
1052 295
1052 242
1052 16
1052 18
1052 24
1052 58
1052 92
1053 134
1054 70
1055 13
1055 37
1056 78
1057 8
1058 224
1059 270
1060 274
1061 83
1062 124
1063 98
1063 38
1064 116
1065 98
1065 35
1065 101
1065 70
1065 231
1065 73
1065 174
1065 84
1065 27
1066 73
1066 101
1066 185
1067 64
1067 38
1067 203
1067 44
1067 113
1067 243
1067 84
1067 124
1068 16
1068 79
1069 249
1070 18
1071 64
1072 72
1073 1
1073 34
1073 133
1073 295
1073 142
1073 24
1073 18
1073 56
1073 220
1074 48
1075 56
1076 159
1077 109
1078 288
1078 34
1078 73
1078 331
1078 142
1078 143
1078 24
1078 250
1078 314
1079 24
1079 33
1079 83
1079 166
1079 48
1080 34
1080 331
1080 260
1080 134
1080 75
1080 76
1080 142
1080 16
1080 24
1080 56
1080 58
1080 187
1080 314
1080 95
1081 105
1082 189
1084 331
1084 295
1084 73
1084 75
1084 76
1084 142
1084 86
1084 279
1084 58
1084 92
1084 314
1085 38
1085 233
1085 44
1085 178
1085 23
1085 58
1085 61
1086 288
1086 34
1086 100
1086 133
1086 134
1086 327
1086 76
1086 142
1086 15
1086 16
1086 22
1086 58
1086 92
1086 314
1087 31
1088 16
1088 56
1088 142
1088 177
1089 56
1090 5
1091 96
1091 73
1091 34
1091 203
1091 113
1092 9
1093 41
1094 77
1094 85
1095 186
1095 47
1096 56
1097 96
1097 41
1097 5
1097 113
1098 5
1098 37
1099 60
1099 5
1099 13
1100 88
1100 41
1100 203
1101 16
1101 73
1101 142
1102 278
1103 82
1103 5
1104 141
1105 73
1105 75
1105 16
1105 183
1105 24
1105 58
1105 220
1105 250
1106 41
1107 258
1107 299
1107 127
1108 142
1109 185
1109 27
1109 37
1109 231
1110 328
1110 53
1111 79
1112 113
1112 34
1112 331
1112 4
1112 38
1113 64
1113 73
1113 276
1113 38
1114 97
1114 300
1114 205
1114 16
1114 177
1114 148
1114 53
1114 186
1114 27
1114 158
1115 18
1116 116
1117 35
1117 4
1117 73
1117 183
1117 16
1117 51
1117 279
1117 56
1117 27
1118 1
1118 18
1119 64
1119 226
1119 36
1119 73
1119 142
1119 18
1119 116
1119 24
1119 287
1119 319
1121 227
1122 237
1123 18
1124 73
1124 42
1124 35
1124 231
1125 171
1126 34
1126 166
1126 102
1126 142
1126 16
1126 83
1126 116
1126 58
1126 187
1127 33
1127 35
1127 260
1127 102
1127 75
1127 83
1127 24
1127 58
1127 125
1128 27
1128 73
1128 83
1128 116
1128 231
1129 34
1129 16
1129 113
1129 23
1129 58
1129 124
1130 73
1131 37
1132 8
1133 282
1134 77
1135 246
1135 166
1135 331
1135 142
1135 22
1135 56
1135 59
1135 92
1136 24
1136 287
1137 288
1137 34
1137 327
1137 73
1137 76
1137 15
1137 16
1137 242
1137 86
1137 24
1137 58
1137 92
1138 27
1139 8
1141 56
1141 58
1141 166
1141 31
1142 5
1142 37
1143 4
1143 104
1143 44
1143 84
1143 124
1143 62
1144 79
1145 34
1145 4
1145 133
1145 6
1145 73
1145 331
1145 142
1145 16
1145 86
1145 24
1145 100
1145 58
1145 187
1145 92
1146 11
1146 83
1147 56
1148 9
1149 73
1149 249
1150 44
1150 23
1150 84
1150 124
1150 113
1151 275
1151 53
1152 4
1152 146
1152 59
1152 124
1152 314
1153 5
1154 8
1154 145
1154 34
1154 195
1155 3
1156 34
1156 231
1156 11
1156 109
1156 174
1156 208
1156 50
1156 27
1156 284
1157 34
1157 166
1157 73
1157 11
1157 174
1157 113
1157 56
1157 314
1158 100
1158 246
1158 142
1158 113
1158 86
1158 58
1158 92
1159 16
1159 56
1159 58
1159 92
1160 5
1160 13
1161 288
1161 34
1161 134
1161 92
1161 76
1161 142
1161 16
1161 24
1161 242
1161 246
1161 56
1161 58
1161 220
1161 314
1162 103
1163 70
1165 116
1166 13
1166 5
1166 119
1167 123
1167 166
1167 134
1167 331
1167 51
1167 117
1167 58
1167 59
1167 92
1168 75
1169 252
1170 16
1170 41
1171 208
1172 75
1172 331
1172 44
1172 113
1172 23
1172 57
1173 16
1173 24
1173 58
1173 56
1173 177
1174 4
1174 134
1174 70
1174 295
1174 41
1174 203
1174 142
1174 143
1174 16
1174 52
1174 73
1174 183
1174 100
1174 58
1174 260
1175 3
1176 16
1176 183
1177 255
1178 104
1179 16
1179 56
1179 177
1180 256
1180 35
1180 4
1180 5
1180 16
1180 113
1180 85
1180 23
1180 56
1180 57
1181 320
1181 84
1181 70
1181 159
1182 159
1183 64
1183 36
1184 117
1185 56
1185 75
1186 5
1186 37
1187 1
1188 145
1188 242
1188 279
1189 34
1189 163
1189 4
1189 73
1189 75
1189 44
1189 143
1189 329
1189 24
1189 58
1190 15
1191 56
1192 33
1192 83
1192 52
1192 174
1192 31
1194 18
1195 64
1195 2
1195 41
1195 203
1195 34
1195 48
1195 145
1195 73
1195 183
1195 23
1195 88
1195 314
1195 124
1196 13
1196 37
1196 5
1197 34
1197 172
1198 21
1199 18
1200 185
1201 58
1201 331
1201 156
1201 330
1202 285
1203 44
1204 51
1205 24
1205 58
1205 4
1205 38
1205 142
1206 291
1206 38
1206 135
1206 328
1206 302
1206 117
1206 283
1207 3
1208 1
1208 15
1208 148
1208 124
1208 151
1209 288
1209 100
1209 133
1209 134
1209 295
1209 142
1209 187
1210 72
1211 187
1211 299
1211 163
1211 54
1212 82
1212 306
1213 41
1213 23
1213 57
1214 100
1214 22
1214 295
1214 73
1214 331
1214 142
1214 15
1214 16
1214 24
1214 242
1214 246
1214 56
1214 185
1214 58
1214 92
1215 24
1216 57
1216 23
1217 36
1217 5
1217 13
1218 44
1218 203
1218 124
1218 85
1219 80
1220 58
1220 195
1220 243
1221 31
1222 16
1222 18
1222 58
1223 11
1223 142
1224 78
1225 124
1225 85
1225 23
1226 163
1226 38
1226 295
1226 142
1226 24
1226 314
1226 59
1226 287
1227 3
1228 243
1229 56
1229 58
1230 16
1230 56
1230 145
1231 5
1231 13
1232 82
1233 83
1233 203
1233 79
1234 288
1234 34
1234 100
1234 134
1234 73
1234 331
1234 142
1234 16
1234 24
1234 242
1234 246
1234 56
1234 58
1234 187
1234 92
1234 314
1235 66
1236 83
1236 116
1237 18
1238 86
1238 142
1239 48
1239 92
1240 81
1241 34
1241 4
1241 73
1241 142
1241 16
1241 21
1241 58
1241 92
1241 314
1242 64
1242 84
1242 62
1243 60
1243 5
1244 96
1244 44
1245 57
1245 34
1246 5
1246 13
1247 60
1249 21
1250 16
1250 88
1250 178
1250 4
1250 23
1251 288
1251 73
1251 75
1251 142
1251 16
1251 185
1252 288
1252 320
1252 34
1252 73
1252 205
1252 142
1252 16
1252 24
1252 117
1252 246
1252 56
1252 187
1252 92
1252 253
1253 96
1253 4
1253 74
1253 271
1253 16
1253 52
1253 260
1253 58
1253 27
1254 100
1254 166
1254 73
1254 16
1254 260
1254 58
1255 282
1256 56
1256 73
1256 34
1256 76
1256 142
1257 195
1257 4
1257 298
1257 11
1257 205
1257 16
1257 56
1257 23
1257 88
1257 58
1259 83
1260 288
1260 33
1260 4
1260 166
1260 41
1260 79
1260 16
1260 24
1260 83
1260 52
1260 73
1260 56
1260 58
1261 62
1262 104
1263 186
1264 56
1265 256
1265 295
1265 73
1265 16
1265 52
1265 117
1265 184
1265 58
1266 4
1267 56
1267 247
1268 56
1269 116
1269 5
1269 37
1270 8
1271 44
1272 18
1272 37
1273 11
1274 96
1274 4
1274 41
1274 44
1274 113
1274 85
1275 292
1275 85
1275 23
1276 24
1276 83
1276 142
1277 57
1278 117
1279 145
1280 282
1280 83
1280 287
1281 64
1281 203
1281 178
1281 243
1281 84
1281 22
1281 88
1281 124
1282 58
1282 187
1282 142
1282 31
1283 247
1284 70
1285 16
1285 92
1285 86
1285 142
1287 158
1288 34
1288 73
1288 142
1288 16
1288 56
1288 24
1288 314
1289 58
1289 52
1289 166
1290 256
1291 260
1291 5
1291 166
1291 295
1291 41
1291 13
1291 142
1291 16
1291 73
1291 265
1292 41
1292 79
1293 320
1293 34
1293 133
1293 331
1293 142
1293 16
1293 24
1293 242
1293 56
1293 58
1293 187
1293 92
1293 314
1294 113
1295 180
1296 166
1296 73
1296 142
1296 24
1296 56
1296 92
1296 253
1297 288
1297 295
1297 331
1297 205
1297 142
1297 183
1298 48
1299 134
1299 295
1299 73
1299 331
1299 24
1299 56
1299 92
1300 243
1300 38
1301 116
1302 159
1304 88
1304 4
1304 44
1304 23
1305 18
1306 33
1306 75
1306 78
1306 79
1306 208
1306 113
1306 62
1307 8
1307 56
1308 34
1308 142
1308 16
1308 24
1308 56
1308 58
1308 92
1309 5
1310 44
1310 84
1310 23
1311 88
1311 41
1311 203
1312 6
1312 142
1313 75
1314 11
1315 124
1316 288
1316 34
1316 75
1316 142
1316 24
1316 56
1316 314
1317 24
1317 92
1317 22
1317 134
1318 41
1318 113
1319 5
1319 13
1320 58
1320 195
1321 60
1321 5
1322 3
1324 70
1325 243
1327 24
1327 83
1327 166
1328 282
1329 260
1329 70
1329 327
1329 295
1329 142
1329 16
1329 86
1329 23
1329 56
1329 58
1329 187
1329 314
1330 16
1330 58
1330 4
1330 183
1331 142
1332 295
1333 34
1333 5
1334 116
1334 5
1334 23
1335 52
1336 56
1336 98
1336 59
1336 303
1337 24
1337 56
1337 34
1337 58
1337 314
1339 195
1340 34
1340 134
1340 327
1340 142
1340 16
1340 86
1340 187
1340 92
1341 35
1342 113
1343 64
1343 72
1343 203
1343 88
1344 60
1344 5
1345 113
1345 44
1346 184
1346 50
1346 51
1346 78
1347 256
1347 330
1347 142
1347 246
1347 56
1347 58
1348 113
1348 85
1349 83
1350 73
1350 243
1350 124
1350 38
1351 41
1352 44
1352 84
1352 23
1353 44
1354 58
1354 85
1354 178
1355 56
1355 145
1355 58
1355 100
1355 142
1356 64
1356 296
1356 73
1356 142
1356 23
1356 124
1357 34
1357 282
1358 33
1358 166
1358 76
1358 48
1358 52
1358 24
1358 59
1359 11
1359 83
1359 166
1360 59
1360 124
1361 88
1361 58
1362 18
1363 11
1363 83
1363 52
1363 166
1364 98
1364 203
1364 300
1365 251
1366 44
1366 84
1367 85
1367 110
1368 297
1369 62
1370 24
1370 83
1371 56
1371 92
1372 60
1373 116
1374 16
1374 58
1375 33
1375 83
1375 31
1376 124
1377 6
1378 64
1378 51
1379 41
1379 18
1379 142
1381 96
1381 34
1381 70
1381 16
1381 84
1381 187
1382 84
1383 3
1384 16
1384 73
1384 123
1385 70
1386 96
1386 41
1386 331
1386 44
1387 83
1388 88
1388 113
1388 4
1389 18
1390 34
1390 295
1390 16
1390 24
1390 56
1390 58
1390 314
1391 70
1392 62
1393 113
1394 328
1394 53
1395 288
1395 34
1395 260
1395 142
1395 16
1395 24
1395 58
1395 92
1396 76
1397 83
1398 72
1400 195
1400 84
1401 38
1401 166
1401 73
1401 142
1401 16
1401 86
1402 174
1403 16
1403 24
1403 75
1403 4
1404 56
1404 124
1404 85
1405 11
1406 288
1406 4
1406 38
1406 134
1406 327
1406 75
1406 142
1406 24
1406 56
1406 185
1406 187
1407 16
1407 58
1407 4
1407 70
1407 183
1408 143
1409 288
1409 185
1409 22
1409 246
1410 22
1411 113
1412 72
1412 203
1412 124
1413 88
1413 178
1413 4
1414 5
1414 13
1415 78
1416 58
1416 92
1417 260
1417 73
1417 142
1417 16
1417 58
1417 92
1418 41
1419 44
1419 23
1420 34
1420 295
1420 331
1420 44
1420 142
1420 16
1420 24
1420 124
1421 5
1422 113
1423 295
1424 34
1424 166
1425 64
1425 34
1425 195
1425 41
1425 16
1425 113
1425 51
1426 56
1426 34
1426 58
1427 92
1428 113
1429 5
1430 48
1430 27
1430 85
1431 41
1432 231
1433 11
1434 13
1435 41
1436 44
1437 16
1437 56
1437 58
1437 44
1437 84
1438 195
1439 58
1439 123
1439 314
1440 18
1441 16
1441 184
1441 58
1441 142
1442 295
1444 124
1444 62
1445 113
1445 203
1445 84
1446 124
1447 70
1448 85
1449 31
1450 4
1450 327
1450 73
1450 142
1450 16
1450 178
1451 242
1451 314
1452 5
1453 159
1454 59
1455 18
1455 5
1456 18
1457 195
1458 4
1458 34
1458 92
1458 58
1459 113
1459 187
1459 124
1460 102
1461 96
1461 184
1461 5
1462 41
1462 62
1462 113
1463 41
1463 142
1463 23
1464 44
1465 70
1467 5
1468 124
1469 5
1470 34
1470 4
1470 73
1470 76
1470 142
1470 16
1470 178
1470 183
1470 56
1470 260
1470 58
1471 56
1472 41
1472 44
1472 113
1473 288
1473 34
1473 73
1473 75
1473 24
1473 314
1474 6
1475 34
1476 251
1476 159
1477 41
1478 124
1478 85
1479 59
1480 76
1481 64
1481 41
1481 203
1482 52
1483 96
1483 113
1483 331
1483 53
1483 166
1484 41
1484 52
1484 113
1484 142
1484 124
1485 331
1485 4
1485 73
1485 75
1485 142
1485 56
1485 58
1485 314
1486 4
1486 38
1487 35
1488 34
1488 4
1488 134
1488 75
1488 142
1488 24
1488 58
1489 88
1489 44
1489 23
1490 265
1491 16
1491 56
1491 86
1491 73
1492 320
1492 34
1492 4
1492 178
1492 18
1492 314
1493 16
1493 113
1494 288
1494 34
1494 6
1494 73
1494 16
1494 56
1494 314
1494 187
1495 5
1495 62
1495 13
1496 32
1496 41
1496 11
1497 113
1497 58
1497 92
1498 113
1498 203
1498 44
1499 104
1500 287
1501 18
1502 34
1502 134
1502 73
1502 142
1502 183
1502 58
1502 187
1503 41
1503 34
1503 73
1504 124
1505 3
1506 34
1506 133
1506 73
1506 331
1506 142
1506 16
1506 24
1506 184
1507 59
1508 41
1509 56
1511 84
1512 113
1513 5
1513 13
1516 3
1517 18
1517 5
1518 22
1519 6
1520 113
1521 44
1522 16
1522 187
1523 58
1523 53
1524 44
1525 34
1525 133
1525 73
1525 142
1525 86
1525 92
1526 231
1527 291
1528 3
1529 41
1530 16
1530 184
1530 76
1530 142
1531 142
1531 311
1532 34
1532 134
1533 84
1534 18
1535 142
1535 183
1536 16
1536 73
1536 246
1536 320
1537 88
1537 34
1537 23
1538 52
1539 96
1540 145
1540 51
1541 143
1542 16
1542 75
1542 76
1542 142
1543 23
1544 18
1545 83
1546 16
1546 56
1546 4
1547 288
1548 41
1549 113
1550 124
1551 58
1552 56
1552 59
1552 187
1552 23
1553 24
1553 56
1553 75
1553 142
1554 41
1554 124
1555 220
1556 86
1557 113
1558 52
1559 185
1559 58
1559 75
1559 4
1559 142
1560 5
1560 13
1562 56
1562 331
1562 260
1562 142
1562 23
1563 35
1564 86
1565 16
1565 86
1566 166
1567 124
1568 124
1569 56
1569 73
1569 58
1569 142
1570 5
1571 18
1571 38
1572 184
1573 76
1574 242
1575 56
1575 73
1575 34
1575 314
1575 166
1576 13
1577 16
1577 73
1577 34
1577 75
1577 58
1578 16
1578 203
1579 24
1579 288
1579 34
1579 133
1579 142
1581 143
1582 24
1583 100
1584 5
1585 58
1585 260
1585 174
1586 16
1586 58
1586 86
1586 142
1586 295
1588 133
1588 73
1588 75
1588 16
1588 52
1588 56
1588 92
1589 58
1589 166
1589 174
1590 33
1591 185
1592 41
1592 44
1593 16
1593 58
1593 86
1593 142
1594 124
1595 13
1596 5
1598 86
1599 113
1600 16
1600 44
1600 23
1601 96
1602 96
1602 44
1603 73
1603 83
1603 166
1604 44
1605 319
1606 18
1607 5
1607 13
1608 41
1609 113
1610 24
1610 185
1611 79
1611 83
1611 237
1611 85
1612 41
1613 18
1614 5
1615 88
1616 113
1617 318
1618 174
1619 124
1620 38
1620 79
1621 56
1621 331
1621 76
1621 134
1622 18
1622 5
1623 323
1624 297
1625 83
1625 142
1626 5
1627 113
1628 83
1628 92
1629 33
1630 124
1631 124
1631 38
1632 59
1633 134
1634 92
1635 113
1636 18
1637 166
1638 56
1638 34
1638 92
1638 58
1639 183
1640 5
1640 13
1641 16
1641 34
1641 100
1641 58
1642 203
1643 4
1643 166
1643 134
1643 75
1643 16
1643 56
1643 58
1644 113
1645 124
1646 5
1647 56
1648 317
1649 56
1649 58
1650 124
1651 5
1651 13
1652 56
1652 58
1652 92
1653 187
1653 86
1653 142
1654 16
1654 166
1655 76
1656 5
1657 316
1658 96
1658 288
1658 73
1658 331
1658 142
1658 56
1659 159
1660 159
1661 41
1662 124
1664 27
1665 41
1666 83
1667 56
1668 52
1669 13
1669 54
1670 58
1670 314
1671 75
1671 142
1672 113
1673 18
1674 18
1676 5
1676 13
1677 34
1677 142
1678 316
1679 5
1680 113
1681 124
1682 5
1682 13
1684 16
1686 203
1687 16
1687 24
1687 58
1687 166
1687 56
1688 73
1688 58
1688 142
1690 56
1691 13
1692 73
1692 314
1692 260
1693 83
1694 34
1694 75
1694 73
1694 331
1694 142
1694 58
1695 56
1696 56
1697 56
1697 142
1698 13
1699 185
1699 34
1700 5
1701 34
1701 92
1702 18
1703 5
1704 56
1704 73
1704 58
1704 75
1705 5
1706 83
1707 159
1708 18
1709 18
1710 124
1711 13
1712 166
1713 166
1714 16
1715 13
1715 79
1716 23
1717 34
1717 83
1718 41
1719 44
1720 96
1721 83
1722 5
1723 92
1724 134
1724 75
1724 16
1724 24
1724 56
1724 314
1724 92
1725 18
1726 18
1727 41
1728 187
1729 328
1730 16
1730 288
1730 58
1730 100
1730 142
1731 4
1732 41
1734 18
1735 76
1736 187
1736 166
1737 44
1738 83
1739 41
1740 41
1740 124
1740 73
1741 56
1742 83
1743 83
1744 124
1745 59
1746 96
1747 96
1748 5
1749 16
1749 58
1750 16
1750 56
1751 56
1752 56
1752 58
1752 92
1752 142
1753 124
1754 73
1754 183
1755 73
1755 27
1756 83
1757 96
1758 56
1759 5
1760 41
1761 59
1762 183
1763 83
1764 56
1764 34
1764 58
1765 24
1765 183
1766 34
1766 58
1766 142
1767 34
1767 295
1767 142
1767 16
1767 24
1767 58
1767 187
1767 92
1768 83
1769 185
1770 16
1770 34
1770 58
1771 16
1771 56
1771 92
1772 16
1772 34
1772 92
1773 5
1774 288
1774 34
1774 92
1775 16
1775 56
1775 166
1775 73
1776 260
1777 41
1778 41
1779 52
1780 56
1780 288
1780 34
1780 92
1780 58
1781 320
1782 166
1782 73
1782 16
1782 56
1782 24
1782 92
1783 16
1783 288
1784 166
1785 5
1786 58
1787 56
1787 58
1788 16
1788 143
1789 41
1791 27
1792 23
1793 58
1793 331
1793 92
1793 142
1794 34
1795 34
1795 58
1795 142
1796 58
1796 4
1796 38
1797 56
1797 34
1798 260
1799 5
1800 52
1800 60
1801 56
1801 27
1802 34
1802 142
1803 11
1804 159
1805 23
1806 23
1807 56
1808 16
1808 24
1808 34
1809 41
1810 4
1810 73
1810 142
1810 56
1810 58
1810 187
1811 27
1812 16
1813 5
1814 41
1815 159
1816 288
1816 34
1816 331
1817 16
1817 187
1818 34
1818 75
1818 4
1818 58
1818 143
1819 56
1819 73
1819 58
1820 27
1821 187
1822 16
1822 56
1822 73
1823 16
1823 73
1823 295
1824 56
1824 58
1825 96
1826 295
1827 288
1828 23
1829 41
1831 4
1832 41
1833 5
1834 16
1834 58
1834 331
1834 4
1835 34
1835 23
1837 34
1837 23
1838 16
1838 56
1839 5
1840 41
1841 4
1841 73
1841 75
1841 16
1841 56
1841 314
1842 41
1843 16
1844 41
1845 16
1845 56
1845 34
1845 314
1846 52
1848 24
1848 142
1849 16
1849 73
1849 75
1850 41
1852 142
1853 58
1854 23
1855 16
1856 5
1857 92
1858 5
1859 5
1860 16
1860 34
1860 314
1861 16
1861 56
1862 16
1862 24
1862 58
1863 16
1864 16
1864 73
1864 58
1864 4
1864 142
1865 38
1866 56
1866 58
1866 166
1868 24
1868 34
1869 5
1870 24
1871 166
1872 58
1872 166
1873 56
1875 295
1876 166
1878 50
1878 187
1879 187
1880 58
1881 24
1881 58
1882 58
1883 16
1883 58
1884 58
1885 58
1886 58
1887 34
1887 58
1888 16
1888 58
1888 314
1889 58
1889 142
1890 58
1891 34
1891 58
1891 142
1892 16
1892 58
1893 58
1893 142
1894 34
1894 331
1894 58
1895 34
1895 58
1896 58
1897 16
1897 73
1897 58
1897 92
1898 34
1898 58
1898 314
1899 58
1900 58
1901 58
1902 58
1903 58
1904 58
1905 58
1908 58
1909 58
1910 58
1911 58
1911 331
1912 58
1914 58
1915 16
1915 58
1916 16
1916 58
1917 16
1917 58
1918 58
1919 16
1919 58
1919 331
1920 16
1920 34
1920 58
1923 58
1925 34
1925 58
1926 58
1927 48
1927 58
1927 74
1929 58
1930 333
1931 32
1931 324
1931 74
1931 141
1931 78
1931 333
1931 337
1931 120
1931 60
1931 62
1932 36
1933 310
1934 334
1935 18
1935 50
1935 334
1938 190
1939 67
1940 288
1941 4
1942 4
1944 185
1944 51
1944 92
1945 338
1945 335
1946 260
1947 85
1948 1
1949 1
1950 82
1951 137
1952 104
1952 316
1952 117
1953 53
1954 79
1955 79
1956 224
1957 224
1958 120
1959 141
1960 141
1961 3
1962 3
1963 3
1965 184
1966 184
1967 92
1968 92
1969 92
1969 142
1970 252
1971 110
1972 56
1972 129
1973 73
1973 331
1975 331
1976 331
1977 331
1978 331
1979 331
1979 142
1980 331
1981 331
1982 331
1984 331
1984 100
1986 331
1987 76
1988 24
1989 24
1990 24
1991 24
1992 24
1992 124
1993 24
1993 52
1993 142
1994 24
1994 73
1994 142
1995 24
1996 24
1997 24
1998 24
1999 24
2000 24
2001 142
2002 24
2003 187
2004 187
2005 314
2006 35
2007 35
2008 35
2009 61
2010 295
2011 295
2012 286
2013 286
2014 16
2015 16
2016 16
2016 34
2017 16
2018 16
2019 16
2020 16
2021 16
2021 34
2022 16
2023 16
2024 16
2024 34
2025 16
2026 16
2027 16
2028 16
2029 16
2029 142
2031 16
2032 16
2033 16
2034 16
2034 142
2035 16
2035 34
2036 16
2037 16
2038 34
2038 142
2039 16
2040 16
2042 16
2043 16
2044 16
2045 16
2046 16
2046 73
2047 16
2048 16
2049 16
2050 16
2051 16
2052 16
2053 16
2053 34
2054 16
2055 16
2056 16
2057 16
2058 16
2058 34
2058 314
2059 16
2060 16
2061 16
2061 314
2061 166
2062 16
2063 16
2064 16
2065 16
2066 33
2066 75
2066 124
2067 75
2068 336
2068 281
2068 116
2069 72
2069 33
2070 243
2071 243
2072 34
2073 34
2074 34
2075 34
2076 34
2077 34
2078 34
2080 34
2081 34
2082 193
2083 34
2083 142
2084 34
2085 34
2086 34
2086 38
2087 34
2088 34
2089 34
2090 34
2091 34
2092 34
2093 180
2094 180
2095 180
2096 308
2097 261
2098 48
2098 178
2098 133
2099 41
2100 231
2101 32
2102 113
2103 113
2104 113
2106 166
2107 166
2108 52
2109 52
2110 52
2111 52
2112 52
2113 56
2113 52
2114 52
2115 52
2116 72
2117 73
2118 73
2119 73
2120 73
2121 73
2121 142
2122 73
2123 73
2124 73
2126 31
2127 31
2128 246
2128 31
2130 31
2132 31
2133 155
2134 44
2135 325
2136 289
2138 104
2139 104
2140 246
2141 18
2142 18
2143 138
2144 54
2145 54
2146 178
2147 185
2148 11
2149 11
2150 11
2151 51
2152 51
2154 51
2155 256
2156 285
2158 278
2160 100
2161 124
2162 124
2163 124
2164 124
2165 124
2166 124
2167 48
2168 242
2169 107
2170 38
2171 38
2172 98
2173 314
2174 314
2174 142
2175 314
2176 314
2177 314
2178 314
2179 314
2180 142
2182 142
2183 142
2184 142
2185 142
2186 142
2187 142
2188 142
2190 142
2191 142
2192 142
2193 142
2194 142
2195 142
2196 142
2197 142
2199 142
2200 142
2201 142
2202 142
2203 142
2204 142
2205 142
2206 142
2208 142
2209 56
2210 290
2211 102
2213 56
2214 56
2216 56
2217 56
2218 56
2219 56
2220 56
2221 56
2222 70
2223 70
2224 70
2225 5
2226 5
2227 5
2229 5
2230 5
2231 5
2232 5
2233 5
2234 5
2235 5
2236 5
2237 5
2238 5
2239 5
