2048 474
2048 523
2049 633
2 1391
6 587
2055 329
8 1992
8 91
9 1143
2059 691
12 1013
13 311
2065 1609
18 39
2070 1344
23 1135
2073 1224
2074 594
27 1007
2077 474
2078 720
31 1944
2081 1984
2081 415
34 1627
35 1093
37 1740
2088 753
2092 1625
45 1509
47 605
48 2056
2056 1661
51 1538
2057 249
2057 2027
57 1629
2106 225
61 2197
63 1197
64 1824
64 2054
65 644
66 1138
67 483
68 1580
2117 1577
2118 208
2118 538
71 1572
71 1486
72 1308
2122 2105
2123 471
76 1609
76 1772
2125 1028
78 1174
81 768
82 968
86 431
87 641
88 295
89 491
89 1667
2138 1002
2143 140
96 2045
2146 1104
2146 222
2147 485
100 873
102 188
103 550
104 997
106 1528
109 1020
110 352
113 587
113 575
2162 898
2163 393
2166 256
120 1421
2169 654
2169 150
123 1255
2172 1472
2173 1585
126 820
126 910
129 1250
2178 300
2179 377
2179 2041
132 2183
132 167
2181 1235
2182 1334
2183 276
2183 387
2184 1600
2184 539
138 861
140 549
2192 2212
145 1848
152 500
2201 227
2202 1568
2202 1841
2203 1173
157 1612
2206 758
160 204
161 173
2210 2022
163 1117
2212 779
2213 1057
2213 852
2213 1719
166 904
168 1157
174 385
2223 519
2224 1915
2224 2047
2225 1723
2226 617
2226 970
2226 966
180 1943
181 1140
2230 1471
2231 1103
184 1213
2233 386
186 1736
187 953
187 98
2237 1737
2237 285
2238 1603
191 1827
191 827
192 272
192 1524
194 452
194 412
194 1132
198 1056
204 473
2082 1781
2082 798
206 1767
207 1353
209 1086
2083 1808
212 1125
215 228
217 1656
217 1010
220 1760
220 349
220 1647
224 280
226 240
226 595
228 1920
231 764
231 2022
2087 896
2087 892
239 2228
241 1613
243 440
246 1170
249 1275
2054 1807
251 2154
254 499
254 1267
259 1513
261 1809
263 1245
265 1408
265 1145
265 884
265 461
268 612
272 1777
272 1942
277 661
277 1749
279 1151
281 464
281 744
284 525
290 800
292 591
293 619
294 1110
297 1501
298 1488
298 1009
301 1726
303 837
304 806
306 799
310 1087
311 1033
312 409
312 1233
313 669
314 1481
314 1738
321 414
326 1354
330 2003
2103 2031
334 425
335 822
340 1379
342 646
2105 375
344 1757
346 1827
348 1755
349 700
351 1330
352 1950
354 584
361 978
361 711
364 2018
365 2023
367 491
371 569
371 1546
371 1951
373 748
377 1502
2111 580
380 1812
382 1617
382 671
384 568
384 1399
387 2066
387 1485
387 838
388 1941
389 1633
392 1269
393 2109
394 853
394 727
2114 1898
398 465
398 1916
399 2119
2115 716
405 902
406 639
409 735
410 693
412 1468
412 492
414 1890
414 422
415 656
417 1917
417 903
418 2228
420 1912
420 681
420 956
422 1206
423 1774
425 450
428 1700
433 1906
435 462
437 1483
443 1936
443 1177
450 912
452 1097
457 656
464 1451
464 1333
468 964
468 1450
468 676
2126 624
2126 1851
470 1058
472 1667
475 1593
476 813
487 1342
490 1361
491 1225
492 622
494 1810
496 933
497 928
499 1524
500 1163
503 1843
504 1793
506 1760
506 1757
509 1345
509 1252
509 790
511 903
512 1906
516 1930
525 1115
529 1326
530 1057
534 1528
2137 1939
536 734
539 2157
541 1407
543 1144
543 1449
2139 2239
550 1752
550 1535
551 1020
552 1473
553 578
554 902
1081 672
562 250
568 1677
571 1493
574 622
2144 1884
578 1784
584 1580
585 1370
591 1393
592 1184
593 690
599 1360
2148 1919
607 1311
622 701
2152 1300
2152 903
628 1869
628 2030
631 916
633 1213
635 1018
640 2034
640 1052
641 1294
643 1765
645 1009
648 1429
649 692
652 951
653 711
1409 1685
665 868
673 1501
673 1862
676 1190
678 1091
679 1296
690 2006
697 1699
705 1332
707 787
707 1019
709 1781
715 1665
715 1933
720 1288
2168 1811
726 1447
727 1201
727 1246
1487 878
733 936
733 980
737 859
746 1884
749 1808
749 1265
752 1647
752 2022
752 1567
753 1173
755 2234
755 1395
757 1138
1833 894
766 1795
771 1820
774 1117
775 2214
781 1771
783 1434
786 1700
787 811
788 965
789 1179
793 2020
797 2043
799 2040
800 1373
805 1174
807 1999
808 1639
135 1618
815 1744
815 1139
820 1359
826 1089
828 1343
830 865
831 1941
840 49
843 1063
846 1900
847 1774
853 1923
859 1609
862 953
862 1342
870 1713
870 957
871 2002
872 1103
873 2205
875 1795
876 1680
879 2229
880 1449
880 1338
883 1602
890 1496
891 2000
1514 1736
1514 1760
894 1635
896 1994
899 1302
908 1236
909 1320
910 1767
2200 1347
2216 1762
2216 1060
918 1326
919 1096
934 1911
944 1904
953 1546
954 964
956 1440
957 1752
957 1893
967 1649
972 1971
978 1462
979 1355
980 1806
982 1003
983 1006
986 1436
987 1688
2215 1698
991 1530
993 1292
996 1157
999 1212
2079 1351
1001 1804
1005 1519
1011 1490
1016 1856
1018 2030
1023 1284
1024 1354
1024 1477
1031 1891
1034 1261
1041 1929
1043 1696
1044 1510
1046 1107
1048 1829
1057 1065
1058 1372
1059 1758
1060 1529
1060 1262
1067 1744
1068 1115
1070 1613
1071 2038
1078 1334
1080 1798
2228 2097
1087 1628
1095 1684
1095 1654
1096 1420
1101 2026
1102 1794
1103 2161
1103 1612
2232 1195
1111 1715
1113 1166
1114 1207
1115 1228
1115 1947
1118 1361
1118 1838
1120 1970
1123 1517
2236 1289
1130 2026
1132 1377
1137 1215
1146 1923
1154 1443
1156 1891
1167 1265
1168 1871
1173 1645
1185 1872
1188 1631
1189 1578
1193 1542
1193 1271
1198 610
1198 1589
1202 2029
1203 1236
1204 1255
1216 1632
1216 1467
1218 1547
1221 1592
1221 1495
1225 1417
1230 1655
1240 1983
1249 1538
1254 1274
1255 1989
1883 1904
1259 1466
1260 1828
1265 1758
1268 1895
1272 1692
1274 1656
1280 1370
1281 1568
1284 1688
1284 1747
1285 1319
1293 1889
1805 1797
1302 1637
1304 1696
1311 1665
1313 1719
1316 1675
1322 1583
2158 1653
1327 1651
1328 1609
1329 1861
1360 1601
1361 1423
1380 1728
1401 1586
1403 589
1403 1622
1408 1807
1412 1450
1417 1707
1431 1817
1438 1628
1441 1482
1460 1711
1461 1732
1465 1619
1466 1580
1468 1498
1476 1960
1482 1961
1496 2031
1498 1551
1504 1818
1506 2174
1510 1536
1522 2019
1544 1836
1550 1931
1564 1845
1567 1963
1570 1969
1581 1595
1582 1808
1614 1785
1622 1685
1623 2002
1635 1905
1635 1981
1645 1768
1645 1985
1646 1850
1651 1919
1651 1895
1694 1808
1700 1930
1705 1728
1724 1874
1744 1986
1773 2004
1775 2030
1782 655
1790 1927
1791 1827
1794 1841
1800 2004
1836 1994
1859 1913
1893 1912
1942 2039
