3 946
4 35
6 1537
6 610
6 609
6 88
6 980
6 279
6 568
6 91
6 252
6 1117
7 35
7 901
7 205
7 850
7 451
7 532
7 470
7 250
7 572
9 1216
9 66
15 187
16 1083
18 1477
18 302
24 672
24 1546
25 1289
25 1489
25 252
25 201
25 763
25 156
26 923
26 1668
26 717
27 485
27 71
27 108
27 1038
27 180
27 697
27 153
28 299
28 108
28 507
34 296
34 203
34 1483
35 104
35 113
35 594
35 125
37 1034
38 162
38 349
39 173
40 160
40 416
40 1090
40 291
40 136
40 194
40 208
40 177
40 371
40 568
40 186
40 895
40 287
41 188
42 850
46 612
48 65
49 229
51 633
52 808
52 319
52 1491
52 791
53 121
65 243
66 684
67 412
70 1270
73 671
74 1037
75 124
75 86
76 149
77 281
79 197
79 149
81 1536
81 209
81 203
81 140
81 113
83 678
83 1375
86 689
86 420
86 763
87 1209
87 387
94 256
94 1208
95 140
99 216
99 106
99 291
104 449
104 550
104 231
104 392
104 170
104 216
104 958
106 479
108 757
109 384
109 640
109 230
109 392
109 299
109 429
109 407
109 121
109 444
109 799
113 326
113 298
113 304
113 345
113 287
115 208
115 769
119 367
120 758
124 226
124 1066
124 1423
124 1648
124 431
126 1432
130 928
130 734
133 1331
135 528
137 483
139 236
140 183
140 524
140 918
142 321
142 546
142 243
142 363
142 464
142 755
149 660
149 431
149 389
151 784
157 370
158 380
159 492
159 1062
165 192
165 193
165 1078
167 359
169 1689
169 906
175 283
175 1150
177 801
178 209
178 734
181 284
181 188
183 1629
184 1256
184 428
184 487
187 439
187 852
187 365
188 1416
188 336
188 191
197 675
198 1173
200 881
204 1012
204 1341
207 1443
209 403
210 865
210 267
219 874
219 663
220 232
220 1447
221 737
222 755
227 342
236 955
240 444
241 770
242 331
249 298
250 584
257 1219
258 661
267 481
270 609
271 881
281 730
281 1211
295 704
296 1685
296 486
297 1218
298 840
298 1162
310 1040
328 453
330 350
331 357
331 1373
333 469
340 615
342 699
342 1374
342 1663
354 1400
362 483
371 890
371 894
371 1638
389 1553
393 1273
394 841
398 838
398 1686
401 560
401 1346
408 875
410 1305
413 1488
414 903
415 644
424 1633
428 455
434 1369
436 587
442 456
443 597
443 1478
460 573
471 843
473 1237
479 553
483 706
483 565
486 898
489 1122
500 1568
504 1295
506 766
524 579
533 946
544 794
560 696
573 1196
592 1201
593 1406
597 716
599 980
599 603
599 1220
612 1393
616 859
659 1350
688 1496
688 694
688 1294
690 1700
691 1003
696 1644
701 1487
726 781
730 1155
731 922
734 1045
737 1051
783 1597
798 1285
801 1458
801 1178
814 841
845 1029
864 1118
881 930
951 1204
1003 1050
1041 1178
1122 1209
1163 1287
1168 1449
1210 1325
1229 1297
