1 134
2 1206
6 1135
7 540
15 1344
21 1461
22 937
22 310
25 790
26 701
28 638
29 681
29 1510
30 1274
31 510
34 1033
34 454
39 605
42 1017
48 1279
55 184
67 534
75 1328
76 811
77 1323
77 182
79 372
80 405
82 150
90 1292
92 135
93 154
94 983
103 1111
105 1188
108 1506
112 1254
115 1253
116 748
123 1103
124 510
129 763
130 1333
131 1093
131 879
138 473
138 1674
139 1632
140 173
140 1678
141 1237
149 1260
154 910
156 1496
157 1402
161 1463
165 825
166 512
168 938
171 1542
175 907
178 1584
178 323
186 906
190 886
192 237
198 1662
201 700
207 900
209 617
210 1536
212 1405
214 1667
218 340
218 717
224 1042
228 1096
228 492
230 421
234 902
237 1055
238 1657
238 543
241 1029
242 884
243 1101
246 1442
250 422
254 868
256 481
256 1179
267 507
267 1695
278 1239
284 1447
290 518
293 343
296 1480
296 595
297 332
300 1382
301 554
312 534
314 1225
314 1409
316 404
323 627
327 1219
331 1326
333 1203
346 1466
349 1332
352 1478
353 569
354 525
355 506
357 1207
358 483
358 1551
365 913
366 956
370 1064
370 770
377 993
379 1299
384 908
385 666
388 1601
393 402
399 971
402 1292
406 1246
410 1007
420 1570
422 661
430 1574
434 824
445 1301
446 634
448 1540
449 939
458 551
461 884
462 1138
464 682
467 589
474 1155
474 620
477 606
478 631
481 1291
482 1501
486 1043
494 594
501 1561
501 651
503 735
505 681
508 801
508 1250
512 1507
516 1532
518 758
523 1204
527 977
535 608
536 537
540 687
553 765
559 603
559 1515
563 597
567 1412
568 1649
573 1140
575 1627
575 1327
580 874
594 1307
600 1313
600 1358
603 1054
609 1157
614 1009
622 966
623 743
626 1640
630 1151
635 1107
635 1246
637 1522
638 1461
639 820
643 1363
651 1634
654 1093
657 1694
667 1621
675 775
683 1458
696 1281
709 885
711 961
720 1365
722 1268
730 1615
731 1460
734 741
737 1157
739 1366
749 1029
757 1631
759 964
760 941
760 1158
769 1487
772 1563
776 1373
778 1117
783 1557
786 1463
787 957
787 1255
796 1072
804 1067
804 1532
804 974
804 975
808 817
814 1449
817 1334
819 853
824 1455
834 1137
834 1155
838 1466
846 1304
853 1587
864 1504
866 1396
870 1200
879 1700
883 1429
885 1411
893 1333
899 1402
903 1688
910 1444
910 1301
911 1188
923 1129
932 1634
935 1398
936 1064
936 1632
940 1614
944 1237
948 1196
950 960
950 1041
969 1249
979 1370
985 1540
996 1565
997 1462
1009 1430
1012 1511
1018 1162
1018 1669
1018 1222
1036 1267
1040 1677
1043 1539
1044 1435
1048 1108
1050 1451
1050 1599
1056 1595
1059 1576
1069 1090
1076 1569
1081 1291
1081 1519
1091 1188
1094 1653
1095 1209
1112 1149
1120 1544
1152 1187
1166 1384
1187 1294
1199 1441
1216 1223
1217 1381
1227 1374
1234 1235
1255 1490
1256 1613
1257 1453
1258 1625
1271 1378
1278 1471
1290 1379
1301 1635
1323 1673
1340 1429
1342 1622
1375 1696
1388 1534
1450 1483
1462 1493
1492 1648
1539 1660
1558 1589
1598 1609
