1 169
1 459
2 881
2 381
3 1062
3 102
3 77
3 205
3 177
3 946
3 1427
3 436
3 599
3 763
3 1599
4 352
4 1536
4 35
4 163
4 753
4 392
4 458
4 140
4 168
4 99
4 74
4 1571
4 443
4 778
5 352
5 514
5 1316
6 384
6 1537
6 1195
6 389
6 135
6 523
6 145
6 146
6 278
6 279
6 231
6 287
6 160
6 519
6 1583
6 304
6 817
6 51
6 565
6 568
6 693
6 64
6 449
6 842
6 464
6 81
6 83
6 980
6 88
6 345
6 346
6 91
6 216
6 1117
6 95
6 609
6 610
6 867
6 485
6 999
6 361
6 106
6 363
6 914
6 750
6 381
6 243
6 755
6 605
6 252
6 125
6 638
6 127
7 640
7 389
7 135
7 905
7 1547
7 524
7 271
7 451
7 532
7 917
7 151
7 153
7 1180
7 157
7 901
7 800
7 1185
7 35
7 549
7 318
7 817
7 210
7 170
7 683
7 1581
7 1070
7 559
7 561
7 180
7 1673
7 1080
7 756
7 314
7 572
7 452
7 1598
7 1342
7 195
7 196
7 1479
7 202
7 76
7 205
7 727
7 81
7 850
7 675
7 852
7 470
7 471
7 601
7 1626
7 223
7 1506
7 867
7 232
7 1257
7 1387
7 108
7 1234
7 366
7 367
7 624
7 369
7 1138
7 755
7 25
7 958
7 1656
7 249
7 250
7 1019
8 395
8 124
9 128
9 1216
9 66
9 28
9 301
9 734
9 342
9 284
9 669
9 414
10 296
10 241
10 1141
10 592
11 1281
11 1505
11 1096
11 457
11 1451
11 492
11 1132
11 1299
11 1083
11 892
12 924
12 381
13 803
13 876
13 686
13 210
13 213
13 1373
13 318
14 848
14 42
14 592
14 915
14 1049
14 281
14 700
15 65
15 219
15 40
15 142
15 240
15 209
15 1107
15 86
15 696
15 104
15 187
16 40
16 110
16 560
16 121
16 85
16 87
16 25
16 1083
16 28
17 685
17 79
18 1635
18 1477
18 774
18 1353
18 1101
18 302
18 560
18 113
18 690
18 979
18 78
18 398
18 87
18 1403
19 72
19 599
20 444
20 28
20 397
20 977
21 138
22 65
22 104
22 458
22 109
22 296
22 27
23 601
24 448
24 672
24 34
24 1606
24 838
24 201
24 266
24 1291
24 1132
24 162
24 1006
24 117
24 1546
25 640
25 594
25 1238
25 7
25 1416
25 1289
25 1680
25 1170
25 367
25 150
25 721
25 751
25 412
25 799
25 417
25 35
25 676
25 41
25 42
25 555
25 431
25 690
25 819
25 820
25 181
25 695
25 1464
25 318
25 1205
25 326
25 201
25 156
25 1232
25 81
25 82
25 84
25 214
25 1657
25 1370
25 1371
25 336
25 1634
25 16
25 1489
25 103
25 1516
25 466
25 239
25 1393
25 882
25 245
25 852
25 763
25 252
26 512
26 923
26 1668
26 1350
26 717
26 399
26 1051
26 913
26 310
26 1485
26 571
26 443
27 128
27 747
27 644
27 135
27 136
27 1367
27 269
27 398
27 911
27 272
27 22
27 153
27 1691
27 157
27 542
27 33
27 546
27 291
27 548
27 294
27 426
27 299
27 176
27 817
27 180
27 585
27 568
27 697
27 186
27 572
27 202
27 64
27 322
27 452
27 199
27 201
27 74
27 631
27 206
27 1129
27 852
27 1038
27 471
27 1128
27 71
27 834
27 621
27 992
27 400
27 485
27 231
27 519
27 361
27 363
27 108
27 365
27 752
27 360
27 243
27 116
27 629
27 1032
27 375
27 1031
27 250
28 644
28 519
28 9
28 1676
28 269
28 16
28 20
28 1174
28 282
28 415
28 752
28 299
28 572
28 206
28 81
28 341
28 598
28 471
28 605
28 478
28 97
28 231
28 361
28 106
28 108
28 365
28 367
28 240
28 242
28 507
29 781
30 297
30 331
30 1580
30 398
30 1167
30 182
30 284
31 113
31 188
32 1600
32 1409
32 264
32 1363
32 1659
32 732
32 62
33 40
33 27
33 99
33 185
34 521
34 1684
34 24
34 1438
34 1441
34 1585
34 296
34 937
34 1450
34 177
34 1601
34 203
34 710
34 1483
34 462
34 595
34 97
34 358
34 1265
34 1524
34 246
34 247
34 382
35 4
35 389
35 7
35 524
35 783
35 664
35 25
35 287
35 160
35 113
35 176
35 307
35 182
35 1084
35 1215
35 704
35 584
35 974
35 81
35 594
35 468
35 1625
35 1628
35 359
35 104
35 362
35 619
35 364
35 366
35 369
35 980
35 125
36 833
36 938
36 70
37 1664
37 1250
37 1142
37 679
37 1224
37 553
37 1034
37 1263
37 1072
37 1396
37 821
37 726
37 729
37 1592
37 57
37 1437
37 220
37 797
37 1365
38 162
38 804
38 349
38 190
39 386
39 516
39 694
39 618
39 395
39 204
39 173
39 525
39 866
39 278
39 55
39 632
39 714
39 773
40 1541
40 519
40 523
40 15
40 16
40 533
40 33
40 1570
40 548
40 559
40 565
40 568
40 577
40 1090
40 75
40 80
40 81
40 600
40 605
40 621
40 623
40 1655
40 644
40 135
40 136
40 137
40 146
40 666
40 157
40 160
40 1188
40 170
40 177
40 178
40 180
40 696
40 186
40 188
40 702
40 194
40 707
40 199
40 206
40 208
40 216
40 737
40 742
40 231
40 747
40 750
40 243
40 250
40 265
40 1295
40 272
40 792
40 282
40 287
40 801
40 291
40 294
40 823
40 321
40 322
40 852
40 341
40 360
40 363
40 365
40 882
40 371
40 375
40 377
40 381
40 895
40 387
40 396
40 405
40 925
40 416
40 930
40 931
40 1446
40 425
40 426
40 429
40 949
40 452
40 469
40 470
40 992
40 485
40 1517
40 238
40 498
41 99
41 1253
41 391
41 207
41 25
41 188
42 744
42 14
42 850
42 46
42 25
42 188
43 489
44 1259
44 236
45 131
45 1006
46 169
46 42
46 612
46 902
46 734
47 187
48 104
48 65
48 1496
48 109
48 377
49 720
49 229
49 70
50 533
50 862
50 1557
51 633
51 99
51 1011
51 6
51 87
52 420
52 166
52 358
52 967
52 552
52 1033
52 490
52 1357
52 1134
52 1423
52 808
52 209
52 735
52 1491
52 791
52 1124
52 1439
52 1182
52 319
53 88
53 121
53 1149
54 516
54 630
54 714
54 236
54 173
54 278
54 55
54 443
54 933
55 39
55 1514
55 651
55 492
55 54
55 1015
56 141
56 183
57 353
57 570
57 37
58 489
59 369
59 79
60 401
60 197
60 65
60 239
61 99
62 32
62 413
63 175
64 65
64 99
64 6
64 104
64 27
64 187
65 619
65 135
65 136
65 1037
65 15
65 272
65 146
65 22
65 666
65 157
65 48
65 294
65 817
65 299
65 687
65 176
65 177
65 178
65 60
65 64
65 321
65 322
65 452
65 455
65 1225
65 75
65 80
65 81
65 471
65 346
65 605
65 208
65 995
65 550
65 742
65 231
65 363
65 402
65 238
65 242
65 243
65 377
65 1277
66 130
66 1284
66 902
66 135
66 392
66 9
66 1026
66 530
66 1176
66 644
66 900
66 796
66 1562
66 289
66 291
66 170
66 1031
66 684
66 649
66 320
66 963
66 456
66 970
66 208
66 1105
66 794
66 346
66 1248
66 868
66 231
66 1282
66 497
66 242
66 243
66 1397
66 127
67 412
67 228
68 283
68 388
68 643
69 298
69 1062
69 174
69 391
70 1290
70 787
70 1173
70 1304
70 538
70 540
70 1184
70 36
70 427
70 816
70 49
70 565
70 696
70 317
70 959
70 960
70 586
70 1361
70 1618
70 1620
70 1366
70 360
70 363
70 1390
70 243
70 1270
70 250
70 831
71 27
71 197
71 142
71 239
72 529
72 354
72 19
72 151
73 671
74 99
74 4
74 1037
74 174
74 597
74 27
74 734
75 65
75 40
75 220
75 239
75 240
75 86
75 124
76 7
76 458
76 140
76 109
76 112
76 209
76 149
76 86
76 121
76 469
77 3
77 455
77 1006
77 259
77 281
77 1499
77 1181
78 323
78 1093
78 296
78 878
78 18
78 755
78 471
78 380
78 446
79 1675
79 197
79 331
79 140
79 239
79 17
79 483
79 149
79 59
79 220
79 445
80 65
80 994
80 99
80 40
80 140
80 104
80 163
80 149
80 406
81 1536
81 6
81 7
81 907
81 140
81 142
81 143
81 149
81 25
81 28
81 35
81 65
81 40
81 203
81 734
81 1448
81 1080
81 187
81 831
81 449
81 579
81 198
81 331
81 209
81 978
81 86
81 87
81 90
81 219
81 1402
81 222
81 1121
81 99
81 485
81 977
81 104
81 109
81 240
81 113
81 250
82 25
82 1229
83 1258
83 6
83 678
83 1375
84 25
84 227
84 188
84 244
85 16
85 120
85 1188
86 387
86 1160
86 517
86 519
86 392
86 265
86 1674
86 398
86 15
86 728
86 146
86 403
86 1174
86 857
86 1690
86 157
86 288
86 291
86 420
86 294
86 817
86 936
86 988
86 426
86 299
86 402
86 689
86 1204
86 565
86 182
86 312
86 800
86 322
86 195
86 747
86 75
86 76
86 206
86 81
86 596
86 982
86 600
86 345
86 985
86 135
86 605
86 97
86 867
86 1318
86 1510
86 231
86 360
86 746
86 363
86 237
86 1649
86 243
86 763
86 874
87 387
87 135
87 137
87 371
87 621
87 16
87 18
87 403
87 532
87 149
87 279
87 299
87 157
87 801
87 548
87 421
87 747
87 1195
87 1197
87 51
87 565
87 695
87 1209
87 1342
87 1348
87 205
87 208
87 81
87 1337
87 1188
87 604
87 478
87 95
87 736
87 464
87 867
87 519
87 363
87 402
87 243
87 120
87 377
87 381
88 506
88 53
88 6
89 240
90 81
90 125
91 6
91 104
91 331
91 140
91 142
91 149
92 381
93 105
94 256
94 161
94 675
94 1526
94 583
94 904
94 201
94 431
94 684
94 1581
94 367
94 640
94 1137
94 723
94 501
94 1046
94 1208
94 826
94 271
94 1185
94 312
95 210
95 140
95 149
95 6
95 87
96 529
96 354
96 734
97 34
97 1027
97 28
97 258
97 86
98 1008
99 384
99 1323
99 4
99 261
99 136
99 523
99 398
99 146
99 363
99 389
99 160
99 33
99 291
99 294
99 817
99 41
99 939
99 431
99 304
99 177
99 178
99 51
99 439
99 568
99 697
99 287
99 61
99 64
99 449
99 322
99 584
99 74
99 80
99 1336
99 419
99 980
99 216
99 345
99 605
99 425
99 610
99 485
99 230
99 81
99 106
99 231
99 621
99 750
99 243
99 375
99 127
100 880
100 745
100 1602
100 300
101 185
101 188
101 830
101 206
102 3
103 25
103 188
103 823
104 230
104 363
104 135
104 392
104 265
104 523
104 396
104 1038
104 15
104 272
104 146
104 403
104 750
104 22
104 1303
104 891
104 623
104 668
104 157
104 491
104 1312
104 1569
104 35
104 294
104 817
104 170
104 1195
104 557
104 48
104 177
104 178
104 371
104 949
104 550
104 958
104 64
104 449
104 322
104 199
104 202
104 631
104 206
104 80
104 81
104 216
104 217
104 346
104 91
104 350
104 208
104 610
104 995
104 485
104 455
104 231
104 519
104 1642
104 747
104 647
104 402
104 238
104 367
104 1128
104 243
104 755
104 108
104 503
104 1016
104 136
104 251
104 507
104 895
105 258
105 93
106 99
106 6
106 201
106 140
106 306
106 149
106 1335
106 1305
106 28
106 479
107 297
107 176
107 287
107 1109
107 745
107 447
107 1501
107 766
107 991
108 7
108 104
108 757
108 1143
108 27
108 28
108 373
109 384
109 640
109 642
109 387
109 22
109 1414
109 135
109 136
109 1026
109 776
109 656
109 146
109 403
109 1045
109 150
109 407
109 664
109 799
109 288
109 1059
109 932
109 294
109 817
109 1088
109 299
109 434
109 429
109 402
109 48
109 392
109 1074
109 371
109 565
109 641
109 444
109 958
109 320
109 1090
109 452
109 201
109 76
109 206
109 1037
109 81
109 596
109 982
109 1529
109 857
109 605
109 738
109 230
109 231
109 490
109 363
109 647
109 365
109 367
109 1137
109 243
109 903
109 503
109 121
109 217
109 507
109 124
109 381
110 162
110 1188
110 205
110 16
110 532
110 598
110 120
111 177
111 878
112 1476
112 1317
112 1224
112 138
112 76
112 334
112 339
112 822
112 503
112 250
112 220
112 554
112 414
113 640
113 129
113 1410
113 387
113 644
113 1158
113 519
113 1160
113 137
113 407
113 524
113 271
113 1296
113 18
113 279
113 559
113 156
113 287
113 160
113 816
113 35
113 676
113 421
113 296
113 298
113 299
113 431
113 304
113 1544
113 1455
113 182
113 521
113 441
113 31
113 931
113 576
113 706
113 452
113 326
113 584
113 663
113 205
113 847
113 81
113 291
113 852
113 341
113 598
113 727
113 345
113 346
113 471
113 867
113 231
113 489
113 362
113 366
113 367
113 889
113 980
113 638
113 469
114 401
114 597
115 769
115 135
115 136
115 272
115 402
115 1604
115 925
115 801
115 550
115 817
115 429
115 177
115 1595
115 958
115 449
115 194
115 707
115 452
115 482
115 208
115 852
115 610
115 995
115 294
115 742
115 360
115 363
115 243
115 377
116 140
116 366
116 149
116 182
116 27
116 1269
117 24
117 421
117 878
118 1297
118 738
118 549
118 1342
118 855
119 1313
119 487
119 1197
119 367
119 476
119 893
120 855
120 401
120 278
120 283
120 1436
120 419
120 806
120 241
120 424
120 554
120 560
120 182
120 1475
120 1435
120 977
120 1492
120 85
120 87
120 1500
120 739
120 1702
120 486
120 488
120 110
120 239
120 744
120 758
120 503
120 632
120 121
120 250
121 517
121 16
121 532
121 664
121 539
121 296
121 297
121 562
121 53
121 696
121 712
121 459
121 76
121 205
121 210
121 469
121 598
121 215
121 109
121 626
121 120
121 148
122 939
123 808
124 903
124 8
124 265
124 651
124 268
124 271
124 904
124 1303
124 920
124 668
124 1696
124 292
124 1317
124 936
124 1066
124 940
124 431
124 1073
124 1591
124 197
124 1420
124 75
124 1612
124 600
124 1423
124 1372
124 226
124 1509
124 619
124 1687
124 109
124 494
124 239
124 1648
124 1266
124 1019
125 35
125 1028
125 6
125 1610
125 1469
125 1561
125 888
125 313
125 154
125 90
125 442
126 1078
126 903
126 1261
126 277
126 1142
126 1432
126 442
127 66
127 99
127 6
127 269
127 143
127 752
128 673
128 130
128 196
128 453
128 9
128 619
128 690
128 1198
128 367
128 242
128 275
128 1309
128 1502
128 502
128 441
128 410
128 27
128 412
128 189
128 542
129 113
129 268
129 197
129 142
129 903
130 128
130 928
130 66
130 869
130 422
130 1001
130 203
130 620
130 301
130 1075
130 471
130 1533
130 734
131 45
132 183
133 1122
133 1283
133 553
133 1356
133 1331
133 953
134 297
134 493
134 758
134 745
135 6
135 7
135 142
135 528
135 149
135 27
135 40
135 185
135 187
135 65
135 66
135 458
135 203
135 209
135 270
135 86
135 87
135 219
135 220
135 734
135 104
135 109
135 370
135 115
136 65
136 99
136 40
136 109
136 142
136 27
136 240
136 209
136 370
136 115
136 219
136 104
136 187
137 483
137 113
137 328
137 284
137 1292
137 239
137 40
137 916
137 245
137 87
137 250
137 220
138 112
138 264
138 1603
138 21
139 236
139 1157
140 4
140 389
140 902
140 647
140 524
140 785
140 1556
140 431
140 918
140 407
140 1563
140 1314
140 425
140 298
140 299
140 300
140 559
140 690
140 1391
140 693
140 183
140 697
140 1090
140 452
140 76
140 79
140 80
140 81
140 596
140 341
140 471
140 985
140 91
140 605
140 95
140 740
140 231
140 106
140 619
140 367
140 116
141 555
141 646
141 587
141 908
141 845
141 1166
141 208
141 1009
141 56
141 348
142 129
142 135
142 136
142 1677
142 15
142 146
142 346
142 546
142 675
142 299
142 817
142 755
142 444
142 321
142 194
142 455
142 464
142 81
142 71
142 91
142 363
142 365
142 243
142 503
143 160
143 384
143 485
143 449
143 363
143 304
143 81
143 243
143 983
143 127
143 817
143 287
144 771
144 707
145 432
145 845
145 6
146 65
146 99
146 86
146 6
146 40
146 203
146 109
146 142
146 219
146 240
146 209
146 370
146 1107
146 528
146 104
146 187
147 1121
147 298
147 207
147 1424
147 850
147 1110
147 952
147 348
148 560
148 121
149 387
149 389
149 135
149 300
149 471
149 781
149 337
149 1298
149 660
149 278
149 407
149 299
149 431
149 541
149 645
149 116
149 1314
149 155
149 1319
149 298
149 647
149 812
149 815
149 1586
149 948
149 440
149 569
149 1090
149 1607
149 76
149 458
149 844
149 79
149 80
149 81
149 596
149 341
149 87
149 985
149 91
149 605
149 95
149 740
149 1511
149 106
149 231
149 236
149 367
149 496
149 242
149 1615
149 628
149 391
149 1274
149 251
150 25
150 706
150 827
150 109
150 1158
151 384
151 642
151 7
151 72
151 425
151 1047
151 653
151 784
151 375
151 665
151 1242
152 726
153 7
153 27
153 948
153 1551
154 125
155 1360
155 149
155 709
155 309
155 877
156 25
156 188
156 254
156 113
157 65
157 163
157 7
157 40
157 458
157 203
157 270
157 104
157 370
157 86
157 87
157 27
157 734
158 299
158 380
159 1062
159 492
159 165
159 254
159 175
160 99
160 293
160 6
160 40
160 143
160 113
160 35
161 197
161 239
161 209
161 342
161 220
161 94
162 962
162 709
162 38
162 873
162 110
162 274
162 174
162 921
162 24
162 185
162 1434
162 1614
163 609
163 299
163 4
163 550
163 363
163 1019
163 238
163 367
163 80
163 817
163 675
163 1195
163 755
163 251
163 157
163 350
164 234
165 192
165 193
165 934
165 1078
165 567
165 159
165 1247
166 1670
166 1320
166 52
166 1463
166 1498
166 1467
166 606
167 359
168 4
168 557
169 1
169 520
169 906
169 1068
169 46
169 1140
169 1566
169 343
169 856
169 1689
169 382
169 927
170 40
170 104
170 66
170 7
171 611
172 323
172 471
173 39
173 203
173 1012
173 1301
173 54
173 309
174 418
174 69
174 162
174 74
174 749
174 1398
174 1194
175 534
175 519
175 656
175 786
175 1558
175 1047
175 283
175 159
175 1328
175 918
175 63
175 964
175 1223
175 971
175 850
175 856
175 985
175 733
175 863
175 608
175 609
175 1255
175 1653
175 762
175 1150
176 27
176 35
176 107
176 65
177 65
177 34
177 3
177 801
177 40
177 681
177 111
177 99
177 209
177 1106
177 115
177 104
177 1403
178 65
178 99
178 209
178 40
178 240
178 104
178 219
178 187
178 734
179 458
180 40
180 27
180 219
180 7
181 25
181 458
181 188
181 284
181 239
182 35
182 615
182 558
182 113
182 116
182 86
182 120
182 30
183 1667
183 132
183 236
183 394
183 140
183 367
183 713
183 56
183 1647
183 1629
184 546
184 487
184 1256
184 299
184 428
184 526
184 976
184 308
184 213
184 726
184 1051
185 33
185 162
185 101
185 135
185 362
185 235
185 366
186 40
186 441
186 27
187 135
187 136
187 15
187 272
187 402
187 146
187 299
187 47
187 817
187 178
187 439
187 1336
187 697
187 191
187 64
187 455
187 208
187 81
187 852
187 216
187 345
187 346
187 350
187 485
187 357
187 230
187 519
187 363
187 365
187 238
187 623
187 243
187 252
188 641
188 1416
188 785
188 1170
188 788
188 951
188 819
188 156
188 412
188 31
188 40
188 41
188 42
188 1459
188 820
188 181
188 695
188 312
188 799
188 191
188 326
188 201
188 331
188 336
188 721
188 466
188 851
188 84
188 981
188 1371
188 1141
188 736
188 101
188 358
188 103
188 594
188 751
188 245
188 852
188 1471
188 252
188 682
189 128
189 284
189 220
189 239
190 401
190 38
190 1271
191 458
191 331
191 188
191 187
192 209
192 165
193 577
193 165
193 1193
193 554
193 402
193 1522
193 436
193 597
193 726
193 1082
193 1210
193 862
194 40
194 142
194 240
194 977
194 115
194 734
195 7
195 616
195 1262
195 784
195 209
195 86
195 1468
196 128
196 7
197 640
197 129
197 675
197 911
197 71
197 161
197 79
197 656
197 124
197 594
197 201
197 505
197 431
197 60
198 325
198 1127
198 1552
198 81
198 1202
198 1173
199 40
199 104
199 27
200 881
200 282
200 926
201 323
201 197
201 106
201 109
201 398
201 445
201 24
201 25
201 27
201 188
201 298
201 94
202 1280
202 1473
202 27
202 7
202 104
202 1228
202 1429
202 1627
203 34
203 363
203 519
203 682
203 299
203 130
203 173
203 157
203 81
203 146
203 243
203 245
203 755
203 250
203 367
203 135
203 669
204 1012
204 1341
204 1030
204 39
205 3
205 7
205 110
205 560
205 113
205 87
205 121
206 27
206 101
206 40
206 297
206 109
206 104
206 86
206 219
206 28
207 418
207 1091
207 147
207 997
207 966
207 41
207 1194
207 749
207 814
207 401
207 1443
207 1481
207 414
208 65
208 66
208 40
208 141
208 240
208 104
208 115
208 87
208 187
209 645
209 135
209 136
209 265
209 269
209 15
209 146
209 403
209 288
209 161
209 291
209 817
209 299
209 177
209 178
209 52
209 565
209 575
209 192
209 195
209 455
209 76
209 81
209 596
209 600
209 345
209 1630
209 867
209 363
209 752
209 369
209 243
209 503
209 381
210 1440
210 833
210 1035
210 7
210 1193
210 267
210 13
210 302
210 1167
210 241
210 1010
210 1172
210 630
210 824
210 121
210 95
210 1660
210 1661
210 865
211 908
212 381
213 828
213 1514
213 13
213 829
213 240
213 1394
213 1619
213 342
213 184
213 409
213 316
213 701
214 408
214 25
215 121
216 99
216 6
216 40
216 301
216 104
216 187
217 104
217 280
217 109
217 1359
218 581
219 384
219 747
219 389
219 135
219 136
219 905
219 663
219 396
219 15
219 146
219 1032
219 407
219 544
219 291
219 294
219 426
219 519
219 817
219 178
219 371
219 180
219 565
219 695
219 960
219 321
219 322
219 455
219 206
219 81
219 596
219 1238
219 605
219 231
219 874
219 363
219 402
219 242
219 243
219 377
219 380
220 387
220 260
220 389
220 135
220 137
220 524
220 271
220 656
220 670
220 161
220 1060
220 37
220 1447
220 680
220 647
220 685
220 430
220 1076
220 1208
220 699
220 189
220 453
220 1249
220 75
220 1230
220 79
220 465
220 655
220 1116
220 1373
220 912
220 231
220 232
220 1386
220 619
220 112
220 756
220 501
220 1147
220 1023
221 737
221 375
222 81
222 986
222 755
223 7
224 636
225 808
225 395
225 252
226 458
226 395
226 124
227 457
227 1451
227 84
227 342
228 67
229 49
229 474
229 509
229 1326
230 104
230 99
230 187
230 109
231 65
231 66
231 99
231 6
231 40
231 28
231 140
231 109
231 27
231 240
231 113
231 149
231 86
231 104
231 219
231 220
232 220
232 7
233 398
233 350
234 164
234 245
234 422
234 253
235 185
236 611
236 516
236 1605
236 1063
236 1512
236 394
236 139
236 44
236 1646
236 1263
236 919
236 149
236 54
236 791
236 1146
236 1460
236 922
236 955
236 183
237 1441
237 1244
237 1701
237 86
238 65
238 163
238 40
238 104
238 406
238 187
239 640
239 641
239 1156
239 1157
239 137
239 656
239 25
239 431
239 161
239 677
239 559
239 181
239 60
239 189
239 575
239 71
239 75
239 718
239 79
239 598
239 490
239 619
239 503
239 120
239 1658
239 124
239 1386
239 1023
240 321
240 194
240 485
240 231
240 136
240 623
240 75
240 208
240 146
240 28
240 15
240 272
240 81
240 178
240 852
240 213
240 89
240 346
240 507
240 444
241 770
241 325
241 10
241 1069
241 210
241 120
241 575
242 128
242 65
242 66
242 801
242 28
242 331
242 149
242 342
242 219
242 284
242 734
243 6
243 142
243 143
243 27
243 285
243 40
243 297
243 812
243 187
243 65
243 66
243 70
243 458
243 203
243 209
243 270
243 86
243 87
243 219
243 734
243 99
243 104
243 109
243 370
243 115
244 1560
244 1666
244 1187
244 741
244 902
244 1134
244 1617
244 1699
244 84
244 886
244 631
244 472
244 1183
245 137
245 234
245 203
245 469
245 841
245 25
245 188
245 1333
246 34
247 34
248 459
249 1376
249 298
249 7
249 604
249 495
250 547
250 878
250 70
250 7
250 584
250 137
250 203
250 519
250 112
250 40
250 270
250 663
250 120
250 27
250 910
250 510
250 81
251 104
251 977
251 163
251 149
252 25
252 187
252 188
252 6
252 225
253 234
254 159
254 156
254 1125
254 711
255 971
255 1452
255 486
255 1191
256 94
257 1219
258 97
258 1075
258 661
258 105
259 77
260 584
260 297
260 220
260 766
261 99
262 669
262 350
263 945
264 32
264 138
264 413
265 40
265 104
265 124
265 86
265 209
266 24
267 481
267 210
267 318
268 129
268 1203
268 801
268 796
268 938
268 1328
268 124
268 1171
268 700
268 317
269 209
269 27
269 28
269 127
270 609
270 135
270 363
270 464
270 817
270 243
270 250
270 157
270 799
271 612
271 7
271 124
271 113
271 1654
271 220
271 94
271 881
272 65
272 27
272 40
272 240
272 104
272 115
272 187
273 450
274 673
274 162
274 868
274 623
274 402
274 1204
274 761
275 128
275 331
276 529
277 841
277 126
277 1623
278 6
278 39
278 120
278 1012
278 149
278 54
278 280
279 113
279 6
279 87
280 217
280 278
281 1064
281 297
281 77
281 14
281 730
281 1211
282 40
282 200
282 28
283 120
283 803
283 68
283 175
284 640
284 387
284 644
284 9
284 242
284 597
284 655
284 189
284 466
284 867
284 594
284 469
284 137
284 596
284 297
284 30
284 181
285 565
285 346
285 363
285 381
285 243
286 1305
286 762
287 99
287 6
287 40
287 107
287 143
287 113
287 35
288 209
288 109
288 86
289 66
289 1354
290 597
291 66
291 99
291 113
291 40
291 27
291 209
291 86
291 219
292 124
292 302
293 160
293 673
293 1186
293 811
293 1332
293 950
293 1140
293 1482
293 576
293 1504
293 1474
293 1098
293 335
293 344
293 1120
293 1251
293 1637
293 358
293 872
293 1515
293 1266
293 628
293 1403
293 764
294 65
294 99
294 40
294 109
294 27
294 104
294 115
294 86
294 219
295 704
295 974
296 353
296 34
296 1046
296 358
296 486
296 113
296 10
296 1389
296 78
296 560
296 1681
296 1650
296 1054
296 742
296 121
296 22
296 317
296 926
296 1685
297 1665
297 260
297 134
297 1550
297 1433
297 281
297 284
297 30
297 434
297 1218
297 973
297 206
297 719
297 1239
297 1378
297 1383
297 1641
297 107
297 1007
297 243
297 886
297 1528
297 121
297 1534
297 1535
298 69
298 1286
298 840
298 201
298 1162
298 716
298 1199
298 113
298 140
298 147
298 149
298 249
298 442
298 1532
298 414
299 65
299 163
299 113
299 184
299 203
299 140
299 109
299 142
299 27
299 209
299 339
299 149
299 86
299 87
299 344
299 187
299 28
299 158
299 1173
300 100
300 140
300 149
301 216
301 9
301 130
301 1176
301 1189
302 292
302 18
302 210
302 318
302 314
302 539
302 382
303 698
303 371
304 99
304 6
304 143
304 113
304 483
304 755
305 922
306 106
307 35
308 184
309 155
309 173
309 1382
310 1040
310 1076
310 1461
310 599
310 26
310 475
311 634
312 188
312 86
312 94
313 1003
313 125
314 302
314 7
315 1126
316 704
316 213
316 974
317 296
317 268
317 70
317 471
318 1058
318 1187
318 7
318 1672
318 267
318 13
318 302
318 1104
318 1682
318 430
318 630
318 824
318 25
318 1695
319 52
320 66
320 109
320 734
321 65
321 40
321 142
321 240
321 219
321 734
322 65
322 99
322 40
322 458
322 27
322 808
322 86
322 104
322 219
323 944
323 201
323 172
323 78
323 673
324 587
324 807
325 241
325 198
325 615
326 25
326 188
326 113
326 1596
327 1632
327 1156
327 1413
328 137
328 453
328 469
329 1611
329 1254
329 1355
329 337
329 692
329 342
329 1240
330 350
330 471
331 91
331 453
331 647
331 275
331 683
331 191
331 1198
331 79
331 81
331 242
331 1235
331 1147
331 188
331 1373
331 30
331 357
332 398
333 469
334 112
335 293
336 25
336 801
336 188
336 1012
336 599
337 329
337 149
338 1061
338 1111
339 112
339 299
340 615
341 40
341 140
341 113
341 149
341 794
341 28
342 392
342 9
342 1426
342 666
342 1663
342 161
342 818
342 435
342 1204
342 951
342 1588
342 699
342 835
342 329
342 853
342 604
342 1374
342 227
342 1386
342 619
342 242
342 761
342 763
342 213
343 169
343 651
343 455
344 299
344 293
344 965
345 99
345 6
345 113
345 209
345 86
345 187
346 65
346 66
346 579
346 6
346 104
346 142
346 240
346 113
346 187
346 285
347 669
348 147
348 141
348 398
349 38
350 450
350 163
350 262
350 423
350 104
350 233
350 330
350 587
350 716
350 1009
350 787
350 1494
350 666
350 187
351 726
352 449
352 610
352 4
352 5
352 487
352 1608
352 1671
352 687
352 1268
352 1014
352 1688
352 1364
352 794
352 1213
353 296
353 57
353 908
354 96
354 72
354 398
354 371
354 1366
354 1400
355 976
355 1400
355 1430
355 1609
356 469
357 331
357 187
358 34
358 293
358 296
358 496
358 52
358 188
359 35
359 167
359 487
360 86
360 70
360 40
360 115
360 854
360 27
361 835
361 6
361 1518
361 1044
361 27
361 28
362 113
362 35
362 469
362 185
362 483
363 6
363 142
363 143
363 27
363 285
363 163
363 40
363 812
363 187
363 65
363 70
363 203
363 209
363 270
363 86
363 87
363 219
363 734
363 99
363 104
363 109
363 370
363 115
363 633
364 35
365 27
365 40
365 109
365 142
365 187
365 28
365 1246
366 7
366 113
366 35
366 116
366 185
367 128
367 163
367 7
367 104
367 458
367 203
367 140
367 109
367 113
367 149
367 183
367 25
367 119
367 28
367 381
367 94
368 425
368 398
368 489
369 209
369 59
369 35
369 7
370 929
370 644
370 519
370 136
370 363
370 817
370 146
370 243
370 755
370 135
370 157
371 354
371 580
371 1638
371 40
371 1578
371 939
371 109
371 303
371 1137
371 1044
371 1269
371 87
371 104
371 890
371 219
371 894
372 734
373 108
373 1038
374 398
375 99
375 40
375 529
375 151
375 27
375 221
376 434
377 65
377 40
377 48
377 115
377 87
377 219
378 460
379 599
380 219
380 78
380 158
380 701
381 2
381 707
381 1007
381 6
381 871
381 40
381 553
381 12
381 1122
381 109
381 1264
381 209
381 212
381 1398
381 87
381 1177
381 1370
381 367
381 92
381 285
381 1343
382 169
382 34
382 1395
382 302
383 428
383 694
384 99
384 6
384 109
384 143
384 151
384 219
385 398
386 1012
386 1030
386 39
387 483
387 40
387 220
387 109
387 113
387 149
387 86
387 87
387 284
388 68
388 389
388 807
389 35
389 99
389 388
389 1222
389 6
389 7
389 140
389 1553
389 627
389 149
389 1092
389 219
389 220
390 820
391 1217
391 803
391 69
391 41
391 588
391 719
391 879
391 149
391 438
391 984
391 1497
391 667
392 66
392 4
392 86
392 104
392 109
392 342
393 1273
393 1465
393 1270
393 942
393 687
394 481
394 183
394 236
394 841
394 1135
395 1344
395 225
395 226
395 1380
395 993
395 8
395 1002
395 39
395 1345
395 1584
395 914
395 467
395 590
395 1590
395 954
395 1077
395 1087
396 40
396 104
396 219
397 451
397 615
397 1042
397 20
397 1012
397 444
398 385
398 772
398 1164
398 529
398 18
398 1686
398 27
398 30
398 582
398 838
398 201
398 332
398 1613
398 724
398 86
398 348
398 354
398 99
398 233
398 368
398 1269
398 374
399 26
399 1307
399 1108
400 27
400 483
401 1346
401 1131
401 818
401 207
401 560
401 114
401 1593
401 120
401 1330
401 60
401 190
402 65
402 187
402 193
402 104
402 109
402 274
402 115
402 86
402 87
402 219
403 104
403 209
403 109
403 86
403 87
404 458
404 598
405 40
405 884
405 767
406 712
406 238
406 80
406 755
406 590
406 949
407 113
407 219
407 140
407 109
407 149
408 875
408 214
409 213
409 470
410 128
410 1305
410 1047
411 592
411 515
412 128
412 25
412 67
412 188
413 1488
413 264
413 1200
413 1425
413 1363
413 62
414 1472
414 674
414 903
414 9
414 298
414 207
414 112
414 500
414 1428
415 28
415 1379
415 644
416 40
417 25
417 1321
418 174
418 207
419 120
419 968
419 99
420 52
420 86
421 512
421 113
421 117
421 758
421 87
422 808
422 130
422 234
423 350
423 1239
424 120
424 1633
425 99
425 580
425 40
425 140
425 368
425 151
426 40
426 27
426 1253
426 86
426 219
427 1036
427 70
428 184
428 383
428 455
428 1079
429 40
429 115
429 109
430 220
430 318
431 99
431 197
431 812
431 140
431 239
431 113
431 149
431 25
431 124
431 94
432 145
433 841
434 376
434 297
434 109
434 1369
435 342
436 3
436 193
436 587
436 445
437 660
438 458
438 812
438 541
438 391
439 99
439 795
439 187
440 149
440 469
441 128
441 556
441 1103
441 113
441 563
441 186
441 1531
441 1052
442 456
442 1225
442 298
442 125
442 701
442 126
443 4
443 1478
443 597
443 54
443 1241
443 26
444 773
444 397
444 142
444 109
444 240
444 1074
444 20
445 201
445 715
445 1261
445 79
445 1457
445 436
445 597
446 78
447 107
448 24
449 352
449 99
449 6
449 104
449 143
449 81
449 115
449 1528
450 273
450 579
450 1340
450 350
451 609
451 1530
451 1651
451 397
451 7
452 65
452 999
452 40
452 7
452 140
452 109
452 113
452 115
452 27
453 128
453 328
453 331
453 220
454 570
454 1227
454 836
455 65
455 187
455 1542
455 104
455 428
455 77
455 142
455 209
455 694
455 343
455 730
455 219
456 881
456 66
456 442
456 938
457 11
457 573
457 227
458 181
458 226
458 22
458 4
458 1509
458 135
458 76
458 322
458 367
458 1392
458 243
458 404
458 149
458 438
458 1080
458 740
458 179
458 157
458 542
458 191
459 1
459 1154
459 1124
459 1133
459 560
459 1456
459 758
459 121
459 248
459 1273
459 607
460 1248
460 1408
460 378
460 573
461 743
461 765
461 471
462 34
463 968
463 1442
463 1165
463 830
463 1631
464 6
464 142
464 270
464 87
465 220
465 1276
465 527
466 25
466 188
466 284
467 395
468 664
468 35
469 1549
469 793
469 284
469 673
469 1521
469 40
469 440
469 1086
469 328
469 76
469 333
469 977
469 1236
469 610
469 356
469 613
469 873
469 362
469 113
469 499
469 245
469 1399
469 760
469 121
469 1662
470 40
470 409
470 1422
470 7
471 130
471 7
471 140
471 1294
471 149
471 662
471 27
471 28
471 1313
471 802
471 172
471 1698
471 317
471 65
471 969
471 330
471 843
471 461
471 78
471 1520
471 113
471 1527
472 244
473 1237
474 961
474 229
475 310
476 119
477 1500
478 28
478 87
479 553
479 106
480 982
481 394
481 267
482 1057
482 115
483 304
483 706
483 387
483 644
483 137
483 362
483 79
483 400
483 905
483 675
483 532
483 565
483 759
483 699
483 655
483 874
484 1490
485 99
485 6
485 40
485 143
485 240
485 81
485 27
485 104
485 187
485 734
486 120
486 296
486 898
486 1123
486 255
487 352
487 1697
487 837
487 359
487 617
487 119
487 184
487 1317
488 120
489 513
489 994
489 43
489 1448
489 810
489 779
489 1122
489 1358
489 527
489 368
489 113
489 947
489 1454
489 58
489 1404
489 574
490 52
490 109
490 239
491 104
491 560
492 553
492 1322
492 11
492 660
492 55
492 159
493 589
493 134
494 124
494 597
495 249
496 1192
496 1577
496 149
496 358
497 66
498 40
498 712
498 642
498 881
499 469
499 1039
500 1568
500 414
500 1007
501 220
501 94
501 726
502 128
502 522
503 104
503 109
503 142
503 239
503 112
503 209
503 120
504 1295
505 197
505 1118
506 88
506 766
507 104
507 240
507 28
507 109
507 832
508 674
509 576
509 776
509 229
510 250
511 972
511 1110
512 26
512 421
513 489
514 5
515 1418
515 1431
515 1587
515 1044
515 1045
515 887
515 411
516 236
516 54
516 39
517 121
517 86
518 1021
519 219
519 6
519 807
519 40
519 203
519 175
519 27
519 113
519 370
519 86
519 87
519 104
519 794
519 187
519 28
519 250
520 169
520 705
521 113
521 34
522 1616
522 502
523 40
523 104
523 99
523 6
524 579
524 1092
524 7
524 140
524 113
524 35
524 220
525 1012
525 597
525 39
526 184
526 990
527 465
527 489
528 146
528 135
528 975
529 96
529 72
529 398
529 276
529 1038
529 375
530 808
530 66
531 959
532 483
532 805
532 7
532 840
532 110
532 943
532 560
532 87
532 121
533 40
533 50
533 946
534 175
535 1221
536 1519
537 1567
538 70
539 560
539 121
539 805
539 302
539 832
540 70
540 1223
541 664
541 149
541 438
542 128
542 458
542 27
542 986
543 745
543 589
544 794
544 219
545 599
546 184
546 27
546 142
547 250
548 40
548 27
548 87
549 1234
549 118
549 7
550 104
550 65
550 115
550 163
550 841
551 775
552 52
553 133
553 37
553 492
553 381
553 479
554 112
554 120
554 193
555 25
555 930
555 141
556 441
557 104
557 168
558 648
558 182
559 40
559 113
559 7
559 140
559 239
560 459
560 296
560 491
560 205
560 532
560 16
560 401
560 18
560 562
560 148
560 598
560 696
560 120
560 539
560 722
561 1234
561 757
561 7
562 560
562 121
563 441
563 573
564 898
565 483
565 6
565 70
565 40
565 109
565 209
565 86
565 87
565 219
565 285
566 599
567 165
568 40
568 27
568 99
568 6
569 149
570 753
570 1103
570 1107
570 454
570 57
571 26
571 956
572 28
572 27
572 948
572 7
573 615
573 457
573 1196
573 1020
573 563
573 1017
573 460
574 489
574 1002
575 209
575 239
575 241
576 113
576 1114
576 293
576 509
577 40
577 193
578 1236
579 81
579 346
579 980
579 450
579 524
580 425
580 371
581 218
581 1243
581 1212
581 1310
581 791
582 632
582 398
583 604
583 94
584 99
584 260
584 113
584 977
584 35
584 250
585 27
586 70
586 783
587 324
587 436
587 141
587 350
587 1301
588 391
589 493
589 1094
589 543
590 395
590 406
591 1227
592 1201
592 10
592 411
592 14
593 1406
594 25
594 35
594 188
594 197
594 284
595 34
596 140
596 109
596 209
596 149
596 86
596 219
596 284
597 193
597 290
597 74
597 716
597 525
597 494
597 445
597 114
597 1139
597 1207
597 443
597 284
597 1693
598 739
598 110
598 239
598 560
598 113
598 1683
598 404
598 121
598 28
599 545
599 3
599 1220
599 310
599 379
599 1513
599 1643
599 942
599 336
599 19
599 980
599 1294
599 566
599 1335
599 602
599 603
600 40
600 209
600 1027
600 124
600 86
601 7
601 1621
601 23
602 599
603 599
604 583
604 615
604 342
604 87
604 249
604 922
605 65
605 99
605 6
605 40
605 140
605 109
605 149
605 86
605 1624
605 219
605 28
606 166
607 459
608 175
609 163
609 6
609 270
609 175
609 1233
609 451
610 352
610 99
610 614
610 6
610 104
610 115
610 469
611 171
611 236
612 1393
612 874
612 46
612 271
613 469
614 840
614 610
615 325
615 1351
615 1385
615 397
615 340
615 182
615 604
615 573
616 859
616 789
616 195
617 487
618 39
619 128
619 65
619 35
619 1669
619 124
619 140
619 239
619 342
619 220
620 130
621 99
621 40
621 1206
621 87
621 27
621 1372
622 1153
622 1329
622 957
622 1311
623 40
623 104
623 274
623 187
623 240
624 7
625 701
626 1168
626 121
626 847
627 389
628 1347
628 149
628 293
629 27
629 1228
630 210
630 1012
630 54
630 318
631 104
631 27
631 244
632 120
632 582
632 39
633 51
633 363
634 971
634 850
634 1334
634 311
634 1081
634 1275
634 1565
635 757
635 1622
636 224
636 779
637 717
638 113
638 6
639 869
640 197
640 7
640 109
640 239
640 113
640 25
640 284
640 94
641 188
641 109
641 239
642 498
642 109
642 726
642 151
643 1018
643 68
644 66
644 483
644 40
644 28
644 113
644 370
644 1043
644 27
644 284
644 415
645 209
645 149
646 897
646 141
647 104
647 331
647 140
647 109
647 149
647 220
648 558
649 66
650 1065
650 922
650 1062
651 55
651 124
651 343
652 956
653 151
653 871
654 1162
655 220
655 483
655 284
656 197
656 1384
656 109
656 175
656 239
656 220
657 941
658 872
659 1350
660 492
660 149
660 437
661 258
661 1027
662 471
663 113
663 250
663 219
664 121
664 35
664 468
664 109
664 541
665 151
666 40
666 65
666 342
666 350
667 391
668 104
668 124
669 9
669 347
669 262
669 203
670 220
671 73
672 24
673 128
673 323
673 293
673 274
673 754
673 469
674 508
674 708
674 909
674 414
675 163
675 197
675 7
675 142
675 483
675 94
676 25
676 113
677 825
677 239
678 83
679 37
680 220
681 177
682 203
682 188
683 7
683 331
683 751
684 66
684 94
685 17
685 220
686 13
687 352
687 65
687 393
688 1496
688 1594
688 1294
688 694
689 86
690 128
690 25
690 18
690 140
690 1700
691 1003
691 990
692 329
693 140
693 1260
693 6
694 688
694 39
694 455
694 1692
694 383
695 25
695 219
695 188
695 87
696 70
696 40
696 1644
696 15
696 560
696 121
697 27
697 99
697 140
697 187
698 303
699 483
699 220
699 342
700 268
700 14
701 1639
701 1487
701 625
701 722
701 213
701 1078
701 442
701 380
702 40
703 1200
704 705
704 35
704 316
704 295
704 1241
705 520
705 704
705 922
705 974
706 113
706 483
706 150
707 40
707 144
707 115
707 381
708 674
709 162
709 155
709 1306
710 34
711 254
712 121
712 498
712 406
713 183
714 1012
714 54
714 39
715 794
715 445
716 298
716 597
716 350
717 26
717 637
718 825
718 239
719 297
719 391
720 49
721 25
721 1227
721 188
722 560
722 701
723 94
724 398
725 1169
725 1279
726 193
726 642
726 37
726 781
726 152
726 978
726 501
726 1462
726 184
726 351
726 1445
727 113
727 7
727 1231
728 86
729 37
730 880
730 281
730 1155
730 455
731 922
731 1412
732 32
733 175
734 130
734 900
734 135
734 9
734 1045
734 157
734 799
734 1576
734 46
734 178
734 756
734 320
734 321
734 194
734 74
734 81
734 1115
734 96
734 737
734 996
734 485
734 363
734 242
734 243
734 372
735 52
736 188
736 87
737 40
737 1051
737 221
737 734
738 109
738 118
739 120
739 598
740 808
740 458
740 140
740 149
741 1075
741 244
742 40
742 65
742 115
742 296
742 1543
743 461
744 120
744 42
745 107
745 100
745 134
745 543
746 86
747 27
747 40
747 104
747 86
747 87
747 219
748 846
749 174
749 207
750 40
750 104
750 99
750 6
751 25
751 683
751 188
752 209
752 27
752 28
752 1349
752 127
753 570
753 4
754 673
755 163
755 6
755 7
755 104
755 203
755 142
755 304
755 977
755 370
755 1652
755 78
755 406
755 222
756 220
756 734
756 7
757 1003
757 108
757 1038
757 561
757 1272
757 635
757 990
758 120
758 459
758 421
758 134
759 483
760 469
761 274
761 342
762 286
762 175
763 25
763 3
763 86
763 342
764 293
765 461
766 856
766 506
766 107
766 260
767 405
767 806
767 823
768 1064
769 115
770 241
771 144
772 1100
772 398
773 444
773 39
774 18
775 551
775 1679
776 109
776 509
777 854
778 4
779 489
779 636
780 1167
781 29
781 726
781 149
782 892
783 35
783 586
783 1645
783 1173
783 1597
783 1470
784 195
784 940
784 151
785 140
785 188
786 1636
786 175
787 1339
787 1315
787 70
787 350
788 188
789 616
789 1022
790 1178
791 52
791 236
791 581
792 40
793 1554
793 469
794 352
794 544
794 66
794 519
794 715
794 847
794 341
794 1337
795 439
796 66
796 268
797 37
797 1014
798 1285
799 25
799 270
799 188
799 109
799 734
800 86
800 7
801 1507
801 40
801 1450
801 268
801 242
801 336
801 177
801 1458
801 115
801 87
801 1178
801 893
802 471
803 283
803 13
803 1694
803 391
804 1324
804 38
805 539
805 532
806 120
806 1267
806 767
806 1319
807 324
807 388
807 1252
807 519
808 1344
808 225
808 322
808 740
808 422
808 530
808 52
808 123
809 1048
810 489
811 293
812 431
812 363
812 149
812 438
812 243
813 968
814 841
814 207
815 922
815 149
816 113
816 70
817 65
817 99
817 6
817 7
817 104
817 187
817 27
817 109
817 142
817 143
817 115
817 209
817 370
817 163
817 270
817 86
817 219
818 401
818 342
819 25
819 1043
819 188
820 25
820 188
820 390
821 37
822 112
823 40
823 103
823 767
824 210
824 318
825 677
825 718
826 94
827 150
827 1327
828 213
829 872
829 213
829 1503
830 463
830 1005
830 101
831 81
831 70
832 539
832 899
832 507
833 210
833 36
834 27
835 361
835 342
835 951
836 454
837 487
838 24
838 398
839 1417
840 298
840 532
840 614
841 550
841 394
841 1099
841 814
841 433
841 245
841 920
841 277
842 6
843 471
844 149
845 145
845 141
845 1029
846 1024
846 748
846 1412
847 113
847 626
847 794
847 1334
848 14
849 1573
850 7
850 634
850 147
850 42
850 175
851 188
852 27
852 7
852 40
852 240
852 113
852 115
852 25
852 187
852 188
853 342
854 360
854 777
855 120
855 1480
855 118
856 1000
856 169
856 766
856 175
857 109
857 86
858 1025
859 616
859 1229
860 1352
861 1308
862 1640
862 193
862 50
862 1118
862 1119
863 175
864 1083
864 1118
865 210
866 39
867 6
867 113
867 7
867 209
867 86
867 87
867 284
868 66
868 274
869 130
869 639
870 1405
871 1097
871 381
871 653
872 658
872 293
872 829
873 162
873 469
874 219
874 612
874 86
874 483
875 408
876 13
877 155
878 250
878 117
878 78
878 111
879 391
880 730
880 100
881 2
881 1159
881 200
881 930
881 271
881 456
881 498
881 1332
881 1245
882 40
882 25
883 1540
884 405
885 1210
886 297
886 244
887 515
888 125
889 113
890 371
891 104
892 11
892 782
893 801
893 119
894 1296
894 371
895 40
895 104
895 1137
896 1493
897 646
898 564
898 486
899 832
900 66
900 734
901 7
902 140
902 66
902 244
902 46
903 129
903 124
903 109
903 126
903 414
904 124
904 94
905 7
905 219
905 483
906 169
907 81
908 353
908 211
908 141
909 674
910 250
911 27
911 197
912 220
913 26
914 395
914 6
915 14
916 137
917 7
918 140
918 175
919 236
920 841
920 124
921 162
922 705
922 731
922 604
922 650
922 236
922 815
922 305
922 1339
922 956
923 26
924 12
925 40
925 115
925 1179
926 200
926 296
927 169
928 130
928 1508
929 370
930 40
930 881
930 555
931 40
931 113
932 1122
932 109
933 1012
933 54
934 165
934 1062
935 1278
936 124
936 86
937 34
938 456
938 36
938 268
939 99
939 122
939 371
940 784
940 124
941 657
942 393
942 599
943 532
944 323
945 263
946 3
946 533
947 489
948 153
948 572
948 149
948 1209
949 40
949 104
949 406
950 293
951 188
951 835
951 1204
951 342
952 147
953 133
954 395
955 236
956 922
956 571
956 652
957 622
958 104
958 115
958 109
958 7
959 531
959 70
960 219
960 70
961 474
962 162
963 66
964 1229
964 175
965 344
966 207
967 52
968 419
968 813
968 1582
968 463
969 471
970 66
971 634
971 175
971 255
972 511
973 297
974 705
974 35
974 316
974 295
975 528
975 1113
976 184
976 355
977 194
977 584
977 1003
977 81
977 755
977 20
977 469
977 120
977 251
978 81
978 726
979 18
979 1186
979 1406
980 35
980 99
980 6
980 113
980 579
980 599
981 188
982 480
982 1539
982 1099
982 109
982 86
983 143
984 391
985 140
985 149
985 86
985 175
986 222
986 542
987 1026
988 86
989 1013
990 691
990 757
990 526
991 107
992 40
992 27
993 395
994 80
994 489
995 104
995 65
995 115
996 734
997 207
998 1267
999 452
999 6
1000 856
1001 130
1002 395
1002 574
1003 1104
1003 977
1003 691
1003 757
1003 1145
1003 313
1003 1050
1004 1383
1005 830
1006 24
1006 45
1006 77
1007 297
1007 500
1007 381
1008 98
1009 141
1009 350
1010 210
1011 1338
1011 51
1012 386
1012 278
1012 714
1012 204
1012 397
1012 173
1012 336
1012 630
1012 525
1012 1130
1012 933
1013 989
1014 352
1014 797
1015 55
1016 104
1017 573
1018 643
1018 1302
1018 1415
1019 163
1019 124
1019 7
1020 573
1021 518
1022 789
1023 220
1023 239
1024 846
1025 858
1026 66
1026 987
1026 109
1027 600
1027 97
1027 661
1028 125
1029 845
1030 386
1030 204
1031 66
1031 27
1032 27
1032 219
1033 52
1034 37
1035 210
1036 427
1037 65
1037 74
1037 109
1038 1444
1038 104
1038 529
1038 373
1038 27
1038 757
1039 499
1039 1094
1040 310
1041 1178
1042 397
1043 819
1043 644
1044 371
1044 361
1044 515
1045 515
1045 109
1045 734
1046 296
1046 94
1047 410
1047 151
1047 175
1048 809
1049 14
1050 1003
1051 184
1051 737
1051 26
1051 1419
1051 1189
1052 441
1053 1210
1054 296
1055 1362
1056 1189
1057 482
1058 318
1059 109
1060 220
1061 338
1062 3
1062 1125
1062 934
1062 650
1062 1495
1062 69
1062 159
1063 236
1064 768
1064 281
1064 1155
1065 650
1066 124
1067 1545
1067 1523
1068 169
1068 1406
1069 241
1070 7
1071 1268
1072 37
1073 124
1074 444
1074 109
1075 130
1075 258
1075 741
1076 220
1076 310
1077 395
1078 165
1078 126
1078 701
1079 428
1080 81
1080 458
1080 7
1081 634
1082 193
1082 1527
1083 16
1083 864
1083 11
1083 1468
1084 35
1084 1555
1085 1490
1086 469
1087 395
1088 109
1089 1589
1090 40
1090 140
1090 109
1090 149
1091 207
1092 524
1092 389
1093 78
1094 589
1094 1039
1095 1181
1096 11
1097 871
1098 293
1099 841
1099 982
1100 1145
1100 772
1100 1305
1101 18
1102 1237
1103 441
1103 570
1104 1272
1104 1003
1104 318
1105 66
1106 177
1107 146
1107 570
1107 15
1108 399
1109 107
1110 147
1110 511
1111 338
1112 1338
1113 975
1114 576
1115 734
1116 220
1117 1148
1117 6
1118 864
1118 505
1118 862
1119 1136
1119 862
1120 293
1121 81
1121 147
1122 932
1122 133
1122 1574
1122 489
1122 1209
1122 1220
1122 381
1123 1572
1123 486
1123 1486
1124 459
1124 52
1125 254
1125 1062
1126 315
1127 198
1128 104
1128 27
1129 27
1130 1012
1131 401
1132 24
1132 11
1133 459
1134 52
1134 244
1135 394
1136 1548
1136 1119
1137 371
1137 109
1137 94
1137 895
1138 7
1139 597
1140 169
1140 293
1141 1368
1141 10
1141 188
1142 37
1142 126
1143 108
1144 1300
1145 1003
1145 1100
1146 236
1147 331
1147 220
1148 1117
1149 53
1150 175
1151 1407
1152 1450
1153 622
1154 459
1155 1064
1155 730
1156 239
1156 327
1157 139
1157 239
1158 113
1158 150
1159 881
1160 113
1160 86
1161 1215
1162 298
1162 654
1163 1287
1164 398
1165 463
1166 141
1167 210
1167 780
1167 30
1168 1449
1168 626
1168 1579
1169 725
1170 25
1170 188
1171 268
1172 210
1173 299
1173 70
1173 198
1173 783
1174 28
1174 86
1175 1190
1176 66
1176 301
1176 1190
1177 381
1178 801
1178 790
1178 1041
1179 925
1180 7
1181 77
1181 1095
1182 52
1183 244
1183 1388
1184 70
1185 94
1185 7
1186 979
1186 293
1187 244
1187 318
1188 40
1188 85
1188 110
1188 87
1189 1056
1189 1051
1189 301
1190 1176
1190 1175
1191 255
1192 496
1193 193
1193 210
1194 174
1194 207
1195 104
1195 163
1195 6
1195 87
1196 573
1197 87
1197 119
1198 128
1198 331
1199 298
1200 1377
1200 413
1200 703
1201 592
1202 198
1203 268
1204 274
1204 86
1204 342
1204 951
1205 25
1206 621
1207 597
1208 220
1208 94
1209 1122
1209 948
1209 87
1210 193
1210 1053
1210 1325
1210 885
1211 281
1212 581
1213 352
1214 1271
1215 1161
1215 35
1216 9
1217 1341
1217 391
1218 297
1219 257
1220 1122
1220 599
1221 535
1222 389
1223 540
1223 175
1224 112
1224 37
1225 65
1225 442
1225 1559
1226 1288
1227 721
1227 454
1227 591
1228 202
1228 629
1229 1297
1229 82
1229 859
1229 964
1230 220
1231 727
1232 25
1233 609
1234 561
1234 549
1234 7
1235 331
1236 578
1236 469
1237 473
1237 1381
1237 1102
1238 25
1238 219
1239 297
1239 423
1240 329
1241 704
1241 443
1242 151
1243 581
1244 237
1245 881
1246 365
1247 165
1248 66
1248 460
1249 220
1250 37
1251 293
1252 807
1253 41
1253 426
1253 1538
1253 1525
1254 329
1255 175
1256 184
1257 7
1258 83
1259 44
1260 693
1261 445
1261 126
1262 195
1263 236
1263 37
1264 381
1265 34
1266 124
1266 293
1267 806
1267 998
1268 352
1268 1071
1269 371
1269 116
1269 398
1270 393
1270 70
1271 190
1271 1214
1272 1104
1272 757
1273 393
1273 459
1274 149
1275 634
1276 465
1277 65
1278 935
1279 725
1280 202
1281 11
1282 66
1283 133
1284 66
1285 798
1286 298
1287 1163
1288 1226
1289 25
1290 70
1291 24
1292 137
1293 1411
1294 688
1294 471
1294 599
1295 40
1295 504
1296 113
1296 894
1297 1229
1297 118
1298 149
1299 11
1300 1144
1301 587
1301 173
1302 1018
1303 104
1303 124
1304 70
1305 106
1305 1100
1305 410
1305 286
1306 709
1306 1453
1307 399
1308 861
1309 128
1310 581
1311 622
1312 104
1313 119
1313 471
1314 140
1314 149
1315 787
1316 5
1317 112
1317 124
1317 487
1318 86
1319 149
1319 806
1320 166
1321 417
1322 492
1323 99
1324 804
1325 1210
1326 229
1327 827
1328 268
1328 175
1329 622
1330 401
1331 133
1332 881
1332 293
1333 245
1334 634
1334 847
1335 106
1335 599
1336 99
1336 187
1337 794
1337 87
1338 1112
1338 1011
1339 922
1339 787
1340 450
1341 1217
1341 204
1342 7
1342 118
1342 87
1343 381
1344 808
1344 395
1345 395
1346 401
1347 628
1348 87
1349 752
1350 26
1350 659
1351 615
1352 860
1353 18
1354 289
1355 329
1356 133
1357 52
1358 489
1359 217
1360 155
1361 70
1362 1055
1363 32
1363 413
1364 352
1365 37
1366 354
1366 70
1367 27
1368 1141
1369 434
1370 25
1370 381
1371 25
1371 188
1372 124
1372 621
1373 331
1373 220
1373 13
1374 342
1375 83
1376 249
1377 1200
1378 297
1379 415
1380 395
1381 1237
1382 309
1383 297
1383 1004
1384 656
1385 615
1386 220
1386 342
1386 239
1387 7
1388 1183
1389 296
1390 70
1391 140
1392 458
1392 1466
1393 25
1393 612
1394 213
1395 382
1396 37
1397 66
1398 381
1398 174
1399 469
1400 354
1400 355
1401 1564
1402 81
1403 177
1403 18
1403 293
1404 489
1405 870
1406 593
1406 979
1406 1068
1407 1678
1407 1151
1408 460
1409 32
1410 113
1411 1293
1412 731
1412 846
1413 327
1414 109
1415 1018
1416 25
1416 188
1417 839
1418 515
1419 1051
1420 124
1421 1484
1422 470
1423 52
1423 124
1424 147
1425 413
1426 342
1427 3
1428 414
1429 202
1430 355
1431 515
1432 126
1433 297
1434 162
1435 120
1436 120
1437 37
1438 34
1439 52
1440 210
1441 34
1441 237
1442 463
1443 207
1444 1038
1445 726
1446 40
1447 220
1448 81
1448 489
1449 1168
1450 1152
1450 801
1450 34
1451 11
1451 227
1452 255
1453 1306
1454 489
1455 113
1456 459
1457 445
1458 801
1459 188
1460 236
1461 310
1462 726
1463 166
1464 25
1465 393
1466 1392
1467 166
1468 1083
1468 195
1469 125
1470 783
1471 188
1472 414
1473 202
1474 293
1475 120
1476 112
1477 18
1478 443
1479 7
1480 855
1481 207
1482 293
1483 34
1484 1421
1485 26
1486 1123
1487 701
1488 413
1489 25
1490 484
1490 1085
1491 52
1492 120
1493 896
1494 350
1495 1062
1496 48
1496 688
1497 391
1498 166
1499 77
1500 120
1500 477
1501 107
1502 128
1503 829
1504 293
1505 11
1506 7
1507 801
1508 928
1509 458
1509 124
1510 86
1511 149
1512 236
1513 599
1514 213
1514 55
1515 293
1516 25
1517 40
1518 361
1519 536
1520 471
1521 469
1522 193
1523 1067
1524 34
1525 1253
1526 94
1527 1082
1527 471
1528 297
1528 449
1529 109
1530 451
1531 441
1532 298
1533 130
1533 1575
1534 297
1535 297
1536 81
1536 4
1537 6
1538 1253
1539 982
1540 883
1541 40
1542 455
1543 742
1544 113
1545 1067
1546 24
1547 7
1548 1136
1549 469
1550 297
1551 153
1552 198
1553 389
1554 793
1555 1084
1556 140
1557 50
1558 175
1559 1225
1560 244
1561 125
1562 66
1563 140
1564 1401
1565 634
1566 169
1567 537
1568 500
1569 104
1570 40
1571 4
1572 1123
1573 849
1574 1122
1575 1533
1576 734
1577 496
1578 371
1579 1168
1580 30
1581 94
1581 7
1582 968
1583 6
1584 395
1585 34
1586 149
1587 515
1588 342
1589 1089
1590 395
1591 124
1592 37
1593 401
1594 688
1595 115
1596 326
1597 783
1598 7
1599 3
1600 32
1601 34
1602 100
1603 138
1604 115
1605 236
1606 24
1607 149
1608 352
1609 355
1610 125
1611 329
1612 124
1613 398
1614 162
1615 149
1616 522
1617 244
1618 70
1619 213
1620 70
1621 601
1622 635
1623 277
1624 605
1625 35
1626 7
1627 202
1628 35
1629 183
1630 209
1631 463
1632 327
1633 424
1634 25
1635 18
1636 786
1637 293
1638 371
1639 701
1640 862
1641 297
1642 104
1643 599
1644 696
1645 783
1646 236
1647 183
1648 124
1649 86
1650 296
1651 451
1652 755
1653 175
1654 271
1655 40
1656 7
1657 25
1658 239
1659 32
1660 210
1661 210
1662 469
1663 342
1664 37
1665 297
1666 244
1667 183
1668 26
1669 619
1670 166
1671 352
1672 318
1673 7
1674 86
1675 79
1676 28
1677 142
1678 1407
1679 775
1680 25
1681 296
1682 318
1683 598
1684 34
1685 296
1686 398
1687 124
1688 352
1689 169
1690 86
1691 27
1692 694
1693 597
1694 803
1695 318
1696 124
1697 487
1698 471
1699 244
1700 690
1701 237
1702 120
