1 1408
1 1409
1 2
1 6
1 514
1 279
1 795
1 29
1 33
1 36
1 300
1 685
1 743
1 871
1 1333
1 694
1 381
1 1396
1 705
1 578
1 1104
1 1233
1 889
1 607
1 738
1 997
1 1383
1 764
1 1003
1 1021
1 880
1 625
1 1395
1 755
1 1397
1 1398
1 1399
1 1400
1 1401
1 1402
1 1403
1 1404
1 1405
1 1406
1 1407
2 279
2 578
2 1411
2 1412
2 1413
2 1414
2 93
2 521
2 715
2 1410
2 462
2 77
2 248
2 1236
2 329
2 280
2 381
3 1287
3 875
3 710
3 1415
3 1416
3 1417
3 967
3 371
3 629
3 766
4 8
4 5
5 1418
5 1419
5 1420
5 717
5 690
5 187
5 671
6 645
6 198
6 743
6 7
6 1421
6 279
6 671
7 645
8 1419
8 1420
8 1422
8 1423
8 1424
8 1425
8 1426
8 1427
8 1428
8 1429
8 671
8 690
8 949
8 183
8 187
8 832
8 841
8 717
8 718
8 77
8 978
8 487
8 749
8 1006
8 1010
8 1270
9 10
9 76
9 658
9 115
9 1430
9 1431
9 540
9 446
10 175
10 657
11 513
11 12
11 402
11 1432
11 1433
11 1434
12 100
12 742
12 1113
12 1241
12 1435
12 989
13 515
13 14
13 21
13 553
13 44
13 1070
13 567
13 949
13 609
13 593
13 86
13 1111
13 600
13 96
13 97
13 110
13 129
13 139
13 140
13 143
13 144
13 150
13 1454
13 159
13 675
13 1193
13 1223
13 182
13 1210
13 671
13 1221
13 711
13 714
13 718
13 724
13 732
13 228
13 245
13 758
13 765
13 257
13 259
13 1286
13 641
13 983
13 787
13 276
13 285
13 814
13 828
13 320
13 846
13 336
13 1370
13 862
13 868
13 869
13 455
13 359
13 366
13 367
13 386
13 388
13 662
13 904
13 906
13 403
13 1436
13 1437
13 1438
13 1439
13 1440
13 1441
13 1442
13 1443
13 1444
13 1445
13 1446
13 1447
13 1448
13 1449
13 1450
13 1451
13 1452
13 1453
13 942
13 1455
13 1456
13 1457
13 1458
13 1459
13 1460
13 1461
13 1462
13 1463
13 1464
13 1465
13 1466
13 1467
13 1468
13 1469
13 1470
13 1471
13 1472
13 1473
13 1474
13 1475
13 1476
13 1477
13 1478
13 1479
13 1480
13 1481
13 1482
13 1483
13 1484
13 1485
13 1486
13 1487
13 1488
13 1489
13 1490
13 1491
13 1492
13 1493
13 1494
13 1495
13 477
13 509
14 128
14 170
14 523
14 112
14 281
14 665
15 296
16 1496
16 1497
16 1498
16 47
17 185
17 18
17 1499
17 298
18 376
18 1500
19 1257
19 594
19 71
20 79
20 307
20 1501
20 1502
20 21
21 130
21 526
21 1295
21 915
21 277
21 534
21 407
21 415
21 34
21 163
21 298
21 683
21 475
21 449
21 707
21 87
21 603
21 1503
21 1504
21 1505
21 1506
21 739
21 231
21 362
21 497
21 1270
21 376
21 255
22 23
22 1295
23 1507
24 1508
25 848
25 26
25 371
25 874
25 1030
26 1509
26 874
26 1195
26 988
26 1085
27 980
27 1510
27 1511
28 160
28 1512
28 29
29 910
30 1536
30 1537
30 1538
30 387
30 644
30 1541
30 1542
30 135
30 1543
30 45
30 400
30 787
30 366
30 790
30 1540
30 31
30 1185
30 291
30 169
30 519
30 1325
30 368
30 50
30 55
30 189
30 1525
30 839
30 970
30 333
30 718
30 1487
30 1489
30 1539
30 1520
30 215
30 985
30 1114
30 347
30 863
30 251
30 228
30 104
30 1513
30 1514
30 1515
30 1516
30 1517
30 1518
30 1519
30 112
30 1521
30 1522
30 1523
30 1524
30 626
30 1526
30 1527
30 1528
30 1529
30 1530
30 1531
30 1532
30 1533
30 1534
30 1535
31 129
31 515
31 641
31 1544
31 44
31 1546
31 1547
31 1548
31 787
31 367
31 1437
31 684
31 51
31 1545
31 223
31 1479
31 214
31 347
31 351
31 97
31 870
31 742
31 236
31 239
31 1520
31 626
31 121
32 320
32 97
32 258
32 228
32 329
32 938
32 1485
32 110
32 1549
32 144
32 1553
32 1522
32 533
32 1552
32 1550
32 1551
32 412
32 159
33 375
33 1554
33 1555
33 1556
33 540
33 34
33 38
33 167
33 303
33 694
33 60
33 459
33 334
33 81
33 729
33 94
33 614
33 106
33 886
33 503
33 766
34 1285
34 393
34 144
34 148
34 1558
34 1559
34 1560
34 1561
34 1562
34 1563
34 412
34 159
34 1564
34 700
34 1475
34 201
34 721
34 97
34 867
34 228
34 110
34 1522
34 366
34 153
34 1557
35 36
35 300
35 460
35 498
35 694
35 1565
36 648
36 522
36 398
36 657
36 151
36 409
36 1566
36 1567
36 1568
36 1569
36 930
36 166
36 304
36 450
36 68
36 460
36 206
36 81
36 608
36 738
36 38
36 498
36 889
36 510
37 986
37 1138
37 1004
37 1570
37 382
38 768
38 133
38 522
38 653
38 657
38 531
38 537
38 409
38 162
38 1059
38 1573
38 1574
38 39
38 681
38 498
38 48
38 49
38 327
38 200
38 459
38 460
38 592
38 1571
38 340
38 470
38 1111
38 472
38 1572
38 1498
38 94
38 608
38 483
38 1575
38 1004
38 370
38 496
38 114
38 118
38 127
39 220
39 396
39 333
40 453
40 518
40 327
40 328
40 1577
40 151
40 1100
40 303
40 304
40 1576
40 1554
40 117
40 1078
40 41
40 152
40 729
40 431
40 118
40 601
41 897
42 1004
43 867
43 228
43 44
43 1578
43 1579
43 1580
43 1581
43 110
43 53
43 1558
43 1495
43 1564
43 637
43 159
44 128
44 192
44 1027
44 1285
44 389
44 163
