2455 1298
5 2620
6 2325
2732 607
10 1579
2059 2538
12 1378
13 1536
14 867
14 263
2733 796
2066 1736
19 1369
22 375
23 1604
23 2719
24 601
24 1742
2074 1354
2074 2027
2076 372
29 828
2053 1766
2080 485
33 2181
33 102
35 290
2084 1083
2087 830
40 298
40 2213
2090 634
46 1137
46 2446
2095 955
2096 230
2097 1529
2097 2317
51 2431
2398 127
54 125
55 1230
56 128
57 1191
59 749
2109 2594
62 1977
63 684
64 400
64 2875
69 99
69 2703
2118 2684
71 1563
2120 1260
73 250
73 959
2126 86
2061 2121
2129 1991
83 1499
84 226
84 2267
2133 2680
2133 538
87 2011
2136 1854
2867 1776
2867 1518
90 1400
2063 1577
698 947
94 2750
95 1722
96 832
98 1284
99 2987
100 1496
2151 1694
105 2682
2154 2440
2407 729
2407 858
108 600
2157 1667
111 468
113 2920
2067 1033
2164 839
117 1216
117 2182
1385 828
120 1479
121 249
124 2525
2174 1211
129 2210
2178 673
2178 1316
2182 2576
2071 459
2188 1861
2796 2907
2190 880
2191 2472
2191 2423
2072 785
146 1821
148 1069
149 545
149 1115
149 1100
2201 1963
2202 356
2204 389
2206 1507
2565 1261
161 1786
2212 2554
167 780
168 478
172 2843
173 784
176 1282
2225 1820
2225 188
2419 2575
2230 1771
2230 1095
2420 2307
187 846
189 775
2393 1199
191 2304
191 2997
2240 2303
193 1501
2243 1366
2244 2448
2244 513
2245 849
198 2678
2081 2848
2081 1361
200 1065
202 3010
202 1838
2423 2531
2255 2534
2256 1574
2424 2518
210 995
214 1409
214 475
214 877
2265 2281
218 1864
218 2408
2394 1241
222 463
2271 2144
228 2791
229 1987
230 359
2279 405
2279 2630
2280 914
2281 1418
235 1720
2284 673
237 788
2286 525
2872 2314
2290 1910
2430 344
2430 1851
248 2587
252 1686
254 881
2303 1877
256 2706
256 1869
258 538
258 2262
259 2704
260 697
2312 1277
827 2788
266 2687
268 1624
270 971
2321 1056
275 587
2777 2835
2777 763
2777 939
2777 3011
2330 2751
283 2620
2332 1372
286 925
2335 1068
2336 2965
289 2888
289 347
290 1661
2339 882
294 844
295 2839
299 2010
299 380
300 1851
301 712
302 738
2351 1714
2352 2371
2353 2879
2354 1160
309 1946
2441 544
2362 2534
315 653
2364 2331
321 1108
2457 641
326 1828
327 2746
2377 1553
333 1959
2382 1288
339 1617
2388 1539
2105 1980
2788 2346
346 944
348 1312
350 646
351 1534
352 1906
352 2748
353 375
2338 1594
356 517
2408 2710
364 2577
365 1886
957 1476
2415 1272
2415 2024
368 1041
371 1904
2110 2639
376 567
377 2973
378 2438
2427 1477
2429 1412
382 1218
2431 2745
2112 2866
2436 418
389 231
2439 2693
393 1163
2443 1856
2443 1102
396 2942
399 1616
401 1981
402 1768
403 1261
404 1906
2454 1443
407 1145
409 2536
2460 1697
2461 1482
2463 2009
416 1289
2465 1643
419 999
2468 577
2469 1919
428 620
2060 1194
2060 572
2479 2751
2480 2023
2481 2806
2482 1747
439 1099
2490 1239
2496 1127
2497 2337
453 1817
454 1463
458 755
459 669
460 1613
2509 1998
465 1654
465 2703
2514 735
467 848
468 1741
2522 2331
2522 676
475 609
478 1744
2539 2916
483 2941
2532 1650
485 2783
486 2765
488 1336
2538 1991
491 1733
494 816
494 2679
495 1647
499 525
2549 1962
2551 2907
2551 684
504 1480
505 1096
505 1021
2815 1235
508 897
510 627
511 3003
511 997
513 1402
513 2831
514 614
517 1671
518 1833
2567 2918
521 752
2575 1192
2579 1936
2478 2036
534 975
537 1211
538 1416
2588 1662
549 824
551 829
555 1513
556 1301
2404 1707
562 1641
565 973
566 2763
566 1844
571 1853
2622 987
2623 2014
577 724
577 2943
578 1766
2627 1918
581 2770
581 1134
583 1538
2632 1236
585 1032
589 834
594 1643
595 1063
2644 2167
2647 2860
2650 858
603 1040
604 2756
2654 1437
608 915
610 1081
612 1148
613 2817
615 2357
619 1953
620 888
621 2790
622 2711
623 2387
623 2739
624 2766
625 1006
2676 1291
2679 1022
2679 669
2476 849
636 966
637 1048
2688 2973
2663 767
2692 1915
646 2697
646 1475
648 1284
2697 810
651 1713
2702 2447
2704 927
2714 1898
2719 2899
2132 1203
2161 2241
680 1564
680 836
2729 887
2730 745
684 2585
685 1423
2737 822
2737 1375
2741 2865
694 1188
2747 830
2754 1859
2758 1861
2771 1404
2779 2671
734 2913
739 1946
740 1574
741 1478
2790 3018
2790 1011
2794 985
748 2891
749 1719
751 1996
755 1449
2809 1168
2809 927
2812 1970
2814 1868
2817 926
777 2825
2826 1021
2827 2895
2829 1114
2830 1474
2838 2994
2841 2350
2842 2307
798 2913
2864 2877
2851 1872
2853 1296
809 1456
812 819
815 2985
816 2350
2875 2236
2879 1402
835 2974
2885 1941
838 2134
839 1715
841 1494
2891 1399
851 1390
852 1589
2902 1539
861 3005
2911 1859
2918 1813
2447 1911
2876 900
2923 1875
2926 2349
884 1369
884 2889
887 1093
890 2375
896 1351
899 2637
914 1511
917 1151
2970 1699
2543 1724
928 1466
928 1875
928 2660
2977 1938
2978 1053
2979 1869
934 1414
2984 1724
941 1961
2990 1142
2889 1208
961 1867
3010 1159
964 2592
972 1157
978 1647
982 1075
987 1386
995 1863
2215 1982
2216 231
2148 2006
1032 1084
2562 2391
1043 2661
1047 1524
1051 1253
1055 1913
2121 1488
2134 1840
2569 1362
1089 1595
1090 1473
1092 1249
1098 1973
1101 1737
1106 1557
1112 1474
2235 2844
1124 1882
1125 2028
1126 1380
2236 2029
2921 1524
1146 1928
2239 1656
1155 2163
1155 1379
1948 1650
2971 1812
1166 1603
1171 1227
2585 1255
1176 2597
1179 1348
1180 1372
1182 1286
1203 1947
1208 2669
2932 1571
1212 1431
1213 1258
1220 2270
1225 1217
1227 1235
1229 1530
791 1304
1244 1779
1257 1602
1258 2675
2156 1506
2156 2533
1278 1460
1278 1781
1292 1828
1293 1852
1299 1344
1300 1701
1303 1747
1310 1682
1326 2643
1328 1908
1247 1453
1343 1993
1343 2793
1344 1413
1352 1380
1354 1586
1360 1662
1367 1573
1370 1600
1377 2015
2278 1761
2278 1518
572 1702
1391 1754
1407 2024
1411 1647
1420 1495
1434 1683
1435 1798
1441 1584
1443 2307
1449 1492
1453 1074
1479 2685
1489 1884
1494 1628
1498 2657
1507 1648
2437 1663
1545 2035
2306 1597
1563 1976
1611 1838
2661 1924
1009 671
2207 1910
1709 639
1726 1925
1769 1934
1774 1889
1836 1869
1862 1967
1871 2000
1877 1983
1963 2728
1991 2026
1995 2046
2007 2009
