1 1408
1 1409
1 2
1 1003
1 6
1 514
1 279
1 29
1 33
1 36
1 300
1 685
1 694
1 705
1 578
1 1104
1 1233
1 1401
1 607
1 738
1 997
1 1383
1 1404
1 871
1 1021
1 880
1 625
1 1395
1 1396
1 1397
1 1398
1 1399
1 1400
1 889
1 1402
1 1403
1 764
1 381
1 1406
1 1407
2 1
2 578
2 1411
2 1412
2 381
2 1414
2 521
2 715
2 1410
2 462
2 77
2 280
2 1236
2 279
2 248
2 93
2 329
3 1287
3 710
3 1415
3 1416
3 1417
3 875
3 371
3 629
3 967
3 766
4 8
4 5
5 4
5 1418
5 1419
5 1420
5 717
5 690
5 671
6 1
6 645
6 198
6 7
6 743
6 1421
6 279
6 671
7 645
7 6
8 4
8 1420
8 1422
8 1423
8 1424
8 1425
8 1427
8 1428
8 1429
8 671
8 690
8 949
8 183
8 187
8 832
8 841
8 77
8 718
8 717
8 978
8 487
8 749
8 1006
8 1010
9 10
9 115
9 76
9 658
9 446
10 657
10 9
10 175
11 513
11 12
11 402
11 1432
11 1433
11 1434
12 100
12 742
12 11
12 1241
12 1113
12 1435
12 989
13 515
13 14
13 1454
13 553
13 44
13 1070
13 567
13 1461
13 609
13 593
13 86
13 1111
13 600
13 96
13 97
13 110
13 21
13 129
13 139
13 143
13 144
13 662
13 671
13 675
13 1193
13 1479
13 1221
13 711
13 714
13 718
13 724
13 732
13 228
13 245
13 758
13 765
13 257
13 259
13 1286
13 641
13 1495
13 787
13 276
13 285
13 814
13 828
13 336
13 1370
13 862
13 868
13 869
13 359
13 366
13 367
13 386
13 388
13 150
13 904
13 906
13 403
13 1436
13 1437
13 1438
13 1439
13 1440
13 1441
13 1442
13 1443
13 1444
13 1445
13 1447
13 1448
13 1449
13 1450
13 1451
13 942
13 1455
13 1456
13 1458
13 1459
13 1460
13 949
13 1462
13 1463
13 1464
13 1466
13 1467
13 1468
13 1469
13 1470
13 1472
13 1473
13 1474
13 1475
13 1476
13 1478
13 455
13 1480
13 1481
13 1482
13 1483
13 1484
13 1485
13 1487
13 1488
13 1489
13 1491
13 1492
13 1493
13 1494
13 983
13 477
13 509
14 128
14 170
14 523
14 13
14 112
14 665
14 281
15 296
16 1496
16 1497
16 1498
16 47
17 185
17 298
18 376
18 1500
19 1257
19 594
19 71
20 307
20 21
20 1501
20 1502
20 79
21 130
21 13
21 526
21 915
21 20
21 277
21 534
21 407
21 415
21 34
21 163
21 298
21 683
21 475
21 449
21 87
21 603
21 1503
21 1504
21 1505
21 1506
21 739
21 231
21 362
21 497
21 1270
21 376
21 255
22 1295
22 23
23 1507
23 22
24 1508
25 848
25 874
26 874
26 1195
26 988
26 1509
26 1085
27 980
27 1510
27 1511
28 29
29 1
29 28
29 910
30 1536
30 1537
30 1538
30 387
30 644
30 1541
30 135
30 1325
30 400
30 787
30 1518
30 790
30 1520
30 291
30 169
30 519
30 45
30 50
30 189
30 626
30 839
30 970
30 333
30 718
30 1487
30 1489
30 1539
30 215
30 985
30 347
30 863
30 1531
30 228
30 104
30 1513
30 1514
30 1515
30 1516
30 1517
30 366
30 1519
30 368
30 1521
30 1522
30 1523
30 1524
30 1525
30 1526
30 1527
30 1528
30 1529
30 1530
30 251
30 1532
30 1533
30 1534
30 1535
31 129
31 641
31 1544
31 44
31 1547
31 1548
31 787
31 367
31 1437
31 684
31 51
31 1545
31 223
31 1479
31 214
31 347
31 351
31 97
31 742
31 870
31 239
31 1520
31 626
31 121
32 320
32 97
32 258
32 228
32 329
32 938
32 1485
32 110
32 1549
32 144
32 1553
32 1522
32 533
32 1552
32 1550
32 1551
32 412
32 159
33 1
33 34
33 375
33 614
33 38
33 167
33 540
33 106
33 459
33 694
33 334
33 303
33 81
33 1555
33 886
33 503
33 729
33 60
33 766
34 1285
34 393
34 144
34 148
34 21
34 1558
34 1559
34 1561
34 1562
34 1563
34 412
34 159
34 33
34 1564
34 700
34 1475
34 201
34 721
34 97
34 867
34 228
34 110
34 1522
34 153
34 1557
35 36
35 498
35 300
35 1565
36 1
36 648
36 522
36 398
36 657
36 151
36 409
36 1566
36 1567
36 1568
36 1569
36 930
36 35
36 166
36 304
36 450
36 68
36 460
36 206
36 81
36 608
36 738
36 38
36 498
36 889
36 510
37 986
37 1570
37 1004
37 1138
37 382
38 133
38 522
38 653
38 657
38 531
38 537
38 409
38 33
38 162
38 1059
38 36
38 1573
38 1574
38 39
38 681
38 370
38 48
38 49
38 327
38 200
38 459
38 460
38 592
38 340
38 470
38 1111
38 472
38 1572
38 1498
38 94
38 608
38 483
38 114
38 1575
38 1004
38 496
38 498
38 118
38 127
39 396
39 220
39 333
39 38
40 453
40 518
40 327
40 328
40 1577
40 41
40 303
40 1576
40 1554
40 117
40 1078
40 151
40 152
40 729
40 431
40 601
41 40
41 897
42 1004
43 867
43 228
43 1580
43 1578
43 1579
43 44
43 110
43 53
43 1495
43 1564
43 637
43 159
44 128
44 192
44 1027
44 389
44 142
44 681
44 43
44 13
44 1582
44 412
44 499
44 277
44 281
44 163
44 31
44 156
44 154
44 606
44 1285
45 163
45 1513
45 1583
45 112
45 118
45 30
46 333
46 118
47 16
47 923
47 1170
47 1585
47 233
47 395
47 1037
47 431
47 48
47 945
47 1586
47 1587
47 1204
47 853
47 1110
47 1584
47 1588
47 379
47 1589
48 901
48 518
48 522
48 653
48 152
48 410
48 1309
48 422
48 1575
48 47
48 1590
48 1591
48 1592
48 60
48 199
48 1111
48 483
48 38
48 242
48 628
48 503
48 893
49 1595
49 484
49 38
49 870
49 1479
49 551
49 653
49 1597
49 626
49 1593
49 1540
49 1594
49 839
49 1596
49 1437
49 1598
50 563
50 30
50 1599
51 1600
51 257
51 1601
51 754
51 849
51 146
51 52
51 149
51 31
52 1602
52 1604
52 1605
52 1606
52 744
52 1135
52 754
52 51
52 1487
52 283
53 526
53 655
53 530
53 43
53 945
53 178
53 1075
53 54
53 312
53 447
53 193
53 459
53 198
53 1609
53 1610
53 1611
53 1612
53 1613
53 206
53 1615
53 1616
53 1617
53 1107
53 1614
53 481
53 869
53 486
53 625
53 115
53 1141
53 248
53 892
53 894
54 840
54 1618
54 251
54 53
55 390
55 391
55 103
55 1619
55 56
55 606
56 251
56 104
56 1007
56 55
56 447
56 863
57 864
57 1574
57 199
57 1623
57 238
57 81
57 1620
57 1621
57 1622
57 151
57 58
58 57
59 1624
59 1422
60 768
60 33
60 200
60 459
60 48
60 118
60 151
60 1625
60 1626
60 61
61 768
61 195
61 200
61 60
61 1100
61 151
61 410
61 1244
62 63
62 426
62 237
62 1627
62 1628
62 1630
62 1567
63 115
63 62
64 65
64 642
64 844
64 113
64 179
64 1015
65 64
65 1632
65 1633
65 521
65 1035
65 540
65 1631
66 67
67 66
67 1635
67 165
67 937
67 946
67 1074
67 1634
68 36
68 774
69 866
69 1636
69 70
70 866
70 267
70 1636
70 69
71 929
71 72
71 458
71 206
71 19
71 725
71 409
71 121
71 667
72 929
72 71
73 74
73 324
73 666
73 1582
74 800
74 769
74 1637
74 1638
74 73
74 1293
74 783
75 1540
75 1639
75 1641
75 1642
75 363
75 942
75 273
76 612
76 421
76 1063
76 9
76 1644
76 1645
76 1646
76 1647
76 307
76 1556
76 617
76 442
77 832
77 2
77 1649
77 8
77 841
77 1419
77 1648
77 1425
77 1650
77 1427
77 1429
77 981
77 671
78 144
78 722
78 110
79 128
79 141
79 526
79 527
79 20
79 277
79 534
79 163
79 298
79 580
79 981
79 87
79 475
79 1503
79 745
79 362
79 623
79 112
79 497
79 1651
79 1652
79 1653
79 1654
79 255
80 238
80 151
80 888
80 1657
80 1658
80 957
80 350
81 1664
81 1666
81 1667
81 1159
81 522
81 1623
81 782
81 401
81 916
81 152
81 1050
81 1663
81 927
81 33
81 36
81 293
81 327
81 303
81 304
81 1075
81 825
81 956
81 199
81 340
81 470
81 57
81 804
81 1498
81 1661
81 1659
81 893
81 1662
81 127
82 352
82 706
82 1668
82 1669
82 1670
82 1131
82 236
82 781
82 207
82 272
82 83
82 1141
82 121
82 250
82 879
82 922
82 990
83 521
83 82
83 1671
84 1672
84 1673
84 139
84 88
84 505
85 640
85 1674
85 657
85 1141
85 280
85 121
85 1629
86 675
86 389
86 681
86 1675
86 1676
86 13
86 846
86 1677
86 500
86 142
86 87
86 589
86 603
86 1679
86 1678
86 277
87 1479
87 110
87 79
87 1680
87 1681
87 914
87 21
87 86
87 159
88 505
88 84
89 1541
89 647
89 1682
89 1683
89 1684
89 1685
89 1686
89 1687
89 1688
89 1689
89 666
89 1691
89 1690
89 542
89 1695
89 1696
89 1697
89 1698
89 1699
89 1700
89 1701
89 1702
89 810
89 300
89 1693
89 115
89 436
89 1694
89 311
89 320
89 206
89 718
89 90
89 227
89 997
89 234
89 1387
89 755
89 381
90 1409
90 738
90 1703
90 743
90 300
90 1104
90 115
90 279
90 89
90 281
90 797
91 146
92 896
92 1101
92 1074
92 308
92 693
92 93
93 2
93 132
93 1032
93 685
93 1704
93 92
94 547
94 38
94 774
94 1705
94 522
94 879
94 592
94 118
94 152
94 1146
94 1247
94 1706
94 95
95 1002
95 547
95 483
95 94
95 151
96 97
96 13
97 32
97 96
97 34
97 389
97 390
97 1153
97 297
97 138
97 13
97 112
97 722
97 214
97 1129
97 834
97 650
97 31
98 549
98 550
99 1707
99 394
99 235
99 501
99 314
99 411
100 769
100 771
100 1035
100 12
100 271
100 403
100 663
100 1432
100 166
100 1708
100 1709
100 1710
100 1711
100 1712
100 1713
100 818
100 193
100 889
100 360
100 233
100 1012
100 121
100 382
101 1714
101 1070
102 1715
102 470
102 103
103 742
103 102
103 391
103 1612
103 1511
103 236
103 1719
103 590
103 1721
103 1720
103 115
103 1716
103 1230
103 1718
103 55
103 696
103 436
103 1722
103 1723
103 1717
104 1238
104 105
104 56
104 502
104 407
104 376
104 540
104 1725
104 30
104 319
105 104
105 283
105 822
105 543
106 1024
106 33
106 611
106 555
106 653
106 629
106 1727
106 1629
106 1726
106 437
107 1728
107 1729
107 1730
107 108
107 756
107 245
107 223
108 107
108 1731
108 755
109 144
109 448
109 1732
109 1733
109 110
110 130
110 650
110 523
110 109
110 13
110 1295
110 915
110 277
110 534
110 665
110 668
110 32
110 34
110 163
110 422
110 924
110 298
110 43
110 175
110 1464
110 1734
110 201
110 78
110 141
110 1619
110 213
110 87
110 475
110 606
110 1503
110 229
110 231
110 362
110 615
110 1167
110 237
110 623
110 112
110 255
111 112
112 256
112 385
112 1538
112 387
112 1543
112 1544
112 1516
112 1546
112 1548
112 14
112 110
112 111
112 1439
112 1520
112 347
112 164
112 1317
112 553
112 135
112 45
112 1456
112 503
112 439
112 641
112 1722
112 1451
112 1525
112 960
112 1739
112 1025
112 1479
112 1736
112 1737
112 1738
112 1483
112 1740
112 1741
112 718
112 79
112 1744
112 1745
112 1746
112 1747
112 1748
112 1742
112 985
112 1487
112 477
112 480
112 97
112 1735
112 1513
112 1132
112 1517
112 1518
112 367
112 368
112 839
112 626
112 1526
112 169
112 1743
113 64
113 1064
113 114
113 533
113 1750
113 669
114 128
114 1057
114 163
114 1092
114 581
114 38
114 327
114 530
114 113
114 178
114 1749
114 1751
114 1752
114 1753
114 1754
114 475
114 409
115 1153
115 1540
115 9
115 267
115 268
115 1684
115 666
115 283
115 1574
115 436
115 53
115 312
115 1630
115 446
115 63
115 1762
115 1103
115 89
115 90
115 1755
115 1757
115 1758
115 1759
115 1760
115 1761
115 226
115 1763
115 1764
115 1765
115 1766
115 103
115 234
115 116
115 251
115 125
116 338
116 115
116 1372
117 40
117 1004
117 893
118 1666
118 1031
118 1772
118 522
118 653
118 242
118 925
118 799
118 548
118 38
118 1576
118 45
118 46
118 176
118 946
118 60
118 454
118 327
118 328
118 1230
118 850
118 340
118 341
118 729
118 94
118 864
118 483
118 1769
118 1770
118 1771
118 1004
118 1773
118 1774
118 1775
118 680
118 370
118 243
118 119
118 893
118 127
119 199
119 118
119 151
120 121
120 1766
121 513
121 514
121 1137
121 1034
121 269
121 782
121 657
121 149
121 1397
121 795
121 924
121 286
121 31
121 932
121 1703
121 1581
121 1779
121 594
121 1141
121 705
121 71
121 337
121 721
121 466
121 1107
121 85
121 1112
121 474
121 476
121 992
121 865
121 738
121 1789
121 100
121 1637
121 529
121 1001
121 1003
121 82
121 1775
121 1776
121 1777
121 1778
121 1395
121 1780
121 1781
121 1782
121 1783
121 120
121 1785
121 1787
121 1020
121 381
122 1792
122 123
122 1790
122 1791
123 1793
123 492
123 404
123 1658
123 379
123 122
124 226
124 1351
124 267
124 268
124 1794
124 1265
124 1083
124 125
125 241
125 1250
125 115
125 124
125 1265
126 984
126 1256
127 592
127 547
127 38
127 518
127 1424
127 81
127 118
127 998
127 220
127 784
128 129
128 1795
128 641
128 44
128 14
128 143
128 144
128 924
128 1437
128 163
128 164
128 1452
128 942
128 1053
128 1025
128 79
128 1628
128 480
128 400
128 114
128 245
128 251
129 128
129 163
129 422
129 13
129 505
129 156
129 31
130 1025
130 642
130 131
130 1796
130 1797
130 646
130 1799
130 264
130 1801
130 1802
130 1803
130 1804
130 1805
130 1806
130 143
130 1808
130 1809
130 1810
130 1812
130 21
130 1814
130 1815
130 1816
130 1817
130 1819
130 1820
130 1821
130 1822
130 1439
130 1824
130 1825
130 1826
130 1827
130 1798
130 938
130 1451
130 557
130 942
130 1583
130 1800
130 565
130 1823
130 1341
130 448
130 711
130 718
130 722
130 1495
130 1807
130 480
130 110
130 751
130 1136
130 839
130 1143
130 1813
131 130
132 832
132 1707
132 206
132 93
132 157
132 341
132 633
132 989
133 1568
133 546
133 1829
133 38
133 167
133 1831
133 431
133 1830
133 1147
135 112
135 30
136 137
137 136
137 1834
137 1835
137 1836
137 1837
137 1832
137 565
138 144
138 97
138 1549
138 1838
139 768
139 1730
139 246
139 841
139 746
139 694
139 13
139 1422
139 1839
139 1840
139 147
139 84
139 245
139 630
139 755
139 505
139 412
139 925
139 286
139 223
140 1153
140 668
140 141
140 470
141 385
141 228
141 1735
141 711
141 140
141 110
141 79
141 1841
141 481
141 470
141 668
142 674
142 323
142 484
142 1846
142 584
142 44
142 525
142 1594
142 177
142 1842
142 1523
142 1844
142 1845
142 86
142 1847
142 1843
142 950
142 1466
142 575
143 128
143 130
143 163
143 197
143 681
143 170
143 13
143 1490
143 277
143 536
143 281
143 154
143 603
144 128
144 386
144 776
144 138
144 13
144 145
144 915
144 278
144 408
144 668
144 32
144 34
144 163
144 422
144 551
144 298
144 942
144 818
144 182
144 1848
144 1081
144 1850
144 828
144 575
144 584
144 1612
144 674
144 78
144 336
144 593
144 1486
144 728
144 356
144 229
144 228
144 357
144 486
144 743
144 745
144 362
144 109
144 1526
144 869
144 511
144 1150
144 255
145 144
145 655
146 163
146 1851
146 238
146 51
146 1503
146 1464
146 91
146 1852
146 221
146 255
147 969
147 139
147 272
147 1778
147 148
147 1141
147 1785
147 697
147 667
147 477
148 448
148 969
148 34
148 147
148 1853
149 390
149 391
149 546
149 163
149 164
149 553
149 1581
149 942
149 51
149 1854
149 575
149 1856
149 1857
149 1858
149 197
149 1735
149 584
149 674
149 977
149 214
149 292
149 228
149 475
149 739
149 356
149 229
149 1131
149 366
149 496
149 121
149 1855
150 192
150 650
150 572
150 13
151 768
151 1664
151 1859
151 36
151 293
151 1575
151 40
151 95
151 327
151 80
151 466
151 1075
151 1623
151 152
151 57
151 699
151 119
151 60
151 61
151 581
152 48
152 1860
152 199
152 40
152 618
152 333
152 591
152 304
152 81
152 180
152 151
152 699
152 94
153 34
153 163
153 389
153 422
153 589
153 277
153 182
153 281
153 154
153 603
154 641
154 228
154 1861
154 1862
154 711
154 44
154 622
154 143
154 1457
154 1493
154 1111
154 153
154 765
155 156
156 129
156 641
156 1677
156 155
156 285
156 168
156 1194
156 44
156 1460
156 1720
156 828
156 1866
156 1471
156 320
156 1475
156 1863
156 1864
156 1865
156 1610
156 593
156 1495
156 228
156 234
156 622
156 765
156 500
156 251
156 1450
157 871
157 132
157 1867
157 1868
157 247
158 1472
158 598
158 748
158 1869
158 1839
158 756
158 245
158 694
158 476
158 1438
158 159
159 32
159 384
159 34
159 422
159 43
159 302
159 277
159 87
159 603
159 158
159 800
160 1870
161 162
161 1158
161 998
161 1095
161 1871
161 1872
161 980
161 957
161 1534
162 409
162 161
162 38
162 167
163 128
163 129
163 149
163 1799
163 1288
163 729
163 523
163 143
163 144
163 1752
163 146
163 21
163 1881
163 218
163 153
163 285
163 110
163 1311
163 1057
163 1442
163 1883
163 164
163 166
163 169
163 1194
163 1735
163 44
163 45
163 1454
163 431
163 1457
163 1886
163 641
163 348
163 867
163 1596
163 829
163 429
163 1895
163 320
163 833
163 228
163 1092
163 1221
163 366
163 289
163 1610
163 925
163 79
163 721
163 1874
163 1235
163 1236
163 718
163 1878
163 1495
163 1880
163 1753
163 1882
163 475
163 1884
163 862
163 1888
163 1890
163 1891
163 1892
163 422
163 1894
163 1873
163 1896
163 1003
163 530
163 711
163 1879
163 1523
163 1875
163 1876
163 114
163 1877
164 128
164 163
164 422
164 553
164 298
164 523
164 112
164 149
164 662
164 702
165 896
165 642
165 67
165 997
165 166
165 1160
165 233
165 1898
165 1899
165 460
165 1901
165 1900
165 1552
165 434
165 1059
165 675
165 1015
165 989
165 670
166 163
166 36
166 165
166 1898
166 178
166 100
166 443
166 444
167 608
167 33
167 162
167 133
167 1169
167 168
167 174
167 1832
167 1137
167 1556
167 1160
167 1903
167 447
168 167
168 811
168 1904
168 1905
168 343
168 156
169 640
169 163
169 170
169 1581
169 591
169 112
169 30
169 638
170 515
170 1543
170 14
170 533
170 1057
170 1570
170 1610
170 600
170 1121
170 870
170 1132
170 626
170 1142
170 143
170 169
170 690
170 189
170 1735
170 1736
170 1737
170 1744
170 721
170 1747
170 1748
170 747
170 251
170 256
170 1923
170 1336
170 1339
170 839
170 856
170 1883
170 1376
170 1894
170 366
170 367
170 368
170 1906
170 1907
170 1908
170 1909
170 1910
170 1911
170 1912
170 1913
170 1914
170 1915
170 1916
170 1917
170 1918
170 1919
170 1920
170 385
170 387
170 1924
170 1925
170 1926
170 1927
170 1928
170 1930
170 1931
170 1932
170 1934
170 1935
170 1437
170 1439
170 1442
170 1446
170 1456
170 1460
170 1479
170 1483
170 1484
170 1487
170 1494
170 477
170 1513
170 1515
170 1517
170 1519
170 1013
170 1526
170 1529
170 1531
170 1532
170 1534
171 580
171 233
171 991
171 172
171 735
172 912
172 171
173 174
174 322
174 710
174 167
174 173
174 240
174 1937
174 1656
175 10
175 110
175 1938
175 1043
175 814
175 1111
175 569
175 330
175 213
176 250
176 1061
176 118
177 972
177 1940
177 142
177 647
178 352
178 642
178 1092
178 166
178 554
178 114
178 179
178 53
178 729
179 64
179 178
179 733
180 152
180 264
181 1941
182 641
182 675
182 1445
182 584
182 1947
182 671
182 718
182 655
182 144
182 339
182 1493
182 1942
182 1943
182 1944
182 1945
182 1946
182 1403
182 732
182 765
182 153
182 277
183 8
183 841
183 462
183 1423
183 657
183 1650
183 1422
183 184
183 1948
183 671
184 832
184 183
184 1419
184 717
184 671
185 1161
185 17
185 1949
185 1950
185 1951
185 1952
185 1953
185 1954
185 558
185 561
185 313
185 186
185 543
185 1725
185 980
185 1238
185 217
185 220
185 226
185 957
185 369
185 502
186 185
186 643
186 215
187 1762
187 1955
187 836
187 8
187 1270
187 1956
187 381
188 189
189 752
189 649
189 170
189 919
189 812
189 240
189 188
189 599
189 507
189 1212
189 30
190 1959
190 1960
190 1961
190 1962
190 404
190 1657
191 192
192 1928
192 1963
192 44
192 150
192 191
193 1210
193 100
193 53
193 743
194 697
194 761
195 291
195 196
195 655
195 378
195 303
195 61
196 195
196 1964
196 1486
197 1858
197 1883
197 278
197 970
197 526
197 143
197 1619
197 149
197 470
197 407
197 591
197 668
198 6
198 743
198 1608
198 1965
198 53
198 279
198 575
199 321
199 1860
199 81
199 200
199 331
199 48
199 401
199 371
199 119
199 152
199 57
200 449
200 1059
200 38
200 327
200 199
200 61
200 206
200 1967
200 1968
200 1969
200 302
200 410
200 60
200 893
200 478
201 34
201 519
201 1826
201 110
201 1971
201 1748
201 1973
201 1974
201 1972
202 1976
202 1462
202 1975
203 1977
203 1978
204 1979
204 205
205 1002
205 204
206 768
206 132
206 1037
206 657
206 536
206 516
206 286
206 417
206 36
206 308
206 53
206 1980
206 1981
206 1982
206 693
206 71
206 200
206 718
206 1234
206 462
206 89
206 732
206 230
206 529
206 889
206 1983
206 892
207 657
207 521
207 82
207 990
207 889
208 1984
208 546
208 931
208 973
208 209
208 374
209 546
209 374
209 777
209 208
209 1494
209 606
210 1985
210 211
210 406
211 776
211 210
211 1987
211 1986
212 737
212 1988
212 942
212 814
212 894
212 213
213 834
213 645
213 970
213 1675
213 110
213 175
213 212
213 985
213 1114
213 1534
213 1989
214 390
214 1932
214 659
214 149
214 1814
214 285
214 31
214 291
214 807
214 1991
214 1455
214 714
214 1990
214 711
214 1992
214 1993
214 1994
214 1995
214 1996
214 846
214 1999
214 1998
214 215
214 97
214 617
214 1514
214 251
214 1535
215 834
215 390
215 2001
215 231
215 2000
215 369
215 565
215 214
215 186
215 1147
215 30
216 784
216 217
216 396
216 220
217 1056
217 931
217 716
217 784
217 2002
217 216
217 185
218 352
218 1888
218 163
218 219
218 2003
219 218
219 2004
220 544
220 768
220 547
220 1862
220 39
220 1675
220 971
220 720
220 465
220 2002
220 931
220 127
220 2005
220 2006
220 2007
220 216
220 185
220 363
220 731
220 696
220 927
221 2008
221 2009
221 146
221 251
222 2010
222 2011
223 224
223 107
223 1961
223 2013
223 139
223 717
223 925
223 755
223 245
223 505
223 2012
223 733
223 31
224 931
224 1549
224 223
224 791
225 744
225 611
225 540
225 766
226 524
226 269
226 345
226 2021
226 1949
226 2022
226 1696
226 801
226 420
226 559
226 1718
226 185
226 571
226 829
226 574
226 1734
226 1356
226 2019
226 982
226 1700
226 1765
226 2017
226 2018
226 227
226 2020
226 742
226 486
226 2023
226 2024
226 2025
226 2026
226 2027
226 2028
226 2029
226 2030
226 879
226 115
226 1397
226 315
226 124
227 89
227 226
227 390
227 705
228 32
228 34
228 163
228 389
228 422
228 615
228 156
228 298
228 43
228 13
228 141
228 144
228 149
228 154
228 655
228 668
228 30
228 511
229 1600
229 385
229 149
229 584
229 144
229 110
229 765
229 2032
229 622
229 814
229 662
229 441
229 575
229 637
229 245
230 206
230 231
231 2048
231 2049
231 2050
231 2051
231 2052
231 2053
231 390
231 1800
231 1043
231 533
231 1521
231 2047
231 1745
231 340
231 215
231 2042
231 480
231 230
231 1513
231 1515
231 1644
231 110
231 1520
231 2033
231 2035
231 2036
231 2037
231 2038
231 2039
231 2040
231 2041
231 1786
231 2043
231 2044
231 2046
231 21
232 448
232 233
232 499
232 540
233 100
233 165
233 742
233 232
233 681
233 989
233 171
233 47
233 1113
233 2054
233 1435
233 669
234 1702
234 871
234 2056
234 235
234 882
234 115
234 1942
234 2055
234 89
234 156
235 99
235 871
235 234
235 719
235 339
235 501
235 314
235 891
235 842
236 290
236 103
236 2057
236 810
236 237
236 82
236 727
237 863
237 1544
237 1801
237 650
237 236
237 110
237 2058
237 1812
237 757
237 1019
237 938
237 62
237 607
238 331
238 699
238 454
238 1128
238 2059
238 2060
238 653
238 239
238 80
238 401
238 146
238 1859
238 629
238 57
238 283
238 1052
238 445
238 798
238 1621
239 389
239 1226
239 2061
239 238
239 2062
239 407
239 31
239 511
240 709
240 174
240 2063
240 1904
240 241
240 189
241 240
241 2064
241 522
241 125
241 655
242 2067
242 48
242 2065
242 2066
242 243
242 118
243 242
243 483
243 893
243 118
244 2068
245 128
245 246
245 139
245 356
245 229
245 422
245 746
245 523
245 748
245 13
245 662
245 1104
245 306
245 107
245 277
245 630
245 665
245 158
245 223
246 873
246 306
246 139
246 748
246 245
247 1868
247 157
247 2069
248 2
248 1349
248 53
248 2070
248 2071
248 1413
249 2072
249 250
249 794
250 176
250 1003
250 459
250 528
250 82
250 990
250 249
250 2073
250 2074
250 542
251 128
251 512
251 386
251 643
251 390
251 2102
251 267
251 1011
251 1552
251 1683
251 663
251 2090
251 1306
251 2075
251 2076
251 30
251 2079
251 2080
251 2081
251 2082
251 2083
251 1060
251 1573
251 1446
251 2087
251 2088
251 2089
251 170
251 2091
251 2093
251 2094
251 2095
251 1072
251 2097
251 2098
251 2099
251 2100
251 2101
251 54
251 2103
251 56
251 569
251 1082
251 2107
251 2108
251 2109
251 2110
251 2111
251 2112
251 2113
251 2114
251 2115
251 2116
251 1733
251 2118
251 2119
251 2120
251 2121
251 2122
251 843
251 2104
251 156
251 597
251 214
251 855
251 1316
251 1756
251 221
251 2117
251 2078
251 2106
251 553
251 2096
251 298
251 491
251 115
251 2105
251 425
251 1531
251 1858
251 1841
251 382
251 1824
252 448
252 253
253 252
253 2124
253 1733
254 2125
254 255
255 257
255 772
255 263
255 648
255 396
255 144
255 146
255 21
255 282
255 1569
255 938
255 817
255 1330
255 819
255 579
255 716
255 2126
255 79
255 2128
255 2129
255 2130
255 2131
255 2127
255 110
255 254
255 533
256 257
256 870
256 391
256 170
256 112
256 626
256 660
257 256
257 2114
257 771
257 593
257 457
257 13
257 398
257 497
257 818
257 51
257 1652
257 1230
257 1654
257 536
257 2132
257 666
257 255
257 958
257 2133
258 32
258 277
258 662
258 1653
259 511
259 13
259 447
260 379
260 404
260 2134
260 1771
261 498
261 262
261 2135
262 261
262 2135
263 2136
263 735
263 255
263 461
263 991
264 2137
264 130
264 180
264 1902
265 736
265 266
265 924
265 434
265 814
266 265
266 2138
267 2144
267 2145
267 2146
267 2147
267 251
267 70
267 124
267 1591
267 268
267 1297
267 115
267 1684
267 311
267 1434
267 2139
267 2140
267 2141
267 2142
267 2143
268 1025
268 2082
268 2149
268 2150
268 391
268 267
268 1682
268 115
268 1684
268 124
268 2141
269 226
269 2151
269 2152
269 1835
269 1104
269 467
269 121
270 2153
271 360
271 100
272 337
272 712
272 2154
272 300
272 273
272 82
272 147
272 755
272 279
272 505
273 674
273 75
273 1221
273 2155
273 2156
273 272
273 502
273 1466
274 381
275 416
275 2157
275 335
275 277
275 1111
275 665
275 2159
275 476
276 416
276 2160
276 675
276 389
276 457
276 13
276 655
276 336
276 277
277 641
277 258
277 389
277 519
277 684
277 1549
277 143
277 275
277 276
277 21
277 408
277 153
277 159
277 416
277 675
277 1193
277 44
277 2162
277 1457
277 2163
277 182
277 567
277 2164
277 245
277 320
277 310
277 79
277 336
277 1489
277 86
277 335
277 732
277 359
277 110
277 2161
277 1522
277 787
277 2036
277 2165
277 2166
277 2167
277 761
278 144
278 1080
278 412
278 197
278 551
279 1
279 2
279 644
279 6
279 769
279 272
279 280
279 671
279 1704
279 436
279 1463
279 578
279 198
279 1608
279 329
279 462
279 1616
279 2168
279 1619
279 718
279 982
279 2169
279 90
279 1120
279 738
279 1775
279 760
279 505
279 2170
279 2171
279 2172
279 381
279 1022
280 2
280 846
280 85
280 279
280 2173
280 2174
281 641
281 870
281 1735
281 2175
281 44
281 14
281 143
281 1457
281 2002
281 366
281 153
281 90
281 655
281 765
281 751
282 2176
282 721
282 991
282 255
282 735
283 513
283 1795
283 105
283 238
283 499
283 115
283 52
283 1428
283 284
284 513
284 283
285 163
285 390
285 486
285 1675
285 13
285 368
285 214
285 156
286 2177
286 2178
286 2179
286 2180
286 139
286 206
286 655
286 121
286 506
287 288
288 355
288 2181
288 287
289 290
289 163
289 677
289 2182
289 1901
289 1086
289 581
290 289
290 236
290 2183
291 390
291 2184
291 2185
291 2186
291 983
291 2188
291 2189
291 655
291 1175
291 30
291 2082
291 292
291 422
291 810
291 826
291 195
291 1999
291 1618
291 214
291 1751
291 1594
291 1019
291 617
291 1131
291 368
291 2037
291 1527
291 1403
291 1834
292 378
292 291
292 149
292 422
293 81
293 611
293 151
294 295
295 294
295 2190
296 454
296 327
296 1706
296 15
296 698
296 699
297 97
297 776
297 298
297 2191
297 1330
297 822
298 2176
298 2192
298 2193
298 2194
298 2195
298 814
298 1439
298 1954
298 164
298 297
298 1453
298 942
298 1455
298 1733
298 455
298 456
298 330
298 79
298 476
298 144
298 228
298 17
298 110
298 2162
298 251
298 21
299 300
300 1728
300 1
300 35
300 2198
300 586
300 299
300 748
300 1042
300 272
300 306
300 2196
300 2197
300 694
300 1144
300 89
300 90
301 302
302 768
302 1349
302 807
302 200
302 159
302 301
302 655
302 2200
302 1523
302 2199
302 2008
302 719
302 1663
303 33
303 195
303 40
303 304
303 81
303 1554
303 2201
304 36
304 518
304 327
304 303
304 784
304 81
304 470
304 1463
304 152
304 1860
304 2202
304 591
304 1724
304 542
305 1648
305 882
305 411
306 928
306 246
306 873
306 746
306 300
306 783
306 1104
306 756
306 245
306 566
307 20
307 1090
307 76
308 92
308 653
308 206
309 310
310 2203
310 277
310 1942
310 309
311 312
311 89
311 267
312 2146
312 1612
312 590
312 115
312 692
312 53
312 311
312 345
312 2172
313 707
313 1288
313 394
313 1333
313 185
313 2204
313 2205
314 99
314 1702
314 871
314 394
314 235
314 339
314 1942
314 891
314 411
314 842
314 2207
315 2208
315 226
316 522
316 763
316 404
316 869
317 522
318 319
319 104
319 448
319 318
319 2209
320 32
320 163
320 357
320 422
320 156
320 277
320 662
320 89
320 540
320 389
321 621
321 199
322 709
322 174
323 2210
323 2211
323 324
323 2213
323 486
323 1388
323 142
323 1560
323 2212
324 73
324 323
324 505
325 1657
325 2214
325 326
325 2215
326 1115
326 325
327 768
327 296
327 1860
327 454
327 38
327 81
327 328
327 518
327 151
327 652
327 653
327 591
327 304
327 40
327 114
327 118
327 1751
327 200
327 957
327 799
328 864
328 547
328 327
328 40
328 1770
328 591
328 1576
328 916
328 118
329 32
329 2
329 2216
329 2217
329 330
329 279
329 718
329 943
329 657
329 1013
329 791
329 569
329 414
330 386
330 329
330 298
330 814
330 175
330 1550
330 1494
330 791
330 1436
331 540
331 238
331 199
332 2218
333 1888
333 1029
333 1286
333 39
333 46
333 152
333 1946
333 763
333 30
334 800
334 33
334 2018
334 997
334 577
334 2219
334 2220
334 2221
334 369
334 1206
334 1659
334 540
335 416
335 864
335 551
335 456
335 2155
335 2222
335 336
335 776
335 275
335 277
335 540
336 960
336 144
336 1895
336 359
336 1452
336 13
336 335
336 2224
336 2225
336 276
336 277
336 408
336 603
337 451
337 462
337 815
337 272
337 1266
337 121
338 385
338 867
338 116
338 540
339 2230
339 1702
339 871
339 842
339 235
339 1648
339 2226
339 2227
339 2228
339 2229
339 182
339 314
339 1789
340 38
340 231
340 1706
340 81
340 118
340 2231
340 2232
341 2233
341 1762
341 675
341 132
341 118
341 1384
341 1098
341 2237
341 1329
341 466
341 1268
341 501
341 342
341 1064
341 1273
341 2234
341 2235
341 2236
341 381
341 1209
342 666
342 341
342 966
343 168
343 909
343 886
343 2238
344 2240
344 2239
345 312
345 816
345 226
346 373
347 2241
347 970
347 112
347 1651
347 30
347 31
348 2242
348 163
348 2243
349 1667
349 2204
349 702
350 80
350 844
350 351
351 2244
351 2245
351 2246
351 2247
351 2248
351 2249
351 2250
351 657
351 350
351 902
351 888
351 1630
351 31
352 1057
352 1729
352 2251
352 82
352 1885
352 657
352 178
352 1751
352 1752
352 729
352 218
352 378
352 1629
353 354
354 353
354 658
354 612
355 288
355 475
355 356
355 757
355 2254
356 355
356 391
356 904
356 714
356 938
356 1454
356 765
356 144
356 245
356 403
356 149
356 1946
356 650
356 1418
356 575
357 320
357 144
357 358
357 1932
357 2255
357 2256
357 2257
358 674
358 1948
358 357
359 336
359 13
359 422
359 277
360 100
360 680
360 1035
360 271
360 2258
360 403
360 1981
361 721
361 2259
361 540
361 1677
361 505
362 144
362 867
362 21
362 110
362 79
363 75
363 220
363 1774
363 1111
364 489
364 365
365 489
365 1090
365 364
365 2260
366 163
366 390
366 422
366 170
366 13
366 149
366 662
366 281
366 30
366 447
367 422
367 170
367 13
367 112
367 662
367 602
367 31
368 291
368 390
368 170
368 112
368 30
368 285
368 606
369 185
369 652
369 334
369 215
370 38
370 650
370 782
370 721
370 2261
370 118
370 575
371 3
371 988
371 2262
371 199
372 540
373 2264
373 346
373 1574
373 2263
374 208
374 209
375 33
375 546
375 2266
376 104
376 1577
376 18
376 21
376 2267
376 733
377 378
377 2155
377 1069
377 1731
378 2176
378 2185
378 2189
378 2082
378 803
378 292
378 422
378 810
378 565
378 1718
378 829
378 352
378 195
378 591
378 977
378 1751
378 2268
378 2269
378 2270
378 2271
378 2272
378 2273
378 377
378 1834
379 2275
379 260
379 1351
379 492
379 460
379 47
379 123
379 1046
379 2276
379 1115
380 1649
380 930
380 381
381 768
381 1
381 2
381 1412
381 2277
381 2278
381 871
381 810
381 1099
381 717
381 718
381 529
381 274
381 121
381 341
381 279
381 836
381 89
381 187
381 380
381 462
382 100
382 37
382 680
382 498
382 536
382 251
382 383
383 382
384 1104
384 1034
384 1775
384 159
384 511
385 386
385 229
385 422
385 170
385 141
385 845
385 112
385 338
385 660
385 662
385 674
385 650
385 1598
386 385
386 674
386 869
386 2279
386 330
386 13
386 814
386 144
386 1944
386 251
387 112
387 170
387 30
387 470
388 2280
388 569
388 13
388 593
388 389
389 641
389 388
389 86
389 1288
389 655
389 2192
389 276
389 277
389 153
389 416
389 44
389 320
389 455
389 846
389 1489
389 1494
389 1252
389 732
389 607
389 736
389 97
389 228
389 1255
389 2281
389 2282
389 239
389 1009
389 1522
389 2037
389 1812
389 509
390 1920
390 149
390 1540
390 1800
390 2284
390 215
390 1932
390 2285
390 659
390 1045
390 1564
390 285
390 291
390 55
390 1653
390 1857
390 1736
390 1999
390 721
390 1618
390 1748
390 214
390 599
390 985
390 97
390 227
390 484
390 231
390 617
390 1514
390 2283
390 2028
390 1746
390 2286
390 1519
390 368
390 366
390 2041
390 251
390 1535
391 256
391 674
391 356
391 103
391 392
391 55
391 268
391 2287
391 2288
391 2289
391 1107
391 149
391 759
391 824
391 540
392 2290
392 2291
392 391
393 34
393 647
393 1677
393 2036
393 2292
393 1274
393 478
393 607
394 99
394 395
394 2065
394 2293
394 951
394 313
394 314
394 411
395 2305
395 2306
395 2307
395 394
395 1869
395 47
395 1525
395 2294
395 2295
395 2296
395 2297
395 2298
395 2299
395 2300
395 2301
395 2302
395 1919
396 609
396 2308
396 997
396 774
396 39
396 397
396 1103
396 592
396 2007
396 216
396 255
396 720
396 2309
397 800
397 396
397 782
398 2000
398 257
398 36
398 871
399 460
400 128
400 556
400 30
401 81
401 1706
401 780
401 238
401 199
402 1433
402 11
403 360
403 100
403 356
403 13
403 2311
404 1115
404 260
404 2312
404 2313
404 2314
404 2315
404 1294
404 1046
404 2265
404 123
404 316
404 190
404 1791
405 434
405 2316
405 2317
405 406
405 2319
406 776
406 2316
406 818
406 2317
406 210
406 405
406 951
407 197
407 104
407 1774
407 239
407 627
407 21
407 1999
408 2320
408 144
408 1677
408 336
408 2322
408 277
408 607
409 162
409 731
409 36
409 581
409 38
409 71
409 114
409 462
409 1169
409 498
409 2323
409 725
409 443
409 930
409 447
410 200
410 459
410 48
410 437
410 1433
410 61
411 99
411 305
411 314
411 1707
411 394
412 32
412 34
412 484
412 278
412 1193
412 139
412 44
412 1677
412 1934
412 1811
412 2324
412 1461
412 2326
412 2327
412 2328
412 857
412 2330
412 2331
412 1438
412 671
413 832
413 1061
413 460
413 944
413 657
413 2334
413 564
413 478
413 1592
413 1499
413 2332
413 2333
413 414
413 1215
414 968
414 329
414 1072
414 1096
414 563
414 793
414 413
415 2336
415 835
415 1253
415 1254
415 681
415 594
415 595
415 21
415 1705
415 537
415 2335
416 736
416 641
416 389
416 335
416 1489
416 275
416 2164
416 277
416 1336
416 276
416 655
416 787
417 514
417 206
417 542
419 2338
419 2339
420 226
420 2340
420 421
420 2114
420 1975
420 1500
421 76
421 420
421 2013
422 1920
422 129
422 1538
422 1926
422 385
422 144
422 787
422 366
422 535
422 153
422 159
422 1442
422 163
422 164
422 2341
422 1446
422 2343
422 424
422 2345
422 2346
422 1927
422 684
422 1838
422 48
422 1715
422 641
422 1439
422 320
422 292
422 1612
422 846
422 291
422 1241
422 732
422 2146
422 228
422 2342
422 359
422 807
422 110
422 367
422 2344
422 245
422 378
422 1019
422 622
423 2347
423 2348
423 2349
423 2350
424 422
425 251
425 2351
426 2352
426 62
427 865
427 2353
428 429
429 440
429 810
429 1907
429 428
429 163
430 592
431 705
431 163
431 548
431 133
431 1284
431 40
431 2354
431 47
431 946
431 1059
431 438
431 1783
431 792
431 537
431 763
431 1829
432 433
432 435
433 1357
433 910
433 911
433 432
433 2355
433 796
434 165
434 773
434 265
434 811
434 2316
434 2317
434 2130
434 1618
434 405
434 2357
435 432
435 2356
436 768
436 103
436 1066
436 462
436 115
436 279
436 89
437 957
437 106
437 410
437 2358
437 911
438 2360
438 431
438 2359
439 112
439 440
439 2362
439 2361
439 2089
440 2202
440 429
440 439
441 650
441 2363
441 229
442 76
442 540
443 515
443 2211
443 166
443 1032
443 1898
443 588
443 621
443 1075
443 409
443 444
443 445
443 446
444 443
444 2364
444 166
445 443
445 2364
445 238
446 115
446 9
446 619
446 443
446 839
447 259
447 2214
447 167
447 553
447 1675
447 711
447 1838
447 366
447 56
447 888
447 409
447 2365
447 53
448 2368
448 609
448 130
448 2369
448 232
448 252
448 1322
448 2370
448 109
448 148
448 1082
448 319
448 1724
448 1341
448 2366
448 2367
449 200
449 1221
449 2371
449 21
449 2373
450 1762
450 451
450 36
450 498
450 2323
450 1268
450 537
451 2272
451 337
451 450
452 2374
452 2375
453 40
454 1860
454 901
454 518
454 327
454 296
454 238
454 916
454 118
454 503
455 389
455 456
455 2377
455 298
455 13
455 655
455 2225
456 298
456 335
456 1582
456 846
456 455
457 257
457 1474
457 961
457 2155
457 276
457 533
457 759
457 1111
457 607
458 1659
458 851
458 459
458 71
459 768
459 33
459 1059
459 38
459 2216
459 458
459 747
459 748
459 653
459 53
459 410
459 729
459 2379
459 60
459 2378
459 250
460 675
460 36
460 165
460 38
460 1513
460 2007
460 2380
460 2381
460 399
460 862
460 503
460 966
460 413
460 379
460 925
460 734
461 1569
461 498
461 263
462 768
462 2
462 337
462 1426
462 1428
462 279
462 409
462 795
462 1701
462 436
462 1016
462 183
462 206
462 2383
462 2384
462 2385
462 2386
462 2387
462 2382
462 871
462 487
462 749
462 1784
462 381
463 464
464 772
464 485
464 1418
464 463
464 817
464 818
465 715
465 1871
465 980
465 2389
465 2388
465 220
465 1725
466 800
466 1637
466 782
466 721
466 121
466 341
466 151
466 505
467 2391
467 1043
467 269
467 471
468 1080
468 658
468 469
469 1080
469 468
470 668
470 387
470 197
470 102
470 551
470 1448
470 38
470 140
470 141
470 1007
470 304
470 81
470 503
470 2392
470 2394
470 795
470 540
470 1841
470 1736
470 1989
471 2395
471 1612
471 467
471 1583
472 473
472 38
472 551
473 472
473 2396
474 121
474 2357
474 969
475 355
475 584
475 110
475 79
475 114
475 163
475 149
475 21
476 121
476 298
476 275
476 158
476 2071
477 112
477 170
477 147
477 13
477 615
478 200
478 393
478 413
478 968
478 563
478 2397
479 480
480 128
480 130
480 1027
480 231
480 112
480 479
481 1665
481 585
481 1879
481 652
481 141
481 595
481 1589
481 1833
481 889
481 1663
481 53
481 927
482 483
483 768
483 482
483 38
483 1769
483 48
483 243
483 118
483 95
484 513
484 610
484 485
484 390
484 681
484 2178
484 142
484 589
484 49
484 602
484 412
484 606
484 2399
485 464
485 2400
485 818
485 484
485 487
486 2401
486 226
486 323
486 589
486 846
486 285
486 144
486 2403
486 53
486 662
486 603
486 509
486 637
487 8
487 462
487 931
487 485
487 614
488 489
488 782
488 1431
489 2404
489 2405
489 2406
489 2407
489 488
489 364
489 365
490 633
490 491
491 2408
491 490
491 251
491 1740
491 1261
492 379
492 2053
492 2314
492 2411
492 1294
492 1046
492 123
492 2410
493 513
493 2412
493 975
494 1012
494 653
494 2413
494 495
495 494
495 614
496 497
496 38
496 972
496 149
496 2414
497 496
497 257
497 546
497 21
497 79
498 450
498 35
498 36
498 261
498 38
498 2380
498 461
498 2415
498 2416
498 2417
498 2418
498 675
498 2420
498 382
498 409
498 1465
498 766
499 642
499 232
499 810
499 44
499 533
499 1178
499 283
499 2421
500 156
500 86
500 2422
501 99
501 1702
501 871
501 842
501 235
501 527
501 882
501 341
501 1942
501 2423
501 2424
501 891
501 1418
502 104
502 185
502 273
503 33
503 518
503 454
503 48
503 681
503 460
503 847
503 112
503 470
503 504
503 2425
503 1179
504 2426
504 503
505 2432
505 129
505 2434
505 769
505 139
505 272
505 1042
505 788
505 279
505 2073
505 542
505 324
505 841
505 2168
505 466
505 84
505 88
505 223
505 361
505 1004
505 2433
505 1943
505 1141
505 760
505 2427
505 2428
505 2429
505 2430
505 2431
506 1221
506 286
506 975
507 1234
507 508
507 189
507 1278
508 838
508 649
508 812
508 532
508 1014
508 507
509 486
509 1858
509 13
509 846
509 389
510 521
510 36
510 511
511 384
511 259
511 228
511 938
511 715
511 239
511 144
511 1522
511 510
511 1578
511 1438
512 251
512 1108
513 546
513 2435
513 484
513 1162
513 11
513 493
513 2417
513 121
513 283
513 284
513 1663
514 1
514 417
514 1034
514 749
514 1775
514 1104
514 121
515 170
515 443
515 2436
515 13
515 733
516 810
516 892
516 206
516 2438
516 2437
517 2116
517 2173
517 2439
518 48
518 547
518 454
518 327
518 40
518 304
518 2440
518 916
518 503
518 127
519 520
519 201
519 277
519 30
520 626
520 519
521 65
521 2
521 2443
521 2441
521 2442
521 1131
521 2444
521 2445
521 207
521 657
521 83
521 510
521 889
521 729
521 879
521 540
521 990
521 2357
522 864
522 547
522 36
522 38
522 551
522 811
522 653
522 317
522 48
522 241
522 118
522 792
522 889
522 763
522 316
522 893
522 94
522 81
523 546
523 163
523 164
523 110
523 14
523 814
523 245
524 552
524 226
524 525
524 2446
524 1845
525 524
525 898
525 1852
525 142
526 736
526 197
526 79
526 2448
526 2132
526 21
526 2447
526 53
527 79
527 533
527 501
528 250
528 2155
529 836
529 1066
529 1291
529 2451
529 206
529 530
529 1075
529 692
529 121
529 729
529 381
530 163
530 1092
530 554
530 529
530 114
530 53
530 892
531 38
531 766
531 2263
532 508
533 32
533 865
533 2371
533 231
533 457
533 170
533 743
533 527
533 113
533 499
533 1013
533 536
533 697
533 915
533 1504
533 255
534 722
534 21
534 110
534 79
535 930
535 2452
535 422
536 257
536 2306
536 675
536 2453
536 206
536 143
536 948
536 782
536 2454
536 2391
536 1465
536 987
536 382
536 533
537 450
537 415
537 538
537 38
537 431
538 537
538 1310
539 2455
540 320
540 2475
540 391
540 1544
540 521
540 2189
540 1042
540 1043
540 2456
540 2457
540 2458
540 2459
540 2460
540 2461
540 1438
540 2463
540 2464
540 33
540 2466
540 2467
540 2468
540 2469
540 2470
540 679
540 2472
540 2474
540 683
540 2476
540 2477
540 2478
540 1584
540 2481
540 2482
540 1204
540 2462
540 1161
540 569
540 442
540 1725
540 703
540 704
540 65
540 331
540 1094
540 2465
540 2122
540 1099
540 334
540 335
540 848
540 338
540 1747
540 1621
540 470
540 2393
540 603
540 225
540 1124
540 104
540 361
540 874
540 1004
540 2288
540 232
540 372
540 1146
540 1023
541 542
542 417
542 1092
542 89
542 304
542 2483
542 2484
542 1141
542 694
542 1779
542 505
542 250
542 541
542 702
543 544
543 105
543 930
543 971
543 185
544 784
544 971
544 220
544 2485
544 543
545 2486
546 513
546 133
546 497
546 523
546 208
546 209
546 149
546 918
546 375
546 1048
546 2487
547 2400
547 1666
547 837
547 518
547 328
547 522
547 127
547 591
547 2354
547 2003
547 998
547 95
547 220
547 94
547 965
548 1569
548 930
548 1590
548 721
548 431
548 1137
548 118
549 98
549 550
549 2217
549 1399
549 2488
549 1343
550 2489
550 98
550 549
551 1858
551 470
551 522
551 653
551 1774
551 335
551 144
551 49
551 278
551 472
551 1049
551 943
551 591
551 2490
551 863
552 1001
552 524
553 251
553 164
553 1194
553 13
553 622
553 112
553 849
553 754
553 149
553 2491
553 765
553 447
554 178
554 1092
554 530
554 1878
555 1088
555 930
555 106
555 1137
555 2490
555 2492
555 2493
556 400
556 2494
556 654
557 130
557 2495
558 840
558 185
558 2496
558 1264
559 2497
559 226
560 2498
560 2350
561 840
561 185
561 2496
561 1264
562 1753
562 1789
563 832
563 944
563 50
563 478
563 2334
563 2332
563 2333
563 414
564 413
565 137
565 130
565 378
565 954
565 215
566 768
566 306
566 2499
566 756
566 1701
567 2155
567 277
567 1477
567 13
568 2500
569 1920
569 251
569 388
569 329
569 175
569 606
569 1019
569 1436
569 1789
569 540
570 728
570 1607
570 743
571 226
571 572
572 571
572 150
573 769
573 770
573 574
574 2168
574 769
574 226
574 573
575 198
575 1347
575 356
575 229
575 2502
575 2348
575 142
575 144
575 370
575 1862
575 149
575 1500
575 2501
576 1030
577 2220
577 334
578 1
578 2
578 279
578 1396
578 1775
579 580
579 1093
579 1070
579 255
580 79
580 579
580 171
580 1093
581 289
581 114
581 1590
581 151
581 409
581 730
582 583
583 1104
583 2321
583 582
584 1987
584 229
584 2503
584 2501
584 2357
584 142
584 144
584 950
584 149
584 182
584 869
584 475
584 1500
584 767
585 1056
585 481
585 1314
585 2504
585 2505
585 586
585 2508
585 2509
585 2510
585 595
585 1881
585 2506
586 1056
586 797
586 585
586 1207
586 300
586 2511
586 1203
586 2197
586 873
586 925
587 1033
588 930
588 443
589 1283
589 484
589 486
589 2130
589 867
589 86
589 153
589 670
590 312
590 2512
590 103
591 547
591 197
591 551
591 328
591 169
591 327
591 304
591 867
591 916
591 152
591 378
592 38
592 396
592 430
592 784
592 2065
592 94
592 127
593 257
593 388
593 1809
593 1104
593 938
593 13
593 814
593 1549
593 720
593 2513
593 2514
593 144
593 2192
593 975
593 156
594 681
594 2515
594 2335
594 595
594 19
594 121
594 859
594 415
595 481
595 835
595 585
595 594
595 859
595 415
596 2516
596 1899
596 2444
596 2517
597 251
597 604
597 598
598 597
598 2518
598 158
599 189
599 1278
599 390
600 1016
600 170
600 13
601 40
601 893
602 484
602 367
602 626
602 2519
602 2490
602 2171
603 2368
603 641
603 1986
603 1701
603 486
603 609
603 681
603 143
603 336
603 913
603 1522
603 883
603 21
603 86
603 1193
603 153
603 1167
603 540
603 1438
603 159
604 2518
604 617
604 597
604 814
604 605
605 604
605 1868
605 1881
606 484
606 2373
606 44
606 110
606 2365
606 368
606 209
606 55
606 569
606 1852
606 765
607 1
607 389
607 393
607 2155
607 237
607 1677
607 457
607 408
608 675
608 36
608 38
608 167
608 2380
608 2381
608 2416
608 1465
609 448
609 1169
609 603
609 396
609 13
610 2520
610 484
611 688
611 225
611 106
611 293
611 861
612 354
612 76
612 613
612 658
613 2354
613 612
614 33
614 487
614 2409
614 495
614 2521
614 2265
614 2522
615 477
615 228
615 2524
615 714
615 110
615 2525
615 1397
615 2490
615 1258
615 826
615 2523
615 655
615 1565
615 2526
615 2111
616 617
616 1361
617 291
617 390
617 616
617 76
617 688
617 214
617 604
618 152
618 1988
619 2528
619 2529
619 712
619 620
619 1613
619 1235
619 446
619 2527
620 712
620 619
621 321
621 1418
621 443
621 1754
622 229
622 422
622 553
622 650
622 623
622 662
622 873
622 154
622 156
623 2530
623 938
623 110
623 79
623 622
623 895
624 712
624 1491
624 869
625 880
625 1
625 53
625 645
626 256
626 520
626 170
626 112
626 49
626 602
626 1578
626 30
626 31
627 1858
627 1716
627 407
628 2531
628 2532
628 1769
628 812
628 653
628 48
628 629
628 1405
629 3
629 106
629 876
629 238
629 628
629 766
629 1375
630 1104
630 139
630 245
631 2536
631 2537
631 632
631 2535
632 753
632 631
632 849
632 1495
633 490
633 132
634 635
635 634
635 2538
636 637
636 1503
637 681
637 43
637 636
637 229
637 486
638 640
638 169
638 1020
638 1581
639 2539
640 169
640 1020
640 85
640 638
640 1581
641 128
641 416
641 163
641 389
641 422
641 112
641 13
641 2160
641 277
641 182
641 281
641 154
641 603
641 156
641 31
642 64
642 130
642 165
642 178
642 499
642 669
643 801
643 186
643 251
643 1677
643 879
644 1779
644 30
644 279
645 6
645 646
645 7
645 711
645 2540
645 2541
645 2542
645 625
645 213
645 1073
645 671
646 130
646 645
646 719
647 721
647 393
647 2543
647 2544
647 177
647 89
647 1274
648 720
648 649
648 36
648 774
648 255
649 648
649 897
649 508
649 189
650 97
650 356
650 1735
650 237
650 110
650 1007
650 385
650 2545
650 370
650 659
650 622
650 150
650 2546
650 441
650 1020
651 652
652 369
652 327
652 651
652 1659
652 481
653 522
653 238
653 1059
653 38
653 551
653 48
653 49
653 308
653 821
653 957
653 459
653 327
653 1227
653 1769
653 106
653 494
653 1137
653 2547
653 628
653 118
653 893
653 766
654 556
654 957
654 655
655 416
655 675
655 228
655 389
655 455
655 145
655 291
655 615
655 302
655 2160
655 241
655 286
655 195
655 2548
655 53
655 182
655 759
655 276
655 281
655 654
655 2549
656 2550
657 768
657 1669
657 521
657 10
657 1169
657 729
657 413
657 930
657 36
657 38
657 183
657 829
657 709
657 329
657 206
657 207
657 85
657 676
657 351
657 352
657 1639
657 2552
657 121
658 1216
658 354
658 612
658 1413
658 9
658 2252
658 468
658 2553
658 1572
658 2555
659 650
659 2556
659 214
659 390
660 256
660 385
660 801
661 2491
661 662
662 320
662 385
662 258
662 164
662 229
662 486
662 13
662 366
662 367
662 661
662 1493
662 718
662 622
662 245
663 100
663 251
663 1012
663 2557
663 1468
664 665
665 14
665 664
665 275
665 110
665 1880
665 245
666 1312
666 257
666 73
666 115
666 342
666 89
666 2558
666 2559
667 1785
667 147
667 71
668 228
668 197
668 2470
668 711
668 140
668 141
668 110
668 144
668 1841
668 470
668 1535
669 642
669 113
669 233
669 913
669 729
669 733
669 670
669 1119
670 800
670 589
670 669
670 782
670 165
671 5
671 6
671 8
671 412
671 183
671 77
671 13
671 1236
671 182
671 279
671 184
671 2556
671 645
672 2560
672 673
672 922
673 672
673 1120
673 2562
673 2563
673 2564
673 2565
673 2566
673 2561
673 967
674 385
674 386
674 358
674 391
674 2283
674 2253
674 142
674 144
674 273
674 149
674 2206
674 1045
675 608
675 1601
675 182
675 165
675 2568
675 1898
675 460
675 13
675 655
675 498
675 276
675 341
675 86
675 536
675 277
676 865
676 1063
676 2569
676 2570
676 2571
676 2572
676 845
676 2511
676 657
677 289
677 678
677 1087
678 677
679 2066
679 947
679 540
680 360
680 1432
680 118
680 382
680 1710
681 2368
681 484
681 1701
681 38
681 233
681 682
681 44
681 594
681 143
681 722
681 86
681 503
681 603
681 2573
681 637
681 415
682 681
682 786
682 922
682 2574
683 1858
683 711
683 2122
683 21
683 540
683 863
684 31
684 277
684 422
684 1103
685 1
685 93
685 686
685 687
686 1065
686 685
687 1065
687 685
688 617
688 611
688 689
689 688
689 1209
689 932
689 781
690 8
690 170
690 1419
690 5
691 1125
692 312
692 529
692 702
693 1882
693 92
693 206
694 1
694 2148
694 33
694 925
694 139
694 300
694 782
694 1789
694 2576
694 542
694 2575
694 797
694 158
695 2577
695 2578
695 2579
696 220
696 1725
696 103
697 194
697 867
697 2244
697 147
697 533
697 2038
697 953
697 766
697 1141
698 296
698 699
698 2580
699 1859
699 296
699 238
699 151
699 152
699 698
700 34
701 2120
701 1121
701 2581
701 2582
701 1153
702 164
702 692
702 2583
702 1396
702 349
702 542
702 2463
703 1126
703 1062
703 807
703 1000
703 1063
703 845
703 540
704 2584
704 540
704 1126
705 1
705 706
705 227
705 2588
705 810
705 431
705 121
705 2586
705 1244
705 2269
705 2590
705 2591
706 705
706 82
706 889
707 2592
707 313
707 711
708 2066
709 322
709 710
709 657
709 240
709 1937
709 886
710 768
710 3
710 709
710 174
710 1037
711 130
711 163
711 645
711 683
711 141
711 13
711 2129
711 707
711 214
711 154
711 668
711 447
712 272
712 624
712 619
712 620
713 2593
714 2594
714 356
714 13
714 214
714 615
715 465
715 2
715 1044
715 511
716 784
716 217
716 2595
716 255
717 1955
717 1412
717 5
717 8
717 1419
717 1426
717 718
717 978
717 1006
717 1270
717 184
717 381
717 223
718 130
718 1412
718 8
718 13
718 782
718 1295
718 662
718 279
718 30
718 163
718 938
718 182
718 329
718 1355
718 717
718 206
718 89
718 737
718 1410
718 751
718 112
718 381
719 235
719 2596
719 302
719 646
720 1571
720 648
720 1612
720 396
720 593
720 1635
720 220
721 800
721 34
721 163
721 548
721 869
721 390
721 647
721 361
721 170
721 743
721 370
721 782
721 466
721 2581
721 121
721 1209
721 282
721 1852
721 2597
722 97
722 130
722 681
722 1002
722 78
722 1011
722 534
723 2598
723 886
724 2599
724 725
724 13
725 409
725 730
725 71
725 724
725 2073
726 727
727 2374
727 2600
727 2601
727 810
727 236
727 726
727 1277
728 144
728 570
728 938
729 352
729 33
729 163
729 669
729 529
729 40
729 521
729 2602
729 459
729 2604
729 2603
729 1885
729 657
729 178
729 118
729 1225
729 893
730 581
730 1169
730 2323
730 1204
730 725
730 731
731 784
731 409
731 730
731 220
731 785
732 389
732 422
732 13
732 206
732 277
732 182
733 376
733 515
733 2605
733 913
733 179
733 1432
733 669
733 223
734 460
734 1444
734 2542
735 1283
735 263
735 171
735 1069
735 282
735 1149
736 416
736 389
736 265
736 781
736 526
736 2607
736 979
736 2606
737 880
737 1065
737 212
737 718
738 1
738 36
738 1004
738 279
738 121
738 90
739 21
739 1990
739 149
741 742
742 1028
742 2057
742 12
742 31
742 2610
742 2611
742 2612
742 2613
742 2614
742 2615
742 2616
742 2617
742 2618
742 2619
742 2245
742 2129
742 2313
742 226
742 741
742 103
742 233
742 1009
743 193
743 570
743 6
743 198
743 144
743 721
743 533
743 826
743 1403
743 90
743 2490
744 225
744 52
744 901
745 144
745 1601
745 1522
745 2620
745 79
746 139
746 873
746 747
746 748
746 306
746 245
746 2586
747 873
747 170
747 459
747 748
747 1104
747 756
747 746
748 928
748 459
748 746
748 747
748 300
748 783
748 1104
748 756
748 245
748 246
748 158
749 8
749 2297
749 514
749 462
749 1785
750 2622
751 281
751 130
751 718
751 846
752 2624
752 1163
752 2396
752 189
752 2623
753 632
753 849
753 754
753 2625
754 2625
754 2626
754 2627
754 2628
754 553
754 1549
754 2414
754 753
754 51
754 52
755 1728
755 1730
755 2629
755 1031
755 938
755 139
755 108
755 272
755 756
755 1143
755 760
755 89
755 925
755 223
756 928
756 107
756 873
756 747
756 748
756 783
756 1104
756 306
756 2499
756 566
756 755
756 158
757 355
757 1404
757 237
758 13
758 759
759 2630
759 391
759 457
759 2631
759 655
759 758
759 1495
759 1439
760 505
760 770
760 755
760 279
761 194
761 828
761 1034
761 277
762 2633
762 850
762 2635
762 2636
762 2634
763 522
763 333
763 431
763 316
763 893
763 2637
764 1
764 1882
765 356
765 229
765 553
765 13
765 2638
765 2422
765 281
765 154
765 156
765 606
765 182
766 1024
766 33
766 3
766 1095
766 2345
766 225
766 2060
766 653
766 2639
766 498
766 531
766 629
766 2263
766 697
767 584
767 950
768 139
768 657
768 151
768 1059
768 302
768 1967
768 436
768 566
768 60
768 61
768 710
768 327
768 459
768 206
768 848
768 2641
768 462
768 220
768 1247
768 2640
768 483
768 381
768 893
769 770
769 100
769 74
769 279
769 505
769 573
769 574
770 769
770 760
770 2642
770 2168
770 573
770 2430
771 257
771 2643
771 100
771 772
772 464
772 771
772 2644
772 255
773 969
773 434
774 897
774 68
774 775
774 648
774 396
774 2645
774 94
775 1500
775 774
776 144
776 297
776 2647
776 791
776 335
776 1392
776 1330
776 211
776 406
776 1097
776 2648
776 2649
776 1211
776 991
777 1984
777 898
777 931
777 973
777 209
777 1301
777 2650
777 2651
777 2652
778 779
779 778
780 896
780 401
781 736
781 689
781 82
781 979
781 782
782 1728
782 992
782 694
782 536
782 81
782 488
782 781
782 718
782 397
782 466
782 721
782 370
782 670
782 1422
782 2198
782 1559
782 1016
782 121
782 1160
782 2654
782 2197
783 1104
783 748
783 74
783 756
783 306
784 544
784 2656
784 1666
784 2308
784 2065
784 127
784 716
784 304
784 592
784 785
784 2002
784 2006
784 985
784 216
784 2521
784 217
784 731
784 1424
784 2655
785 784
785 2657
785 731
786 682
786 1067
787 416
787 2082
787 422
787 1002
787 13
787 277
787 30
787 31
788 505
788 2658
789 2659
790 897
790 30
791 224
791 2661
791 2662
791 776
791 329
791 330
791 1262
791 1459
791 2422
792 897
792 522
792 431
792 2663
793 794
793 414
794 249
794 793
794 2073
795 1016
795 121
795 796
795 462
795 470
796 1004
796 2666
796 1900
796 1037
796 910
796 433
796 1046
796 2665
796 795
797 586
797 2667
797 2668
797 1203
797 694
797 1751
797 90
798 1177
798 238
799 1659
799 118
799 327
800 2468
800 721
800 74
800 159
800 397
800 334
800 1645
800 2672
800 2673
800 466
800 670
800 2670
800 2669
800 2671
800 2142
800 927
801 802
801 2674
801 643
801 660
801 226
802 801
802 2675
803 806
803 840
803 1609
803 2676
803 2231
803 2137
803 378
804 81
804 805
805 1635
805 804
805 2677
806 803
806 1475
807 214
807 865
807 422
807 1062
807 1063
807 1672
807 845
807 302
807 2678
807 703
808 809
809 808
809 2679
810 705
810 291
810 516
810 1227
810 236
810 429
810 2680
810 2683
810 499
810 89
810 727
810 952
810 2681
810 378
810 1387
810 381
811 168
811 522
811 812
811 1229
811 434
811 2652
811 1085
812 897
812 811
812 1905
812 628
812 508
812 189
813 934
814 604
814 386
814 229
814 265
814 298
814 523
814 13
814 175
814 593
814 212
814 834
814 330
814 2685
815 816
815 337
815 2288
816 345
816 962
816 1459
816 815
816 2239
817 464
817 818
817 255
818 257
818 100
818 485
818 144
818 817
818 464
818 406
818 2686
818 1631
819 255
819 2687
820 2688
821 2689
821 1578
821 653
822 105
822 2690
822 2691
822 297
822 991
823 2692
824 1184
824 1348
824 391
824 1007
824 2288
824 2287
825 920
825 81
825 2693
826 2208
826 291
826 2437
826 1318
826 615
826 743
826 2695
826 2694
826 1134
827 2696
828 2697
828 13
828 975
828 144
828 761
828 156
828 895
829 657
829 226
829 163
829 378
830 2699
830 2700
830 2701
831 1907
832 132
832 8
832 77
832 968
832 563
832 184
832 2556
832 413
833 834
833 163
833 1142
834 97
834 833
834 814
834 2703
834 213
834 1142
834 215
835 595
835 957
835 415
836 529
836 187
836 381
836 1087
837 2704
837 547
837 2239
838 897
838 508
838 2705
839 130
839 2404
839 170
839 112
839 49
839 30
839 446
840 864
840 1185
840 803
840 558
840 561
840 2706
840 1075
840 54
840 1019
841 903
841 8
841 139
841 77
841 1422
841 2707
841 982
841 183
841 505
842 891
842 314
842 339
842 501
842 235
843 2554
843 251
844 64
844 2708
844 350
845 385
845 676
845 1062
845 999
845 2443
845 807
845 703
845 865
846 214
846 422
846 486
846 456
846 751
846 1075
846 2709
846 86
846 280
846 509
846 389
847 1244
847 503
848 768
848 25
848 540
848 1037
848 1132
849 2625
849 553
849 753
849 51
849 2710
849 632
850 762
850 118
851 458
851 1125
852 2711
853 2712
853 923
853 47
854 1187
855 856
855 2136
855 251
855 2713
856 170
856 970
856 855
857 2714
857 412
859 1185
859 1004
859 594
859 595
859 1204
859 1980
860 2488
861 611
861 2716
861 2717
862 163
862 460
862 13
862 1590
863 2530
863 551
863 683
863 2188
863 2082
863 237
863 30
863 56
863 2718
864 328
864 522
864 335
864 840
864 118
864 57
864 2137
865 2720
865 2722
865 2723
865 676
865 807
865 1672
865 1994
865 427
865 845
865 533
865 121
865 2459
865 2719
865 1063
866 1636
866 69
866 70
867 34
867 163
867 2724
867 362
867 43
867 338
867 589
867 591
867 2130
867 1283
867 697
867 1851
868 13
868 2725
869 144
869 386
869 1635
869 721
869 1448
869 13
869 624
869 584
869 1267
869 53
869 316
870 256
870 170
870 49
870 281
870 970
870 31
871 1
871 872
871 1066
871 235
871 398
871 381
871 157
871 2056
871 339
871 462
871 1209
871 314
871 892
871 234
871 501
872 2726
872 871
873 928
873 746
873 747
873 622
873 1104
873 306
873 756
873 246
873 586
874 2727
874 540
874 1195
874 1181
874 25
874 26
874 988
874 1085
875 3
875 1037
876 2728
876 2729
876 629
876 2262
876 1375
877 1474
877 1876
878 2730
879 226
879 643
879 521
879 2731
879 2732
879 82
879 94
880 1032
880 1
880 2540
880 625
880 737
881 2733
882 2055
882 234
882 2734
882 1648
882 305
882 501
883 603
883 934
884 885
884 2735
885 884
885 1148
886 2736
886 33
886 723
886 709
886 343
887 1734
888 1198
888 80
888 2737
888 2265
888 447
888 351
889 1
889 706
889 36
889 1669
889 481
889 521
889 522
889 206
889 207
889 100
890 1219
891 2056
891 314
891 235
891 842
891 501
892 516
892 2437
892 871
892 206
892 530
892 53
893 768
893 1572
893 118
893 200
893 522
893 653
893 48
893 81
893 2738
893 243
893 117
893 1078
893 601
893 729
893 763
893 1554
893 1662
894 212
894 1988
894 53
895 2592
895 2739
895 828
895 623
896 165
896 92
896 780
896 1101
896 2740
896 1082
896 1404
897 900
897 838
897 774
897 41
897 812
897 790
897 649
897 792
897 1014
898 777
898 899
898 525
898 950
899 898
900 897
900 1278
901 48
901 744
901 454
902 351
902 2459
902 991
903 841
903 2742
903 2743
904 2155
904 356
904 13
905 1496
906 907
906 13
907 2744
907 906
907 2163
907 2037
907 1734
908 909
909 1904
909 908
909 343
910 433
910 1050
910 796
910 29
911 433
911 1051
911 437
911 2745
912 2746
912 172
913 2408
913 733
913 1141
913 1242
913 603
913 669
914 970
914 915
914 87
915 938
915 110
915 144
915 914
915 533
915 21
916 454
916 518
916 328
916 1770
916 591
916 81
917 918
917 919
918 546
918 1960
918 1904
918 917
918 2747
918 2748
918 2749
919 1960
919 2749
919 1904
919 917
919 2747
919 2748
919 189
920 825
920 1443
920 2750
921 2751
922 672
922 1120
922 82
922 2715
922 682
923 47
923 2355
923 2356
923 1125
923 853
924 128
924 121
924 110
924 265
925 1730
925 163
925 118
925 1767
925 586
925 139
925 460
925 755
925 694
925 223
926 927
927 800
927 481
927 2754
927 2753
927 2442
927 81
927 2202
927 220
927 926
928 1104
928 748
928 306
928 756
928 873
929 72
929 2755
929 2756
929 71
930 2083
930 36
930 1861
930 657
930 555
930 588
930 548
930 1169
930 535
930 409
930 543
930 380
930 2757
931 224
931 2758
931 487
931 777
931 208
931 217
931 220
931 1182
932 121
932 1035
932 689
933 2759
934 1665
934 2202
934 883
934 813
934 1663
935 936
936 935
937 1121
937 67
938 32
938 130
938 356
938 2762
938 237
938 718
938 623
938 593
938 755
938 728
938 511
938 915
938 255
939 2763
939 940
939 2719
940 939
940 2764
940 2763
941 1252
942 128
942 130
942 1347
942 1672
942 298
942 75
942 13
942 943
942 144
942 2155
942 212
942 149
942 2422
942 2765
943 1378
943 551
943 329
943 942
943 1424
943 1619
944 968
944 563
944 413
945 2766
945 53
945 2278
945 47
946 67
946 431
946 118
946 2767
947 2421
947 679
948 536
948 1131
949 8
949 1162
949 13
949 2422
950 898
950 1189
950 584
950 142
950 2357
950 767
951 2768
951 2769
951 394
951 406
952 810
952 2770
953 697
953 1797
954 1833
954 1835
954 565
955 2771
956 2440
956 81
957 161
957 835
957 327
957 80
957 653
957 654
957 1168
957 437
957 185
958 257
958 1851
959 2772
960 112
960 336
960 2773
960 1689
961 457
961 2774
962 816
962 2232
962 2019
962 1084
962 1403
963 2776
963 2284
963 964
964 2776
964 2777
964 963
964 2284
965 2704
965 547
966 2323
966 460
966 342
967 673
967 2778
967 3
968 832
968 1061
968 944
968 2334
968 414
968 1592
968 2333
968 478
969 1730
969 773
969 147
969 148
969 2357
969 474
970 1536
970 197
970 870
970 1516
970 914
970 213
970 856
970 347
970 30
971 544
971 220
971 2485
971 543
972 496
972 177
972 2779
972 1029
973 208
973 777
973 2758
974 975
975 828
975 493
975 974
975 593
975 506
975 2780
976 2781
977 978
977 378
977 149
978 8
978 977
978 2163
978 717
978 2160
979 736
979 781
979 2782
980 2784
980 161
980 2785
980 1161
980 2442
980 465
980 1044
980 185
980 27
980 2783
981 1880
981 77
981 982
981 79
982 841
982 226
982 981
982 1410
982 279
983 291
983 13
983 2078
984 1088
984 1256
984 2786
984 2787
984 126
985 112
985 2788
985 390
985 784
985 213
985 30
986 1241
986 37
987 536
987 1594
987 1027
988 993
988 2789
988 2790
988 874
988 371
988 26
989 132
989 165
989 2086
989 233
989 1707
989 12
990 2531
990 521
990 207
990 82
990 250
990 1183
991 1987
991 902
991 263
991 776
991 171
991 2691
991 822
991 2647
991 282
992 121
992 2429
992 782
992 2791
993 2744
993 1889
993 988
993 2792
994 995
994 996
995 994
995 2794
996 994
996 2794
997 1
997 165
997 1257
997 2795
997 396
997 334
997 89
998 161
998 1706
998 547
998 127
999 1000
999 1672
999 2796
999 845
999 1126
1000 703
1000 999
1001 552
1001 121
1001 1842
1002 2697
1002 2797
1002 2798
1002 205
1002 722
1002 787
1002 2799
1002 95
1003 1
1003 163
1003 2801
1003 2422
1003 121
1003 250
1003 1883
1004 738
1004 37
1004 38
1004 540
1004 42
1004 1138
1004 117
1004 118
1004 505
1004 859
1004 796
1005 2802
1006 8
1006 2556
1006 717
1007 56
1007 824
1007 650
1007 2082
1007 470
1008 2804
1009 2805
1009 389
1009 742
1009 1607
1010 8
1010 1187
1010 2806
1010 1174
1011 722
1011 251
1011 2597
1012 100
1012 2557
1012 494
1012 663
1013 329
1013 170
1013 533
1013 2807
1014 897
1014 508
1014 1278
1015 64
1015 165
1015 1750
1016 600
1016 2808
1016 795
1016 462
1016 782
1017 1777
1018 1029
1019 291
1019 422
1019 840
1019 237
1019 569
1019 2809
1020 640
1020 121
1020 650
1020 1301
1020 638
1021 1
1021 1398
1022 2810
1022 2811
1022 279
1023 1067
1023 540
1024 106
1024 2413
1024 766
1025 112
1025 128
1025 130
1025 268
1025 1341
1026 2812
1026 2813
1026 2814
1027 480
1027 2175
1027 987
1027 44
1027 1255
1028 2073
1028 2815
1028 742
1028 2393
1029 972
1029 1018
1029 1940
1029 333
1030 576
1030 2793
1030 2277
1030 1031
1031 755
1031 118
1031 1030
1032 880
1032 1065
1032 443
1032 93
1033 2817
1033 2818
1033 587
1034 384
1034 121
1034 514
1034 761
1034 2791
1035 65
1035 1186
1035 2819
1035 932
1035 100
1035 360
1035 2582
1035 2820
1036 2821
1037 1195
1037 710
1037 1287
1037 875
1037 206
1037 47
1037 848
1037 796
1038 2491
1038 2341
1039 2822
1041 2342
1042 505
1042 300
1042 1141
1042 540
1043 231
1043 2152
1043 175
1043 467
1043 1751
1043 540
1044 980
1044 715
1044 2388
1045 674
1045 390
1046 404
1046 379
1046 492
1046 796
1046 1239
1047 1048
1048 546
1048 1047
1048 2487
1049 2824
1049 551
1049 1547
1049 2703
1050 81
1050 1706
1050 1051
1050 910
1051 2664
1051 1377
1051 1050
1051 1853
1051 911
1052 2825
1052 238
1053 128
1053 2826
1053 2827
1053 1900
1054 1055
1055 2828
1055 1054
1056 1314
1056 585
1056 586
1056 2510
1056 217
1056 1119
1057 352
1057 114
1057 163
1057 1092
1057 170
1058 2661
1058 2823
1058 2829
1058 2830
1058 2831
1058 2832
1058 1245
1059 768
1059 165
1059 38
1059 200
1059 459
1059 653
1059 431
1059 2833
1060 251
1060 1214
1061 176
1061 968
1061 413
1062 807
1062 1672
1062 1063
1062 845
1062 1080
1062 703
1063 865
1063 676
1063 1062
1063 807
1063 1672
1063 76
1063 2834
1063 2835
1063 703
1064 113
1064 341
1064 1750
1065 1032
1065 737
1065 2836
1065 686
1065 687
1066 871
1066 2734
1066 529
1066 436
1066 2837
1066 1077
1067 1068
1067 786
1067 2101
1067 2838
1067 2839
1067 1023
1068 2840
1068 1067
1069 377
1069 1093
1069 1070
1069 735
1070 579
1070 101
1070 1069
1070 13
1071 2841
1072 251
1072 414
1073 1545
1073 645
1074 1186
1074 67
1074 92
1075 81
1075 840
1075 846
1075 529
1075 53
1075 151
1075 2842
1075 443
1076 2843
1076 2103
1077 1066
1077 2837
1078 40
1078 2844
1078 893
1079 1080
1080 1062
1080 2252
1080 468
1080 469
1080 278
1080 1079
1081 144
1081 2019
1082 448
1082 896
1082 251
1082 1095
1083 124
1083 2845
1084 2408
1084 962
1085 2790
1085 874
1085 811
1085 1132
1085 26
1085 1130
1086 289
1086 1087
1087 1091
1087 836
1087 677
1087 1086
1087 1901
1088 984
1088 1089
1088 555
1089 1088
1089 2098
1090 307
1090 365
1090 1359
1091 1336
1091 1087
1092 1057
1092 163
1092 554
1092 178
1092 114
1092 530
1092 1660
1092 542
1093 579
1093 580
1093 1069
1093 2846
1093 2847
1094 2848
1094 2849
1094 1715
1094 540
1095 2368
1095 161
1095 1082
1095 766
1095 2369
1096 414
1096 1215
1097 776
1097 1330
1098 2850
1098 341
1099 2851
1099 2852
1099 2773
1099 1689
1099 540
1099 381
1100 61
1100 2853
1101 896
1101 92
1101 1404
1102 2854
1102 2855
1103 396
1103 115
1103 684
1103 2203
1104 384
1104 1
1104 514
1104 928
1104 583
1104 873
1104 747
1104 748
1104 269
1104 1582
1104 783
1104 593
1104 306
1104 756
1104 245
1104 630
1104 90
1105 2856
1106 2857
1107 1808
1107 121
1107 53
1107 391
1108 512
1108 1109
1109 2858
1109 1108
1109 1150
1110 47
1110 1191
1111 2859
1111 38
1111 457
1111 363
1111 13
1111 175
1111 48
1111 275
1111 154
1112 121
1112 1778
1113 233
1113 1435
1113 12
1114 213
1114 2207
1115 326
1115 1959
1115 2860
1115 1326
1115 404
1115 379
1116 1218
1116 1117
1116 2861
1117 1116
1117 2862
1118 1119
1119 1056
1119 2864
1119 669
1119 1118
1119 2863
1120 673
1120 922
1120 2715
1120 279
1121 937
1121 170
1121 701
1122 2865
1123 2866
1124 540
1124 1957
1125 851
1125 923
1125 691
1125 1171
1126 704
1126 2867
1126 2796
1126 703
1126 999
1127 2868
1128 1356
1128 238
1129 97
1129 1601
1130 1195
1130 1085
1131 291
1131 521
1131 82
1131 948
1131 149
1131 1246
1132 112
1132 848
1132 170
1132 1085
1132 1509
1133 2869
1134 826
1134 2367
1135 2297
1135 52
1136 130
1136 1285
1137 548
1137 167
1137 555
1137 653
1137 2870
1137 2871
1137 2872
1137 121
1138 2806
1138 1004
1138 37
1138 1174
1139 1140
1140 1600
1140 1139
1140 1180
1141 505
1141 85
1141 82
1141 913
1141 1042
1141 147
1141 121
1141 53
1141 1785
1141 697
1141 542
1141 2431
1142 833
1142 170
1142 834
1142 2702
1143 1144
1143 130
1143 755
1144 2873
1144 300
1144 1143
1145 1330
1145 1211
1145 2874
1146 2875
1146 540
1146 94
1147 1937
1147 2876
1147 133
1147 215
1148 885
1148 2878
1148 2877
1149 2880
1149 735
1149 2879
1150 144
1150 2882
1150 1109
1151 2883
1152 2884
1152 2885
1152 2886
1153 97
1153 2321
1153 140
1153 2001
1153 115
1153 701
1154 2887
1155 1156
1156 2888
1156 1155
1157 1158
1158 161
1158 1157
1159 81
1159 2889
1160 165
1160 167
1160 1333
1160 782
1160 2165
1161 2409
1161 980
1161 185
1161 540
1161 1949
1161 1951
1162 513
1162 949
1162 1245
1163 752
1163 1829
1164 1165
1165 2395
1165 1164
1166 2890
1167 603
1167 110
1167 1990
1168 2891
1168 957
1168 2574
1169 609
1169 930
1169 1861
1169 167
1169 657
1169 409
1169 730
1170 1171
1170 47
1171 1170
1171 2892
1171 1125
1172 2893
1173 2894
1174 1010
1174 1138
1174 2895
1175 2896
1175 1361
1175 291
1176 1313
1177 2897
1177 2898
1177 798
1178 499
1178 1179
1179 1457
1179 1178
1179 503
1180 2899
1180 1140
1181 874
1181 2790
1182 931
1182 1852
1183 990
1183 1199
1184 824
1184 2900
1184 1219
1184 1348
1184 2901
1185 840
1185 1241
1185 859
1186 1074
1186 1035
1186 2902
1187 1010
1187 854
1188 2516
1188 1645
1189 2657
1189 950
1189 2582
1190 1528
1191 1585
1191 1110
1192 2903
1193 1601
1193 603
1193 412
1193 13
1193 277
1194 553
1194 163
1194 156
1195 2904
1195 26
1195 874
1195 1130
1195 1037
1196 2905
1196 2906
1197 2907
1198 888
1198 1377
1198 2664
1199 1781
1199 1183
1200 1201
1200 2908
1201 1200
1201 2909
1201 2910
1202 2911
1203 586
1203 1707
1203 797
1204 730
1204 859
1204 540
1204 47
1205 2913
1206 334
1206 2174
1207 2504
1207 586
1208 2914
1208 2915
1209 2916
1209 721
1209 871
1209 689
1209 2066
1209 341
1210 193
1211 776
1211 1145
1211 1319
1212 189
1212 1783
1213 1240
1214 1060
1214 2917
1215 1096
1215 2442
1215 413
1216 658
1216 2918
1217 2919
1218 2288
1218 1116
1218 2862
1219 1184
1219 890
1220 2520
1221 449
1221 163
1221 2921
1221 13
1221 273
1221 506
1222 2922
1223 1224
1223 1225
1223 2923
1223 1228
1224 1228
1224 1223
1225 729
1225 1228
1225 1223
1226 1227
1226 239
1227 1226
1227 810
1227 1366
1227 653
1228 1224
1228 1225
1228 2632
1228 1868
1228 1223
1229 811
1229 2651
1229 2531
1230 257
1230 103
1230 2924
1230 2574
1230 1231
1230 118
1231 2925
1231 1230
1233 1
1233 2742
1234 2369
1234 507
1234 206
1235 619
1235 163
1236 1368
1236 2
1236 163
1236 2604
1236 671
1237 2927
1238 104
1238 185
1238 1498
1239 1046
1239 1294
1240 2216
1240 1213
1241 1185
1241 986
1241 12
1241 422
1242 913
1242 2582
1243 1303
1244 705
1244 847
1244 61
1244 2929
1245 1058
1245 1162
1246 1131
1247 768
1247 1248
1247 94
1248 2931
1248 1247
1249 2704
1250 1297
1250 125
1252 941
1252 389
1252 1391
1253 1254
1253 415
1254 415
1254 1253
1254 2933
1255 1027
1255 389
1255 1286
1256 984
1256 126
1257 19
1257 1900
1257 997
1257 1958
1258 1787
1258 615
1259 2934
1260 2935
1261 2936
1261 491
1261 1262
1262 2937
1262 1261
1262 791
1263 2938
1264 561
1264 2891
1264 558
1265 2939
1265 124
1265 125
1265 1351
1266 337
1266 2940
1267 869
1267 2279
1268 450
1268 341
1268 2941
1269 1569
1270 187
1270 21
1270 2942
1270 717
1271 1272
1272 1271
1272 2943
1273 1760
1273 341
1274 2504
1274 393
1274 647
1275 2944
1276 2945
1277 2946
1277 2947
1277 727
1278 900
1278 1937
1278 1014
1278 599
1278 2714
1278 507
1279 2948
1280 2949
1281 2950
1282 2951
1283 2952
1283 867
1283 589
1283 735
1284 1302
1284 431
1285 1136
1285 2953
1285 34
1285 44
1286 2954
1286 13
1286 333
1286 1255
1287 1290
1287 3
1287 1037
1287 1357
1288 313
1288 163
1288 389
1288 1733
1289 2955
1290 1357
1290 1287
1291 529
1291 2956
1291 1615
1292 2755
1293 74
1293 2957
1294 404
1294 492
1294 2958
1294 1239
1295 22
1295 110
1295 718
1295 1815
1296 2356
1296 1357
1297 2680
1297 1250
1297 267
1297 1794
1297 2959
1298 2489
1299 1300
1300 1299
1300 1355
1301 777
1301 2652
1301 1020
1302 1284
1303 2961
1303 1243
1304 1305
1305 1304
1305 2962
1306 1363
1306 251
1307 2963
1308 1971
1309 48
1309 2964
1310 538
1310 2965
1311 163
1311 2687
1312 666
1313 1176
1313 1786
1314 1056
1314 585
1314 2510
1315 2625
1316 251
1316 1607
1317 112
1317 1318
1318 1506
1318 826
1318 1317
1319 1330
1319 1211
1320 2967
1321 2968
1322 448
1322 2969
1322 2846
1324 2971
1325 2972
1325 30
1326 1115
1326 2973
1327 2974
1328 2194
1329 341
1329 2975
1330 2976
1330 1319
1330 776
1330 297
1330 1097
1330 1145
1330 255
1331 1332
1332 1331
1332 2060
1333 1160
1333 313
1333 2977
1334 2978
1335 2979
1335 2980
1336 416
1336 170
1336 1091
1336 1814
1337 1338
1338 1337
1338 2981
1339 170
1339 2982
1340 2983
1341 448
1341 1025
1341 130
1341 2984
1342 2985
1343 2986
1343 549
1343 1407
1344 1345
1345 1344
1346 2987
1347 2988
1347 942
1347 575
1348 824
1348 1184
1348 2989
1349 248
1349 302
1350 1355
1351 1265
1351 1794
1351 379
1351 124
1352 2816
1353 2764
1354 2991
1355 1300
1355 718
1355 1350
1356 1128
1356 2993
1356 226
1357 1296
1357 433
1357 1290
1357 2994
1357 1287
1359 1090
1359 2995
1360 2996
1361 616
1361 2896
1361 1175
1362 2997
1363 1306
1363 2998
1363 2999
1364 1365
1365 3000
1365 1364
1366 1227
1366 2621
1367 3001
1368 3002
1368 1236
1369 1927
1370 3003
1370 13
1371 3004
1371 3005
1372 116
1372 3006
1373 2928
1374 3007
1375 3008
1375 876
1375 629
1376 170
1376 2549
1377 1051
1377 2898
1377 2675
1377 1198
1378 3009
1378 943
1379 2683
1380 3010
1381 3011
1382 3012
1383 1
1383 3013
1384 341
1384 2975
1385 3014
1386 3015
1387 3016
1387 89
1387 810
1388 3017
1388 323
1389 3018
1389 3019
1390 3020
1391 1252
1391 3021
1392 776
1392 2649
1393 3022
1394 3023
1395 1
1395 121
1396 1
1396 578
1396 702
1397 1
1397 226
1397 121
1397 615
1398 1
1398 1021
1399 1
1399 549
1400 1
1401 1
1402 1
1403 1
1403 962
1403 291
1403 182
1403 743
1404 896
1404 1
1404 757
1404 1101
1405 628
1406 1
1407 1
1407 1343
1408 1
1409 1
1409 90
1410 2
1410 718
1410 982
1411 2
1412 2
1412 381
1412 718
1412 717
1413 248
1413 658
1414 2
1415 3
1416 3
1417 3
1418 464
1418 501
1418 356
1418 621
1418 5
1419 184
1419 690
1419 717
1419 77
1419 5
1420 8
1420 5
1421 6
1422 8
1422 841
1422 139
1422 782
1422 183
1422 59
1423 8
1423 183
1424 8
1424 784
1424 127
1424 943
1425 8
1425 77
1426 717
1426 462
1427 8
1427 77
1428 8
1428 283
1428 462
1429 8
1429 77
1431 488
1432 680
1432 11
1432 100
1432 733
1433 402
1433 11
1433 410
1434 11
1434 267
1435 233
1435 12
1435 1113
1436 569
1436 330
1436 13
1437 128
1437 49
1437 170
1437 13
1437 31
1438 412
1438 13
1438 603
1438 540
1438 158
1438 511
1439 130
1439 422
1439 298
1439 13
1439 112
1439 759
1439 170
1440 13
1441 13
1442 170
1442 163
1442 13
1442 422
1443 920
1443 13
1444 13
1444 734
1445 13
1445 182
1446 170
1446 251
1446 422
1447 13
1448 13
1448 470
1448 869
1449 13
1450 156
1450 13
1451 112
1451 130
1451 13
1452 128
1452 336
1453 298
1454 163
1454 356
1454 13
1455 298
1455 13
1455 214
1456 112
1456 170
1456 13
1457 281
1457 154
1457 163
1457 1179
1457 277
1458 13
1459 816
1459 13
1459 791
1460 170
1460 156
1460 13
1461 412
1461 13
1462 202
1462 13
1463 304
1463 13
1463 279
1464 146
1464 13
1464 110
1465 536
1465 608
1465 498
1466 273
1466 13
1466 142
1467 13
1468 13
1468 663
1469 13
1470 13
1471 156
1472 13
1472 158
1473 13
1474 457
1474 13
1474 877
1475 34
1475 156
1475 13
1475 806
1476 13
1477 567
1478 13
1479 170
1479 13
1479 112
1479 49
1479 87
1479 31
1480 13
1481 13
1482 13
1483 112
1483 170
1483 13
1484 170
1484 13
1485 32
1485 13
1486 144
1486 196
1487 112
1487 170
1487 52
1487 13
1487 30
1488 13
1489 416
1489 277
1489 389
1489 30
1489 13
1490 143
1491 624
1491 13
1492 13
1493 154
1493 13
1493 182
1493 662
1494 389
1494 209
1494 170
1494 330
1494 13
1495 130
1495 163
1495 43
1495 13
1495 759
1495 632
1495 156
1496 16
1496 905
1497 16
1498 16
1498 81
1498 38
1498 1238
1499 413
1500 584
1500 18
1500 575
1500 420
1500 775
1501 20
1502 20
1503 146
1503 636
1503 21
1503 110
1503 79
1504 21
1504 533
1505 21
1506 21
1506 1318
1507 23
1508 24
1509 26
1509 1132
1510 27
1511 27
1511 103
1513 231
1513 170
1513 460
1513 45
1513 112
1513 30
1514 30
1514 214
1514 390
1515 170
1515 30
1515 231
1516 112
1516 970
1516 30
1517 112
1517 170
1517 30
1518 112
1518 30
1519 170
1519 30
1519 390
1520 112
1520 31
1520 30
1520 231
1521 30
1521 231
1522 32
1522 34
1522 389
1522 745
1522 277
1522 603
1522 30
1522 511
1523 30
1523 163
1523 142
1523 302
1524 30
1525 112
1525 395
1525 30
1526 112
1526 144
1526 170
1526 30
1527 291
1527 30
1528 30
1528 1190
1529 170
1529 30
1530 30
1531 170
1531 251
1531 30
1532 170
1532 30
1533 30
1534 161
1534 170
1534 213
1534 30
1535 668
1535 30
1535 214
1535 390
1536 970
1536 30
1537 30
1538 112
1538 30
1538 422
1539 30
1540 49
1540 75
1540 115
1540 390
1541 89
1541 30
1543 112
1543 170
1544 112
1544 540
1544 237
1544 31
1545 1073
1545 31
1546 112
1547 1049
1547 31
1548 112
1548 31
1549 32
1549 224
1549 138
1549 593
1549 754
1549 277
1550 32
1550 330
1551 32
1552 32
1552 251
1552 165
1553 32
1554 40
1554 893
1554 303
1555 33
1556 76
1556 167
1557 34
1558 34
1559 34
1559 782
1560 323
1561 34
1562 34
1563 34
1564 34
1564 43
1564 390
1565 35
1565 615
1566 36
1567 36
1567 62
1568 36
1568 133
1569 36
1569 255
1569 548
1569 1269
1569 461
1570 170
1570 37
1571 720
1572 658
1572 893
1572 38
1573 251
1573 38
1574 57
1574 115
1574 373
1574 38
1575 48
1575 38
1575 151
1576 40
1576 328
1576 118
1577 40
1577 376
1578 626
1578 43
1578 821
1578 511
1579 43
1580 43
1581 640
1581 121
1581 149
1581 638
1581 169
1582 456
1582 73
1582 1104
1582 44
1583 130
1583 45
1583 471
1584 540
1584 47
1585 47
1585 1191
1586 47
1587 47
1588 47
1589 481
1589 47
1590 48
1590 548
1590 581
1590 862
1591 48
1591 267
1592 48
1592 968
1592 413
1593 49
1594 49
1594 291
1594 142
1594 987
1595 49
1596 49
1596 163
1597 49
1598 49
1598 385
1599 50
1600 51
1600 1140
1600 229
1601 745
1601 1129
1601 51
1601 675
1601 1193
1602 52
1604 52
1605 52
1606 52
1607 1009
1607 570
1607 1316
1608 198
1608 279
1609 803
1609 53
1610 170
1610 163
1610 156
1610 53
1611 53
1612 144
1612 422
1612 103
1612 720
1612 53
1612 471
1612 312
1613 619
1613 53
1614 53
1615 1291
1615 53
1616 53
1616 279
1617 53
1618 434
1618 291
1618 54
1618 390
1619 55
1619 279
1619 197
1619 110
1619 943
1620 57
1621 57
1621 540
1621 238
1622 57
1623 57
1623 81
1623 151
1624 59
1625 60
1626 60
1627 62
1628 128
1628 62
1629 352
1629 106
1629 85
1630 115
1630 62
1630 351
1631 65
1631 818
1632 65
1633 65
1634 67
1635 720
1635 67
1635 805
1635 869
1636 866
1636 69
1636 70
1637 121
1637 74
1637 466
1638 74
1639 657
1639 75
1641 75
1642 75
1644 76
1644 231
1645 800
1645 76
1645 1188
1646 76
1647 76
1648 305
1648 882
1648 339
1648 77
1649 380
1649 77
1650 77
1650 183
1651 347
1651 79
1652 257
1652 79
1653 258
1653 390
1653 79
1654 257
1654 79
1656 174
1657 80
1657 325
1657 190
1658 80
1658 123
1659 81
1659 458
1659 652
1659 334
1659 799
1660 1092
1661 81
1662 81
1662 893
1663 81
1663 481
1663 302
1663 934
1663 513
1664 81
1664 151
1665 481
1665 934
1666 784
1666 81
1666 547
1666 118
1667 81
1667 349
1668 82
1669 657
1669 82
1669 889
1670 82
1671 83
1672 865
1672 1062
1672 807
1672 999
1672 942
1672 84
1672 1063
1673 84
1674 85
1675 285
1675 220
1675 213
1675 86
1675 447
1676 86
1677 643
1677 361
1677 86
1677 393
1677 408
1677 412
1677 156
1677 607
1678 86
1679 86
1680 87
1681 87
1682 89
1682 268
1683 89
1683 251
1684 115
1684 89
1684 267
1684 268
1685 89
1686 89
1687 89
1688 89
1689 960
1689 89
1689 1099
1690 89
1691 89
1693 89
1694 89
1695 89
1696 89
1696 226
1697 89
1698 89
1699 89
1700 89
1700 226
1701 89
1701 603
1701 462
1701 566
1701 681
1702 89
1702 234
1702 339
1702 314
1702 501
1703 121
1703 90
1704 93
1704 279
1705 94
1705 415
1706 998
1706 296
1706 401
1706 340
1706 1050
1706 94
1707 99
1707 1203
1707 132
1707 411
1707 989
1708 100
1709 100
1710 680
1710 100
1711 100
1712 100
1713 100
1714 101
1715 102
1715 422
1715 1094
1716 627
1716 103
1717 103
1718 226
1718 378
1718 103
1719 103
1720 156
1720 103
1721 103
1722 112
1722 103
1723 103
1724 304
1724 448
1725 104
1725 185
1725 696
1725 540
1725 465
1726 106
1727 106
1728 107
1728 300
1728 782
1728 755
1729 352
1729 107
1730 969
1730 107
1730 139
1730 925
1730 755
1731 377
1731 108
1732 109
1733 1288
1733 298
1733 251
1733 109
1733 253
1734 226
1734 907
1734 110
1734 887
1735 163
1735 170
1735 141
1735 112
1735 149
1735 281
1735 650
1736 112
1736 170
1736 390
1736 470
1737 112
1737 170
1738 112
1739 112
1740 112
1740 491
1741 112
1742 112
1743 112
1744 112
1744 170
1745 112
1745 231
1746 112
1746 390
1747 112
1747 170
1747 540
1748 112
1748 201
1748 170
1748 390
1749 114
1750 1064
1750 113
1750 1015
1751 352
1751 291
1751 327
1751 114
1751 1043
1751 378
1751 797
1752 352
1752 114
1752 163
1753 114
1753 163
1753 562
1754 114
1754 621
1755 115
1756 251
1757 115
1758 115
1759 115
1760 1273
1760 115
1761 115
1762 450
1762 115
1762 187
1762 341
1763 115
1764 115
1765 226
1765 115
1766 120
1766 115
1767 925
1769 483
1769 628
1769 653
1769 118
1770 328
1770 916
1770 118
1771 260
1771 118
1772 118
1773 118
1774 363
1774 407
1774 118
1774 551
1775 384
1775 514
1775 578
1775 118
1775 279
1775 121
1776 121
1777 121
1777 1017
1778 1112
1778 121
1778 147
1779 121
1779 644
1779 542
1780 121
1781 121
1781 1199
1782 121
1783 121
1783 1212
1783 431
1784 462
1785 121
1785 147
1785 667
1785 749
1785 1141
1786 1313
1786 231
1787 121
1787 1258
1789 121
1789 562
1789 339
1789 694
1789 569
1790 122
1791 122
1791 404
1792 122
1793 123
1794 1297
1794 124
1794 1351
1795 128
1795 283
1796 130
1797 953
1797 130
1798 130
1799 130
1799 163
1800 130
1800 390
1800 231
1801 130
1801 237
1802 130
1803 130
1804 130
1805 130
1806 130
1807 130
1808 130
1808 1107
1809 593
1809 130
1810 130
1811 412
1812 130
1812 237
1812 389
1813 130
1814 1336
1814 130
1814 214
1815 130
1815 1295
1816 130
1817 130
1819 130
1820 130
1821 130
1822 130
1823 130
1824 130
1824 251
1825 130
1826 201
1826 130
1827 130
1829 1163
1829 133
1829 431
1830 133
1831 133
1832 137
1832 167
1833 481
1833 954
1834 137
1834 378
1834 291
1835 137
1835 954
1835 269
1836 137
1837 137
1838 138
1838 422
1838 447
1839 139
1839 158
1840 139
1841 251
1841 668
1841 141
1841 470
1842 1001
1842 142
1843 142
1844 142
1845 524
1845 142
1846 142
1847 142
1848 144
1850 144
1851 146
1851 867
1851 958
1852 721
1852 146
1852 606
1852 525
1852 1182
1853 1051
1853 148
1854 149
1855 149
1856 149
1857 149
1857 390
1858 197
1858 551
1858 683
1858 627
1858 149
1858 251
1858 509
1859 699
1859 238
1859 151
1860 152
1860 304
1860 199
1860 454
1860 327
1861 1169
1861 154
1861 930
1862 154
1862 220
1862 575
1863 156
1864 156
1865 156
1866 156
1867 157
1868 247
1868 1228
1868 157
1868 605
1869 395
1869 158
1870 160
1871 161
1871 465
1872 161
1873 163
1874 163
1875 163
1876 163
1876 877
1877 163
1878 554
1878 163
1879 481
1879 163
1880 665
1880 163
1880 981
1881 585
1881 163
1881 605
1882 163
1882 764
1882 693
1883 170
1883 163
1883 197
1883 1003
1884 163
1885 352
1885 729
1886 163
1888 218
1888 163
1888 333
1889 993
1890 163
1891 163
1892 163
1894 170
1894 163
1895 336
1895 163
1896 163
1898 675
1898 443
1898 166
1898 165
1899 596
1899 165
1900 1257
1900 796
1900 165
1900 1053
1901 289
1901 165
1901 1087
1902 264
1903 167
1904 168
1904 240
1904 909
1904 918
1904 919
1905 168
1905 812
1906 170
1907 170
1907 429
1907 831
1908 170
1909 170
1910 170
1911 170
1912 170
1913 170
1914 170
1915 170
1916 170
1917 170
1918 170
1919 170
1919 395
1920 569
1920 170
1920 390
1920 422
1923 170
1924 170
1925 170
1926 170
1926 422
1927 1369
1927 170
1927 422
1928 192
1928 170
1930 170
1931 170
1932 170
1932 357
1932 214
1932 390
1934 170
1934 412
1935 170
1937 1147
1937 709
1937 1278
1937 174
1938 175
1940 177
1940 1029
1941 181
1942 234
1942 501
1942 314
1942 310
1942 182
1943 505
1943 182
1944 386
1944 182
1945 182
1946 356
1946 333
1946 182
1947 182
1948 358
1948 183
1949 185
1949 226
1949 1161
1950 185
1951 185
1951 1161
1952 185
1953 185
1954 185
1954 298
1955 187
1955 717
1956 187
1957 1124
1958 1257
1959 1115
1959 190
1960 190
1960 918
1960 919
1961 190
1961 223
1962 190
1963 192
1964 196
1965 198
1967 200
1967 768
1968 200
1969 200
1971 201
1971 1308
1972 201
1973 201
1974 201
1975 202
1975 420
1976 202
1977 203
1978 203
1979 204
1980 859
1980 206
1981 360
1981 206
1982 206
1983 206
1984 208
1984 777
1985 210
1986 603
1986 211
1987 584
1987 211
1987 991
1988 618
1988 212
1988 894
1989 213
1989 470
1990 739
1990 214
1990 1167
1991 214
1992 214
1993 214
1994 865
1994 214
1995 214
1996 214
1998 214
1999 291
1999 214
1999 390
1999 407
2000 398
2000 215
2001 1153
2001 215
2002 784
2002 217
2002 220
2002 281
2003 218
2003 547
2004 219
2005 220
2006 784
2006 220
2007 220
2007 396
2007 460
2008 221
2008 302
2009 221
2010 222
2011 222
2012 223
2013 421
2013 223
2017 226
2018 226
2018 334
2019 1081
2019 226
2019 962
2020 226
2021 226
2022 226
2023 226
2024 226
2025 226
2026 226
2027 226
2028 226
2028 390
2029 226
2030 226
2032 229
2033 231
2035 231
2036 393
2036 277
2036 231
2037 291
2037 907
2037 389
2037 231
2038 697
2038 231
2039 231
2040 231
2041 390
2041 231
2042 231
2043 231
2044 231
2046 231
2047 231
2048 231
2049 231
2050 231
2051 231
2052 231
2053 492
2053 231
2054 233
2055 234
2055 882
2056 234
2056 891
2056 871
2057 236
2057 742
2058 237
2059 238
2060 1332
2060 238
2060 766
2061 239
2062 239
2063 240
2064 241
2065 592
2065 784
2065 242
2065 394
2066 1209
2066 242
2066 708
2066 679
2067 242
2068 244
2069 247
2070 248
2071 248
2071 476
2072 249
2073 505
2073 250
2073 1028
2073 794
2073 725
2074 250
2075 251
2076 251
2078 251
2078 983
2079 251
2080 251
2081 251
2082 291
2082 268
2082 1007
2082 787
2082 378
2082 251
2082 863
2083 930
2083 251
2086 989
2087 251
2088 251
2089 251
2089 439
2090 251
2091 251
2093 251
2094 251
2095 251
2096 251
2097 251
2098 1089
2098 251
2099 251
2100 251
2101 1067
2101 251
2102 251
2103 251
2103 1076
2104 251
2105 251
2106 251
2107 251
2108 251
2109 251
2110 251
2111 251
2111 615
2112 251
2113 251
2114 257
2114 251
2114 420
2115 251
2116 251
2116 517
2117 251
2118 251
2119 251
2120 251
2120 701
2121 251
2122 251
2122 540
2122 683
2124 253
2125 254
2126 255
2127 255
2128 255
2129 255
2129 742
2129 711
2130 434
2130 867
2130 589
2130 255
2131 255
2132 257
2132 526
2133 257
2134 260
2135 261
2135 262
2136 263
2136 855
2137 264
2137 864
2137 803
2138 266
2139 267
2140 267
2141 267
2141 268
2142 800
2142 267
2143 267
2144 267
2145 267
2146 312
2146 267
2146 422
2147 267
2148 694
2149 268
2150 268
2151 269
2152 1043
2152 269
2153 270
2154 272
2155 904
2155 457
2155 942
2155 335
2155 528
2155 273
2155 567
2155 377
2155 607
2156 273
2157 275
2159 275
2160 641
2160 978
2160 276
2160 655
2161 277
2162 298
2162 277
2163 978
2163 907
2163 277
2164 416
2164 277
2165 1160
2165 277
2166 277
2167 277
2168 505
2168 770
2168 574
2168 279
2169 279
2170 279
2171 602
2171 279
2172 312
2172 279
2173 280
2173 517
2174 280
2174 1206
2175 281
2175 1027
2176 282
2176 298
2176 378
2177 286
2178 484
2178 286
2179 286
2180 286
2181 288
2182 289
2183 290
2184 291
2185 378
2185 291
2186 291
2188 291
2188 863
2189 378
2189 291
2189 540
2190 295
2191 297
2192 593
2192 298
2192 389
2193 298
2194 1328
2194 298
2195 298
2196 300
2197 586
2197 300
2197 782
2198 300
2198 782
2199 302
2200 302
2201 303
2202 304
2202 440
2202 934
2202 927
2203 310
2203 1103
2204 313
2204 349
2205 313
2206 674
2207 314
2207 1114
2208 826
2208 315
2209 319
2210 323
2211 323
2211 443
2212 323
2213 323
2214 325
2214 447
2215 325
2216 1240
2216 329
2216 459
2217 329
2217 549
2218 332
2219 334
2220 577
2220 334
2221 334
2222 335
2224 336
2225 336
2225 455
2226 339
2227 339
2228 339
2229 339
2230 339
2231 803
2231 340
2232 962
2232 340
2233 341
2234 341
2235 341
2236 341
2237 341
2238 343
2239 344
2239 816
2239 837
2240 344
2241 347
2242 348
2243 348
2244 697
2244 351
2245 742
2245 351
2246 351
2247 351
2248 351
2249 351
2250 351
2251 352
2252 1080
2252 658
2253 674
2254 355
2255 357
2256 357
2257 357
2258 360
2259 361
2260 365
2261 370
2262 371
2262 876
2263 531
2263 373
2263 766
2264 373
2265 888
2265 404
2265 614
2266 375
2267 376
2268 378
2269 705
2269 378
2270 378
2271 378
2272 378
2272 451
2273 378
2275 379
2276 379
2277 381
2277 1030
2278 945
2278 381
2279 386
2279 1267
2280 388
2281 389
2282 389
2283 674
2283 390
2284 963
2284 964
2284 390
2285 390
2286 390
2287 824
2287 391
2288 824
2288 1218
2288 391
2288 540
2288 815
2289 391
2290 392
2291 392
2292 393
2293 394
2294 395
2295 395
2296 395
2297 395
2297 749
2297 1135
2298 395
2299 395
2300 395
2301 395
2302 395
2305 395
2306 536
2306 395
2307 395
2308 784
2308 396
2309 396
2311 403
2312 404
2313 404
2313 742
2314 404
2314 492
2315 404
2316 434
2316 405
2316 406
2317 434
2317 405
2317 406
2319 405
2320 408
2321 1153
2321 583
2322 408
2323 409
2323 450
2323 730
2323 966
2324 412
2326 412
2327 412
2328 412
2330 412
2331 412
2332 563
2332 413
2333 968
2333 563
2333 413
2334 968
2334 563
2334 413
2335 594
2335 415
2336 415
2338 419
2339 419
2340 420
2341 422
2341 1038
2342 1041
2342 422
2343 422
2344 422
2345 422
2345 766
2346 422
2347 423
2348 423
2348 575
2349 423
2350 560
2350 423
2351 425
2352 426
2353 427
2354 547
2354 613
2354 431
2355 433
2355 923
2356 1296
2356 435
2356 923
2357 584
2357 521
2357 434
2357 950
2357 969
2357 474
2358 437
2359 438
2360 438
2361 439
2362 439
2363 441
2364 444
2364 445
2365 606
2365 447
2366 448
2367 448
2367 1134
2368 448
2368 681
2368 603
2368 1095
2369 448
2369 1234
2369 1095
2370 448
2371 449
2371 533
2373 449
2373 606
2374 452
2374 727
2375 452
2377 455
2378 459
2379 459
2380 608
2380 498
2380 460
2381 608
2381 460
2382 462
2383 462
2384 462
2385 462
2386 462
2387 462
2388 465
2388 1044
2389 465
2391 536
2391 467
2392 470
2393 540
2393 1028
2394 470
2395 1165
2395 471
2396 752
2396 473
2397 478
2399 484
2400 547
2400 485
2401 486
2403 486
2404 489
2404 839
2405 489
2406 489
2407 489
2408 913
2408 491
2408 1084
2409 1161
2409 614
2410 492
2411 492
2412 493
2413 1024
2413 494
2414 496
2414 754
2415 498
2416 608
2416 498
2417 513
2417 498
2418 498
2420 498
2421 499
2421 947
2422 1003
2422 942
2422 500
2422 949
2422 791
2422 765
2423 501
2424 501
2425 503
2426 504
2427 505
2428 505
2429 992
2429 505
2430 505
2430 770
2431 505
2431 1141
2432 505
2433 505
2434 505
2435 513
2436 515
2437 516
2437 826
2437 892
2438 516
2439 517
2440 956
2440 518
2441 521
2442 521
2442 927
2442 980
2442 1215
2443 521
2443 845
2444 521
2444 596
2445 521
2446 524
2447 526
2448 526
2451 529
2452 535
2453 536
2454 536
2455 539
2456 540
2457 540
2458 540
2459 865
2459 540
2459 902
2460 540
2461 540
2462 540
2463 540
2463 702
2464 540
2465 540
2466 540
2467 540
2468 800
2468 540
2469 540
2470 540
2470 668
2472 540
2474 540
2475 540
2476 540
2477 540
2478 540
2481 540
2482 540
2483 542
2484 542
2485 544
2485 971
2486 545
2487 1048
2487 546
2488 860
2488 549
2489 1298
2489 550
2490 551
2490 602
2490 555
2490 743
2490 615
2491 553
2491 661
2491 1038
2492 555
2493 555
2494 556
2495 557
2496 561
2496 558
2497 559
2498 560
2499 756
2499 566
2500 568
2501 584
2501 575
2502 575
2503 584
2504 585
2504 1274
2504 1207
2505 585
2506 585
2508 585
2509 585
2510 1056
2510 585
2510 1314
2511 586
2511 676
2512 590
2513 593
2514 593
2515 594
2516 596
2516 1188
2517 596
2518 604
2518 598
2519 602
2520 610
2520 1220
2521 784
2521 614
2522 614
2523 615
2524 615
2525 615
2526 615
2527 619
2528 619
2529 619
2530 623
2530 863
2531 628
2531 1229
2531 990
2532 628
2535 631
2536 631
2537 631
2538 635
2539 639
2540 880
2540 645
2541 645
2542 645
2542 734
2543 647
2544 647
2545 650
2546 650
2547 653
2548 655
2549 1376
2549 655
2550 656
2552 657
2553 658
2554 843
2555 658
2556 832
2556 659
2556 1006
2556 671
2557 1012
2557 663
2558 666
2559 666
2560 672
2561 673
2562 673
2563 673
2564 673
2565 673
2566 673
2568 675
2569 676
2570 676
2571 676
2572 676
2573 681
2574 1168
2574 682
2574 1230
2575 694
2576 694
2577 695
2578 695
2579 695
2580 698
2581 721
2581 701
2582 1242
2582 1035
2582 701
2582 1189
2583 702
2584 704
2586 705
2586 746
2588 705
2590 705
2591 705
2592 707
2592 895
2593 713
2594 714
2595 716
2596 719
2597 721
2597 1011
2598 723
2599 724
2600 727
2601 727
2602 729
2603 729
2604 729
2604 1236
2605 733
2606 736
2607 736
2610 742
2611 742
2612 742
2613 742
2614 742
2615 742
2616 742
2617 742
2618 742
2619 742
2620 745
2621 1366
2622 750
2623 752
2624 752
2625 753
2625 754
2625 1315
2625 849
2626 754
2627 754
2628 754
2629 755
2630 759
2631 759
2632 1228
2633 762
2634 762
2635 762
2636 762
2637 763
2638 765
2639 766
2640 768
2641 768
2642 770
2643 771
2644 772
2645 774
2647 776
2647 991
2648 776
2649 776
2649 1392
2650 777
2651 777
2651 1229
2652 777
2652 811
2652 1301
2654 782
2655 784
2656 784
2657 785
2657 1189
2658 788
2659 789
2661 1058
2661 791
2662 791
2663 792
2664 1051
2664 1198
2665 796
2666 796
2667 797
2668 797
2669 800
2670 800
2671 800
2672 800
2673 800
2674 801
2675 1377
2675 802
2676 803
2677 805
2678 807
2679 809
2680 1297
2680 810
2681 810
2683 810
2683 1379
2685 814
2686 818
2687 819
2687 1311
2688 820
2689 821
2690 822
2691 822
2691 991
2692 823
2693 825
2694 826
2695 826
2696 827
2697 1002
2697 828
2699 830
2700 830
2701 830
2702 1142
2703 1049
2703 834
2704 1249
2704 837
2704 965
2705 838
2706 840
2707 841
2708 844
2709 846
2710 849
2711 852
2712 853
2713 855
2714 857
2714 1278
2715 1120
2715 922
2716 861
2717 861
2718 863
2719 865
2719 939
2720 865
2722 865
2723 865
2724 867
2725 868
2726 872
2727 874
2728 876
2729 876
2730 878
2731 879
2732 879
2733 881
2734 882
2734 1066
2735 884
2736 886
2737 888
2738 893
2739 895
2740 896
2742 1233
2742 903
2743 903
2744 993
2744 907
2745 911
2746 912
2747 918
2747 919
2748 918
2748 919
2749 918
2749 919
2750 920
2751 921
2753 927
2754 927
2755 929
2755 1292
2756 929
2757 930
2758 931
2758 973
2759 933
2762 938
2763 939
2763 940
2764 1353
2764 940
2765 942
2766 945
2767 946
2768 951
2769 951
2770 952
2771 955
2772 959
2773 960
2773 1099
2774 961
2776 963
2776 964
2777 964
2778 967
2779 972
2780 975
2781 976
2782 979
2783 980
2784 980
2785 980
2786 984
2787 984
2788 985
2789 988
2790 988
2790 1085
2790 1181
2791 992
2791 1034
2792 993
2793 1030
2794 995
2794 996
2795 997
2796 1126
2796 999
2797 1002
2798 1002
2799 1002
2801 1003
2802 1005
2804 1008
2805 1009
2806 1010
2806 1138
2807 1013
2808 1016
2809 1019
2810 1022
2811 1022
2812 1026
2813 1026
2814 1026
2815 1028
2816 1352
2817 1033
2818 1033
2819 1035
2820 1035
2821 1036
2822 1039
2823 1058
2824 1049
2825 1052
2826 1053
2827 1053
2828 1055
2829 1058
2830 1058
2831 1058
2832 1058
2833 1059
2834 1063
2835 1063
2836 1065
2837 1066
2837 1077
2838 1067
2839 1067
2840 1068
2841 1071
2842 1075
2843 1076
2844 1078
2845 1083
2846 1322
2846 1093
2847 1093
2848 1094
2849 1094
2850 1098
2851 1099
2852 1099
2853 1100
2854 1102
2855 1102
2856 1105
2857 1106
2858 1109
2859 1111
2860 1115
2861 1116
2862 1218
2862 1117
2863 1119
2864 1119
2865 1122
2866 1123
2867 1126
2868 1127
2869 1133
2870 1137
2871 1137
2872 1137
2873 1144
2874 1145
2875 1146
2876 1147
2877 1148
2878 1148
2879 1149
2880 1149
2882 1150
2883 1151
2884 1152
2885 1152
2886 1152
2887 1154
2888 1156
2889 1159
2890 1166
2891 1168
2891 1264
2892 1171
2893 1172
2894 1173
2895 1174
2896 1361
2896 1175
2897 1177
2898 1177
2898 1377
2899 1180
2900 1184
2901 1184
2902 1186
2903 1192
2904 1195
2905 1196
2906 1196
2907 1197
2908 1200
2909 1201
2910 1201
2911 1202
2913 1205
2914 1208
2915 1208
2916 1209
2917 1214
2918 1216
2919 1217
2921 1221
2922 1222
2923 1223
2924 1230
2925 1231
2927 1237
2928 1373
2929 1244
2931 1248
2933 1254
2934 1259
2935 1260
2936 1261
2937 1262
2938 1263
2939 1265
2940 1266
2941 1268
2942 1270
2943 1272
2944 1275
2945 1276
2946 1277
2947 1277
2948 1279
2949 1280
2950 1281
2951 1282
2952 1283
2953 1285
2954 1286
2955 1289
2956 1291
2957 1293
2958 1294
2959 1297
2961 1303
2962 1305
2963 1307
2964 1309
2965 1310
2967 1320
2968 1321
2969 1322
2971 1324
2972 1325
2973 1326
2974 1327
2975 1384
2975 1329
2976 1330
2977 1333
2978 1334
2979 1335
2980 1335
2981 1338
2982 1339
2983 1340
2984 1341
2985 1342
2986 1343
2987 1346
2988 1347
2989 1348
2991 1354
2993 1356
2994 1357
2995 1359
2996 1360
2997 1362
2998 1363
2999 1363
3000 1365
3001 1367
3002 1368
3003 1370
3004 1371
3005 1371
3006 1372
3007 1374
3008 1375
3009 1378
3010 1380
3011 1381
3012 1382
3013 1383
3014 1385
3015 1386
3016 1387
3017 1388
3018 1389
3019 1389
3020 1390
3021 1391
3022 1393
3023 1394
