1 1507
4 356
4 870
5 1463
6 205
9 749
19 380
28 1248
28 1607
30 461
36 879
38 328
44 1038
48 984
51 1284
53 55
54 183
56 1370
57 1452
65 1063
66 434
68 1458
72 1696
86 926
87 818
90 1113
97 308
104 1445
110 398
115 1217
115 1531
119 1479
130 1506
136 948
138 890
140 1782
146 1764
146 1790
148 1511
148 1415
150 326
151 688
156 678
157 1730
162 1115
163 213
164 1274
164 1493
175 1117
181 614
184 745
187 1159
191 1024
214 726
226 1831
232 815
236 256
239 1250
243 378
246 737
259 1043
260 1346
262 1690
264 636
269 1144
270 1279
271 579
278 487
295 754
296 984
301 1807
302 941
304 1161
314 1442
315 692
316 1830
319 1137
320 1204
320 804
322 761
331 1085
340 1556
341 744
344 423
347 1030
349 1570
352 1463
354 995
359 1803
367 698
367 1183
375 1648
378 1629
379 1258
389 769
396 1534
398 1546
399 1447
416 784
427 1265
430 1285
437 843
453 1199
461 1493
462 1320
470 1629
476 1306
478 1229
495 700
512 1358
527 748
539 890
539 966
558 897
582 1014
588 1202
593 1274
597 680
597 1081
618 1204
619 1048
637 1090
638 1013
642 1833
642 1155
643 1370
667 1044
670 1342
674 1238
676 1001
678 947
683 772
688 760
690 1708
691 733
697 961
697 1205
701 910
704 1823
705 1838
724 876
726 1661
743 1046
750 1044
761 1611
762 838
769 1314
772 1070
787 1474
788 1055
793 1647
798 825
804 893
806 945
813 1480
833 1793
841 1743
859 1778
863 1210
866 1521
877 1400
883 1033
895 1703
898 1127
908 1555
919 1319
929 1611
949 1081
961 1108
962 1502
963 993
975 1217
989 1216
1010 1687
1018 1659
1024 1483
1033 1420
1034 1639
1065 1470
1077 1148
1079 1707
1083 1821
1120 1293
1122 1543
1128 1790
1133 1645
1137 1212
1138 1421
1147 1725
1164 1430
1175 1739
1180 1376
1180 1225
1197 1327
1226 1334
1234 1604
1254 1519
1265 1328
1269 1802
1271 1290
1315 1833
1335 1627
1358 1591
1358 1383
1359 1473
1371 1765
1372 1660
1375 1815
1396 1421
1404 1502
1404 1791
1408 1458
1416 1740
1434 1619
1450 1698
1512 1645
1518 1750
1532 1693
1546 1560
1709 1804
