1 2
1 3
1 4
1 5
1 6
2 1
2 850
2 851
2 852
2 92
2 93
3 1
3 611
3 862
3 232
3 855
3 396
3 857
3 856
3 500
3 853
3 854
3 759
3 760
3 340
3 858
3 859
3 860
3 861
3 190
3 863
4 1
4 765
5 864
5 1
5 410
5 658
5 494
6 1
6 865
7 8
7 9
7 866
8 866
8 405
8 7
9 7
9 507
9 407
10 11
10 12
11 10
11 12
11 95
12 11
12 10
12 867
12 868
12 95
13 14
13 15
14 13
14 878
14 854
14 869
14 870
14 871
14 872
14 873
14 874
14 875
14 876
14 877
14 110
14 111
14 112
14 113
14 114
14 115
14 116
14 117
14 118
14 119
14 120
14 121
14 122
15 13
15 142
15 879
15 880
15 881
15 307
15 766
16 17
17 640
17 641
17 642
17 331
17 644
17 886
17 40
17 75
17 332
17 16
17 882
17 147
17 643
17 885
17 182
17 884
17 883
17 285
17 159
18 19
18 20
18 887
19 18
19 115
20 888
20 889
20 18
20 490
20 887
21 24
21 22
21 23
22 753
22 98
22 890
22 21
23 896
23 897
23 898
23 387
23 900
23 901
23 902
23 903
23 904
23 905
23 906
23 907
23 908
23 270
23 528
23 899
23 21
23 152
23 27
23 290
23 91
23 685
23 49
23 310
23 64
23 68
23 581
23 465
23 859
23 92
23 742
23 743
23 756
23 891
23 892
23 893
23 894
23 895
24 299
24 21
25 26
25 27
25 28
26 152
26 25
26 654
27 685
27 387
27 678
27 711
27 909
27 910
27 653
27 23
27 25
28 25
28 387
28 481
29 30
30 492
30 29
31 911
32 33
32 34
32 35
32 36
32 37
32 38
32 912
32 913
32 914
33 32
33 917
33 204
33 222
33 914
33 915
33 916
33 85
33 918
33 919
33 920
33 921
33 217
33 219
33 220
33 221
33 218
33 223
34 32
34 925
34 402
34 403
34 404
34 926
34 920
34 922
34 923
34 924
34 314
34 222
35 32
35 240
35 428
35 461
35 927
36 32
36 40
36 39
37 32
37 192
38 32
38 928
39 929
39 930
39 931
39 36
39 40
39 41
39 42
39 43
39 44
39 45
39 46
40 36
40 933
40 934
40 39
40 137
40 75
40 45
40 17
40 882
40 83
40 247
40 932
41 39
41 936
41 935
41 44
41 83
41 538
42 369
42 39
43 643
43 292
43 294
43 39
43 137
43 369
43 406
44 39
44 41
44 938
44 83
44 937
44 538
45 40
45 53
45 39
46 686
46 39
47 48
47 49
47 50
47 51
47 939
48 940
48 941
48 943
48 289
48 290
48 291
48 292
48 165
48 294
48 295
48 296
48 297
48 298
48 299
48 300
48 301
48 942
48 47
48 944
48 945
48 946
48 947
48 948
48 850
48 86
48 933
48 293
48 234
48 110
48 893
49 955
49 74
49 951
49 47
49 690
49 468
49 949
49 950
49 23
49 952
49 953
49 954
49 251
49 956
49 957
50 518
50 962
50 47
50 186
50 958
50 959
50 960
50 961
50 194
50 963
50 964
50 965
50 966
50 967
50 968
50 969
50 970
50 971
50 972
50 973
50 974
50 975
50 592
50 860
50 350
50 976
50 63
50 884
50 635
51 325
51 520
51 621
51 47
51 977
51 307
51 63
52 978
52 53
53 801
53 66
53 200
53 556
53 45
53 371
53 52
53 182
53 980
53 979
54 55
55 644
55 54
56 57
56 981
57 56
57 124
58 59
58 60
58 982
59 58
59 60
59 982
60 58
60 59
60 982
61 62
62 162
62 867
62 990
62 61
62 985
62 163
62 629
62 983
62 984
62 505
62 986
62 987
62 988
62 989
62 126
63 64
63 65
63 50
63 51
63 66
64 905
64 650
64 450
64 23
64 799
64 800
64 425
64 300
64 174
64 63
64 449
64 194
64 581
64 329
64 994
64 87
64 991
64 992
64 993
64 226
64 995
64 996
64 997
64 998
64 999
64 1000
64 1001
64 497
64 118
65 1008
65 293
65 63
65 72
65 73
65 1002
65 1003
65 76
65 1004
65 1006
65 1005
65 208
65 1009
65 334
65 942
65 662
65 120
65 730
65 1007
65 629
65 182
66 743
66 682
66 749
66 1010
66 1011
66 1012
66 53
66 634
66 63
67 68
67 1013
68 130
68 67
68 1015
68 258
68 259
68 1014
68 23
68 1016
68 891
69 1017
70 71
71 1018
71 1019
71 70
71 198
71 197
72 65
72 73
72 74
72 75
72 76
72 1020
72 1021
73 72
73 65
73 564
74 72
74 49
74 75
75 640
75 40
75 74
75 750
75 17
75 883
75 949
75 182
75 72
75 1022
76 72
76 65
76 546
77 1023
78 79
79 258
79 78
80 1024
81 82
81 83
81 84
81 85
81 86
81 87
82 424
82 81
82 83
82 423
83 423
83 40
83 41
83 44
83 81
83 82
83 86
84 81
84 423
84 1025
84 582
84 87
85 33
85 1026
85 81
85 423
86 48
86 81
86 83
86 424
86 423
87 64
87 81
87 84
87 582
87 423
88 89
88 1027
89 88
89 1027
90 91
91 551
91 369
91 307
91 23
91 248
91 90
92 896
92 2
92 23
93 1028
93 2
93 451
93 484
93 1029
94 96
94 97
94 98
94 99
94 100
94 101
94 102
94 103
94 104
94 105
94 95
95 104
95 425
95 426
95 11
95 12
95 314
95 94
96 561
96 100
96 94
97 100
97 94
97 103
98 22
98 100
98 94
98 1030
99 561
99 94
99 1031
100 1032
100 1033
100 1034
100 1035
100 1036
100 1037
100 1038
100 1039
100 1040
100 1041
100 1042
100 1043
100 1044
100 1045
100 425
100 561
100 179
100 94
100 96
100 97
100 98
100 101
100 103
100 104
100 105
100 359
100 528
101 100
101 104
101 553
101 561
101 1046
101 94
102 300
102 94
103 97
103 100
103 94
103 561
104 100
104 101
104 170
104 1035
104 561
104 94
104 95
105 561
105 100
105 94
106 1047
107 108
107 109
108 1048
108 107
108 141
108 142
109 1049
109 1050
109 107
110 48
110 1051
110 14
111 340
111 14
112 1052
112 14
113 14
113 622
113 1053
114 233
114 14
114 1054
114 1055
115 1056
115 1057
115 299
115 14
115 690
115 19
115 504
116 1058
116 14
117 545
117 291
117 14
118 64
118 1059
118 14
118 607
119 14
119 830
120 65
120 603
120 14
121 792
121 14
122 1059
122 14
123 1060
123 124
124 57
124 123
124 1061
125 1062
125 126
126 428
126 125
126 62
126 1063
127 128
128 932
128 359
128 1064
128 1065
128 1066
128 1067
128 1068
128 1069
128 1070
128 309
128 858
128 189
128 127
129 130
129 1014
130 129
130 68
130 1071
130 1072
130 1014
130 888
131 132
131 133
131 134
131 135
131 136
131 1073
132 131
132 133
132 134
132 135
132 136
132 1073
133 1073
133 131
133 132
133 134
133 135
134 131
134 132
134 133
134 135
134 136
134 1073
134 1074
135 131
135 132
135 133
135 134
135 136
135 1073
135 1075
136 131
136 132
136 134
136 135
136 174
136 368
137 40
137 138
137 43
138 643
138 292
138 325
138 294
138 137
138 1004
138 333
138 145
138 1076
138 1077
138 1078
138 1079
138 1080
138 549
139 140
140 386
140 387
140 388
140 389
140 390
140 391
140 139
140 1094
140 1077
140 1081
140 1082
140 1083
140 1084
140 1085
140 1086
140 1087
140 1088
140 1089
140 1090
140 1091
140 1092
140 1093
140 198
140 1095
140 1096
140 1097
140 1098
140 1099
140 1100
140 1101
140 1102
140 1103
140 1104
140 1105
140 1106
140 1107
140 212
140 1109
140 1110
140 1111
140 1112
140 1113
140 1114
140 1115
140 1116
140 1117
140 1118
140 1119
140 1120
140 1121
140 1122
140 1123
140 1124
140 1125
140 1126
140 1108
141 108
141 1127
142 1128
142 108
142 15
143 144
144 143
144 663
145 1129
145 138
146 147
146 148
147 17
147 146
147 1130
148 146
148 1131
149 1132
149 1133
149 150
149 151
149 152
149 153
149 154
150 149
150 670
151 273
151 298
151 276
151 149
152 451
152 567
152 654
152 274
152 149
152 23
152 26
153 149
153 333
154 149
154 1134
154 893
155 1135
156 1136
156 157
157 156
157 451
157 404
158 159
159 17
159 158
159 1137
160 161
161 160
161 705
161 706
161 1033
161 1138
161 1139
161 1140
161 1141
161 1142
161 413
162 163
162 983
162 1144
162 1143
162 984
162 62
163 162
163 62
163 502
164 165
165 48
165 1145
165 164
166 168
166 167
167 368
167 369
167 1146
167 166
167 351
168 715
168 166
169 170
169 1147
169 1148
170 104
170 169
170 514
170 515
170 513
171 172
172 171
172 1149
173 174
174 64
174 1152
174 1154
174 965
174 422
174 1153
174 136
174 330
174 173
174 272
174 858
174 1150
174 1151
175 176
175 1155
176 1156
176 175
177 1157
178 179
178 1158
179 699
179 100
179 1159
179 1037
179 178
179 187
180 181
180 182
181 180
181 182
182 65
182 75
182 1160
182 297
182 1162
182 331
182 17
182 180
182 53
182 1161
182 564
182 181
183 184
183 185
183 1163
183 1164
183 1165
184 560
184 183
184 559
185 183
185 199
186 50
186 187
187 964
187 668
187 1166
187 179
187 186
187 860
188 189
189 128
189 962
189 359
189 360
189 361
189 362
189 363
189 941
189 1167
189 1168
189 1169
189 1170
189 1171
189 1172
189 309
189 1174
189 1175
189 188
189 1173
190 192
190 3
190 191
191 596
191 190
192 1179
192 37
192 470
192 759
192 1176
192 1177
192 1178
192 571
192 1180
192 1181
192 190
193 960
193 194
193 940
193 1182
193 1183
194 64
194 193
194 1184
194 50
194 1074
194 477
195 196
196 1185
196 195
197 1018
197 71
197 198
197 199
198 1018
198 140
198 197
198 71
199 652
199 197
199 1186
199 1187
199 1188
199 1189
199 1190
199 1191
199 296
199 1193
199 1194
199 1195
199 568
199 185
199 450
199 325
199 473
199 608
199 485
199 998
199 999
199 880
199 1192
200 201
200 1196
200 53
201 200
201 422
201 1197
201 1198
201 421
202 203
203 202
203 323
203 1199
204 33
204 205
204 206
204 207
204 915
204 916
205 204
205 373
206 1200
206 578
206 619
206 204
206 941
206 1040
206 988
207 1201
207 204
208 65
208 209
209 208
209 995
209 1203
209 425
209 270
209 751
209 752
209 1202
209 403
209 1204
209 1205
209 905
210 1206
210 1207
211 1208
212 1209
212 140
212 213
212 214
212 215
213 410
213 411
213 212
213 1210
214 212
214 639
215 1210
215 212
216 1083
217 33
217 1211
217 1212
217 401
218 33
218 1213
219 33
219 401
220 33
220 482
220 518
221 33
221 1214
222 784
222 33
222 34
223 33
223 482
223 1215
224 225
225 224
225 1216
225 565
225 1217
226 64
226 227
227 226
227 268
227 1218
227 245
228 229
228 230
229 1219
229 228
229 1221
229 230
229 668
229 1220
229 860
230 228
230 229
230 1222
230 1223
230 1224
230 1225
230 1226
230 1227
230 1228
230 1229
230 1220
230 860
230 1221
231 232
232 464
232 3
232 231
232 349
232 351
233 114
233 234
234 48
234 233
234 1231
234 1230
234 1128
235 1232
236 1233
237 1234
237 238
238 1234
238 237
239 240
240 514
240 35
240 239
240 1235
240 1236
240 1237
240 1238
240 692
241 242
241 243
241 244
241 245
241 246
242 496
242 241
242 1239
242 1240
242 441
242 411
243 498
243 241
243 274
243 499
243 244
243 245
243 1241
243 500
243 1242
243 1243
243 1244
243 1245
243 501
244 576
244 427
244 499
244 528
244 241
244 243
244 500
244 245
244 575
244 501
245 384
245 1248
245 227
245 243
245 241
245 274
245 291
245 244
245 1242
245 1246
245 1247
246 241
246 274
246 499
246 1242
247 40
247 818
248 249
248 250
248 91
248 1249
249 248
249 1249
250 248
250 1249
251 49
251 252
251 253
251 254
251 255
252 392
252 393
252 1250
252 251
253 504
253 1251
253 299
253 949
253 251
254 1252
254 251
254 468
254 955
254 949
255 251
255 295
256 257
257 256
257 1254
257 1253
257 566
258 528
258 68
258 79
259 1015
259 68
259 551
260 1255
261 262
262 1256
262 261
263 264
264 1257
264 263
265 266
266 992
266 450
266 357
266 265
266 1258
266 1259
266 588
266 1261
266 622
266 1263
266 1264
266 1265
266 1266
266 1267
266 1268
266 1262
266 1270
266 1271
266 1260
266 475
266 1269
267 1272
268 1273
268 227
268 269
269 1273
269 268
270 209
270 271
270 272
270 273
270 274
270 23
271 270
271 592
271 595
271 662
271 1274
271 603
271 604
272 1276
272 554
272 588
272 174
272 270
272 1275
272 700
273 270
273 151
273 441
273 1277
273 1278
273 1279
274 270
274 243
274 245
274 246
274 152
274 1242
275 1280
275 276
276 730
276 275
276 1242
276 151
277 278
277 279
278 277
278 279
279 278
279 277
279 526
279 527
280 1281
281 282
282 281
282 1282
283 284
284 283
284 1283
284 1284
284 453
284 525
285 17
285 1286
285 1285
285 286
286 1288
286 715
286 285
286 1287
287 288
288 1289
288 1290
288 1291
288 604
288 287
289 48
289 312
290 48
290 448
290 1066
290 1292
290 23
291 48
291 545
291 117
291 245
292 546
292 547
292 548
292 325
292 294
292 138
292 43
292 333
292 1293
292 48
292 369
292 470
292 549
293 48
293 65
293 1074
293 368
293 369
294 547
294 292
294 325
294 138
294 43
294 333
294 1293
294 48
294 369
294 470
294 549
295 48
295 610
295 255
296 48
296 297
296 1294
296 199
297 48
297 296
297 667
297 685
297 182
298 48
298 529
298 151
298 1295
299 48
299 115
299 468
299 24
299 253
299 607
300 64
300 48
300 899
300 102
300 1296
300 1297
301 48
301 1298
302 303
303 513
303 1160
303 302
303 1299
303 1300
303 1301
303 1302
303 1303
303 569
303 570
304 305
305 304
305 1304
305 1305
305 1306
305 1307
305 349
305 1278
306 307
307 1074
307 686
307 15
307 306
307 51
307 91
308 309
309 128
309 1312
309 359
309 1313
309 189
309 1310
309 308
309 1150
309 856
309 1051
309 1308
309 1309
309 350
309 1311
310 1314
310 1315
310 1316
310 23
311 985
312 289
312 1317
313 314
314 34
314 1318
314 1319
314 1320
314 1321
314 1322
314 1323
314 1324
314 1076
314 313
314 95
315 1325
316 1326
317 318
318 1328
318 1211
318 317
318 1327
319 1329
320 1330
320 1331
321 322
322 321
322 1332
322 545
323 203
323 324
324 323
324 1333
324 1334
325 292
325 294
325 326
325 199
325 328
325 138
325 327
325 51
325 1335
325 1336
325 1337
325 1338
325 1339
326 1343
326 1340
326 1341
326 1342
326 325
327 1344
327 1345
327 325
328 432
328 482
328 325
329 64
329 330
330 400
330 329
330 490
330 1346
330 174
331 17
331 332
331 182
331 334
331 333
332 17
332 642
332 331
332 644
332 1347
333 292
333 294
333 138
333 331
333 428
333 548
333 818
333 979
333 1077
333 470
333 153
333 1348
334 65
334 331
334 1349
334 1078
334 979
335 336
335 337
335 338
335 1350
336 335
336 1351
337 338
337 1350
337 335
338 337
338 1350
338 335
339 1352
340 1353
340 3
340 111
341 894
341 342
342 341
342 349
343 1354
344 1355
345 1076
346 1356
346 1357
346 1358
346 1359
346 347
346 348
346 349
347 1360
347 346
348 1361
348 346
349 516
349 647
349 232
349 461
349 305
349 1362
349 1363
349 342
349 760
349 346
349 442
350 352
350 50
350 309
350 351
351 232
351 491
351 350
351 167
352 350
352 622
353 1364
353 1365
354 355
355 728
355 354
355 1366
355 1367
356 1368
357 266
357 358
358 1369
358 1370
358 1371
358 357
358 463
359 128
359 611
359 100
359 309
359 571
359 189
360 610
360 189
361 584
361 610
361 1372
361 189
362 1373
362 605
362 1374
362 189
363 588
363 189
363 1198
364 1376
364 1377
364 1375
365 366
366 1378
366 1379
366 1380
366 485
366 1382
366 1383
366 1260
366 365
366 567
366 568
366 1381
367 1384
367 1385
368 293
368 615
368 136
368 1386
368 1387
368 1388
368 1389
368 1390
368 167
369 91
369 292
369 293
369 294
369 167
369 42
369 43
369 524
369 1391
369 1392
369 1393
369 1394
369 1395
369 1396
369 470
369 407
369 408
369 1078
370 371
370 1397
370 1398
371 370
371 995
371 53
372 1400
372 1401
372 1402
372 373
372 1399
373 1404
373 205
373 372
373 1403
373 572
373 1405
373 638
374 1292
375 376
376 466
376 375
377 1406
378 379
379 378
379 618
380 381
380 1407
381 1408
381 380
382 383
383 1409
383 382
384 1410
384 245
385 1411
386 530
386 140
387 481
387 550
387 551
387 140
387 23
387 27
387 28
388 659
388 140
389 737
389 140
390 737
390 140
390 753
391 472
391 140
392 1305
392 1412
392 252
393 482
393 252
394 1413
395 396
395 1414
396 1416
396 3
396 395
396 1415
397 398
397 399
398 1417
398 397
399 553
399 397
400 401
400 330
401 449
401 450
401 647
401 1418
401 1419
401 1420
401 1421
401 1422
401 400
401 217
401 219
402 34
402 461
403 34
403 209
403 555
403 556
403 557
403 1423
403 1424
403 1425
403 1426
403 1427
403 404
403 1429
403 1428
403 922
404 34
404 403
404 757
404 1430
404 1431
404 1432
404 1433
404 1434
404 157
405 8
405 658
405 1435
406 408
406 43
406 407
407 9
407 643
407 1436
407 406
407 369
408 643
408 548
408 369
408 1138
408 406
408 1437
409 1438
410 213
410 683
410 5
410 1439
411 1440
411 1441
411 1442
411 1443
411 242
411 213
412 413
413 161
413 412
413 1444
413 1445
414 1446
415 416
415 417
416 415
416 868
416 502
416 1447
417 512
417 415
417 510
417 422
417 511
418 1448
419 1449
419 420
420 680
420 419
420 630
421 201
421 667
422 417
422 611
422 743
422 201
422 1450
422 428
422 174
423 582
423 1451
423 82
423 83
423 84
423 85
423 86
423 87
424 736
424 82
424 1452
424 86
424 758
425 64
425 100
425 1035
425 592
425 209
425 95
426 1453
426 95
427 244
427 428
428 514
428 35
428 422
428 427
428 333
428 1454
428 126
429 430
430 796
430 429
430 1455
431 432
431 1456
432 328
432 1457
432 1458
432 700
432 431
433 434
433 435
434 433
434 1259
435 433
435 1259
436 437
437 436
437 1459
437 1460
438 1461
439 1462
440 441
440 442
441 440
441 273
441 242
441 579
442 440
442 349
442 974
442 1463
443 868
444 445
445 1464
445 444
446 1465
447 1466
447 1467
448 290
448 1468
449 64
449 401
449 450
449 451
450 64
450 449
450 451
450 199
450 266
450 401
451 449
451 450
451 999
451 1002
451 491
451 93
451 1469
451 152
451 157
451 1470
451 799
452 1471
453 284
453 454
454 1472
454 1473
454 779
454 453
455 456
456 1474
456 1475
456 455
457 458
458 1476
458 1477
458 1478
458 457
458 604
458 511
459 1479
460 1480
461 514
461 35
461 1481
461 1482
461 1483
461 1228
461 402
461 1075
461 1484
461 349
462 1485
462 463
463 1369
463 358
463 462
464 232
464 465
464 1486
465 464
465 23
465 725
465 1487
466 376
466 1488
466 1490
466 1489
467 1491
467 468
468 682
468 299
468 467
468 49
468 1491
468 254
469 470
470 192
470 292
470 294
470 333
470 369
470 1492
470 469
470 1078
470 1493
471 472
471 1494
472 1495
472 391
472 471
473 474
473 475
473 199
474 1496
474 473
474 617
475 473
475 266
475 743
476 1497
477 1498
477 826
477 827
477 194
477 647
478 479
479 478
479 1499
479 1500
479 1501
479 1502
479 1503
480 481
480 482
481 480
481 1504
481 387
481 516
481 711
481 28
482 480
482 1505
482 1506
482 328
482 393
482 223
482 592
482 1432
482 506
482 987
482 220
482 831
483 484
484 1509
484 1507
484 1508
484 93
484 483
485 199
485 366
485 1510
485 1511
486 487
486 488
486 1513
486 1514
486 1515
486 1512
487 488
487 1516
487 532
487 486
488 486
488 678
488 487
488 1516
488 1517
488 532
489 1518
490 1520
490 497
490 330
490 20
490 1519
491 1521
491 1522
491 451
491 351
492 715
492 30
493 494
494 777
494 5
494 493
495 1523
496 497
496 242
497 64
497 496
497 490
497 1524
498 243
498 1525
499 576
499 246
499 1526
499 1527
499 243
499 244
499 630
499 631
500 3
500 244
500 1243
500 243
501 243
501 244
501 1245
501 575
502 416
502 163
502 1528
502 1529
502 1530
502 1531
503 504
503 1532
503 991
504 253
504 115
504 503
504 1533
504 1534
504 1535
505 506
505 62
506 1216
506 505
506 482
506 611
506 610
507 9
507 508
507 509
508 864
508 507
509 1536
509 1537
509 507
509 639
510 417
510 1538
511 417
511 458
511 737
512 417
512 1539
513 170
513 570
513 303
514 240
514 1540
514 581
514 170
514 428
514 461
514 592
514 669
514 1541
515 170
515 1363
515 1453
515 647
516 481
516 349
516 518
516 517
517 516
517 1542
518 220
518 50
518 1543
518 516
518 953
519 520
519 1544
520 519
520 51
520 759
521 1545
521 1546
522 523
523 1002
523 714
523 1547
523 522
524 369
524 1548
524 1078
525 284
525 526
526 525
526 1550
526 1551
526 279
526 527
526 1549
527 1549
527 526
527 1552
527 1553
527 1550
527 279
528 258
528 100
528 1295
528 529
528 1554
528 1555
528 244
528 23
529 528
529 298
529 610
529 1295
530 386
530 1556
531 1557
532 488
532 1516
532 487
533 1558
533 534
533 535
534 593
534 533
534 535
535 593
535 534
535 533
535 1558
536 537
537 536
537 706
538 41
538 44
538 1559
539 1560
540 1561
541 542
542 541
542 1263
543 1562
544 1563
545 322
545 291
545 1564
545 117
546 76
546 292
546 750
547 1565
547 292
547 294
547 1566
547 1567
548 408
548 1568
548 292
548 333
548 1569
549 673
549 138
549 292
549 294
550 1570
550 387
551 801
551 259
551 1572
551 998
551 1571
551 91
551 387
551 1211
552 1469
553 399
553 1573
553 1574
553 101
554 272
554 1575
555 1576
555 1577
555 1578
555 803
555 403
556 1488
556 403
556 53
557 1579
557 403
557 1519
558 1580
559 184
559 560
559 1581
560 184
560 1581
560 559
561 96
561 99
561 100
561 101
561 103
561 104
561 105
561 1036
561 621
562 563
563 562
563 678
564 73
564 182
564 1582
565 1216
565 225
566 824
566 257
566 1584
566 1583
567 152
567 653
567 366
568 1284
568 366
568 199
569 570
569 571
569 303
570 513
570 581
570 303
570 1585
570 1300
570 1079
570 569
571 192
571 569
571 1586
571 1587
571 359
572 373
572 574
572 573
573 572
573 574
574 572
574 1588
574 573
575 963
575 244
575 501
576 499
576 244
576 1583
577 578
578 577
578 206
578 1590
578 1589
579 441
579 580
579 1591
580 738
580 579
580 678
580 1592
580 1593
580 1594
581 64
581 514
581 1595
581 570
581 23
582 865
582 87
582 84
582 423
583 584
583 1596
584 361
584 1372
584 583
585 586
585 1597
585 1598
586 585
586 747
587 588
588 1600
588 363
588 266
588 587
588 272
588 1432
588 1599
589 590
590 1457
590 634
590 589
591 963
592 514
592 425
592 618
592 482
592 271
592 50
593 1601
593 534
593 535
594 1602
594 1583
594 595
594 596
594 597
594 598
595 594
595 603
595 1603
595 271
596 594
596 1604
596 191
597 594
597 1451
598 594
598 1605
599 600
599 1606
600 1608
600 599
600 1607
601 1609
602 1582
603 803
603 1605
603 1610
603 1611
603 1612
603 271
603 595
603 120
604 288
604 458
604 1613
604 271
605 362
605 606
606 605
606 1614
607 608
607 609
607 1287
607 299
607 1615
607 1616
607 1617
607 1010
607 118
608 818
608 199
608 607
609 607
609 830
609 663
610 295
610 360
610 361
610 529
610 1618
610 506
611 506
611 3
611 1619
611 422
611 359
612 1620
613 614
614 754
614 613
615 368
615 812
615 813
616 900
616 1621
617 760
617 474
618 592
618 379
618 653
618 1622
619 620
619 206
620 619
620 1623
621 1625
621 743
621 680
621 1624
621 561
621 51
621 663
621 664
621 665
622 352
622 113
622 266
622 1627
622 1626
623 1628
624 625
625 624
625 1629
626 627
626 628
627 626
627 1630
628 626
628 1630
628 1631
629 1632
629 65
629 62
630 499
630 420
630 1527
631 1633
631 1634
631 499
632 1635
633 1636
634 66
634 813
634 590
635 50
635 636
635 637
636 635
636 637
636 1637
637 635
637 636
637 1637
638 373
638 1638
638 1599
639 509
639 214
639 1639
640 17
640 642
640 75
641 1640
641 17
641 643
642 640
642 17
642 332
642 1641
643 641
643 644
643 138
643 43
643 17
643 407
643 408
643 1642
644 643
644 332
644 17
644 979
644 55
644 1436
645 1643
646 647
647 515
647 646
647 1644
647 349
647 401
647 477
648 649
648 650
648 1645
649 648
649 650
649 652
650 64
650 648
650 649
650 651
650 1645
650 1646
651 650
651 652
652 649
652 651
652 1646
652 199
653 618
653 27
653 654
653 567
654 152
654 26
654 653
654 1647
655 1648
655 1649
656 1650
657 658
658 864
658 5
658 657
658 1651
658 1652
658 405
658 1653
659 1656
659 803
659 388
659 1654
659 1655
660 1440
660 1657
660 1658
661 1659
662 65
662 271
662 833
663 609
663 621
663 144
663 1624
663 664
663 665
663 1215
664 1624
664 665
664 621
664 663
665 664
665 1624
665 621
665 663
666 667
667 297
667 666
667 421
667 1214
668 187
668 1660
668 229
669 514
669 1541
670 833
670 150
671 1661
672 673
673 672
673 549
673 1662
674 1472
674 1663
675 676
676 810
676 675
677 678
678 1664
678 1665
678 580
678 677
678 488
678 563
678 692
678 27
679 680
680 1666
680 420
680 621
680 679
681 1458
682 468
682 66
682 955
682 1668
682 1667
683 1669
683 1670
683 1671
683 1672
683 1673
683 410
684 685
685 297
685 1674
685 684
685 23
685 27
685 1340
686 307
686 1676
686 1677
686 46
686 1675
687 688
687 689
687 1678
688 689
688 687
689 688
689 1678
689 687
690 1680
690 49
690 115
690 1679
691 1681
692 240
692 1453
692 678
693 694
693 695
694 693
694 695
695 1682
695 693
695 694
696 697
696 1683
697 696
697 1684
698 1685
699 179
699 1686
700 272
700 432
700 1276
700 1349
700 759
701 702
702 1607
702 701
702 1605
703 704
704 703
704 1687
705 1688
705 161
706 1689
706 537
706 161
707 708
708 1690
708 707
708 1692
708 1691
709 710
710 709
710 1693
711 481
711 27
711 1694
712 713
713 712
713 1695
714 809
714 523
714 765
715 1696
715 1473
715 1698
715 1699
715 1700
715 1701
715 1702
715 1697
715 168
715 1705
715 1610
715 1703
715 492
715 1704
715 286
715 1707
715 1706
715 1694
716 1708
717 927
718 1709
719 1710
720 1711
721 1712
722 1652
723 1713
723 724
724 723
724 732
725 465
725 1714
726 1715
727 728
728 355
728 727
728 1623
729 1716
730 65
730 731
730 276
730 979
731 730
731 778
732 724
732 1717
733 736
733 734
733 735
734 1003
734 733
735 733
735 1718
736 424
736 733
736 773
737 511
737 389
737 390
737 1719
738 840
738 580
739 740
740 1720
740 739
741 1721
742 1156
742 23
743 1537
743 66
743 422
743 621
743 23
743 475
744 1722
745 1723
746 1724
747 586
747 1725
747 1726
748 1727
749 1728
749 1729
749 66
750 546
750 75
750 1667
751 209
751 762
751 1498
752 209
752 1730
753 802
753 756
753 22
753 390
754 1731
754 614
755 1736
755 1732
755 1733
755 1734
755 1735
756 753
756 1738
756 23
756 1737
757 404
757 758
758 424
758 1739
758 1740
758 1741
758 1742
758 1743
758 1744
758 1745
758 1746
758 1747
758 757
759 192
759 3
759 520
759 1748
759 1749
759 700
760 1696
760 3
760 617
760 1750
760 1751
760 349
761 1752
762 1498
762 751
763 1753
764 765
765 4
765 714
765 1755
765 764
765 1754
766 1756
766 15
767 1757
768 1622
769 1361
769 770
770 769
770 775
771 772
772 771
772 1758
773 736
773 1452
774 1186
775 770
775 1759
776 1760
777 1761
777 494
778 1762
778 731
778 1763
779 1764
779 454
780 1765
781 1766
782 1767
783 1768
783 906
784 1769
784 1770
784 222
785 1771
786 787
787 786
787 802
788 789
789 788
789 1772
790 792
790 793
790 791
791 792
791 793
791 790
792 121
792 1773
792 790
792 791
793 790
793 1774
793 791
794 1775
795 1776
796 1777
796 430
797 1778
798 799
799 64
799 451
799 798
799 1779
800 64
800 1780
801 551
801 1781
801 1782
801 53
802 1792
802 1793
802 753
802 787
802 1783
802 1784
802 1785
802 1786
802 1787
802 1788
802 1789
802 1790
802 1791
803 1794
803 1349
803 555
803 817
803 659
803 603
804 1795
805 1796
806 1797
807 1798
808 1799
809 714
809 810
810 676
810 1800
810 809
810 1802
810 1803
810 1801
811 1804
812 1805
812 615
813 634
813 1005
813 1806
813 615
814 816
814 815
815 814
815 1807
816 1808
816 814
817 1809
817 1611
817 803
818 608
818 1739
818 333
818 1810
818 1811
818 247
819 1812
820 1813
821 1814
822 1815
823 1816
824 1676
824 566
825 1817
826 1818
826 477
826 830
827 1819
827 1820
827 477
827 1821
828 1822
829 1824
829 1825
829 1823
830 609
830 826
830 1826
830 119
831 482
831 1827
832 1828
833 662
833 670
833 1829
834 1830
835 1832
835 1831
836 1833
837 1834
838 1835
839 1836
840 738
840 1837
840 1838
841 842
842 841
842 1839
843 1840
844 1841
845 1842
846 1843
847 1844
848 1845
849 1846
850 48
850 2
851 2
852 2
853 3
854 3
854 14
855 3
856 3
856 309
857 3
858 128
858 3
858 174
859 3
859 23
860 50
860 3
860 187
860 230
860 229
861 3
862 3
863 3
864 658
864 508
864 5
865 6
865 582
866 8
866 7
867 12
867 62
868 416
868 443
868 12
869 14
870 14
871 14
872 14
873 14
874 14
875 14
876 14
877 14
878 14
879 15
880 15
880 199
881 15
882 40
882 17
883 17
883 75
884 17
884 50
885 17
886 17
887 18
887 20
888 130
888 20
889 20
890 22
891 68
891 23
892 23
893 48
893 154
893 23
894 341
894 23
895 23
896 92
896 23
897 23
898 23
899 300
899 23
900 616
900 23
901 23
902 23
903 23
904 23
905 64
905 209
905 23
906 23
906 783
907 23
908 23
909 27
910 27
911 31
912 32
913 32
914 32
914 33
915 33
915 204
916 33
916 204
917 33
918 33
919 33
920 33
920 34
921 33
922 34
922 403
923 34
924 34
925 34
926 34
927 35
927 717
928 38
929 39
930 39
931 39
932 40
932 128
933 40
933 48
934 40
935 41
936 41
937 44
938 44
939 47
940 48
940 193
941 48
941 189
941 206
942 48
942 65
943 48
944 48
945 48
946 48
947 48
948 48
949 49
949 75
949 253
949 254
950 49
951 49
952 49
953 49
953 518
954 49
955 49
955 682
955 254
956 49
957 49
958 50
959 50
960 193
960 50
961 50
962 50
962 189
963 50
963 575
963 591
964 50
964 187
965 50
965 174
966 50
967 50
968 50
969 50
970 50
971 50
972 50
973 50
974 50
974 442
975 50
976 50
977 51
978 52
979 730
979 644
979 53
979 334
979 333
980 53
981 56
982 58
982 59
982 60
983 162
983 62
984 162
984 62
985 62
985 311
986 62
987 482
987 62
988 62
988 206
989 62
990 62
991 64
991 503
992 64
992 266
993 64
994 64
995 64
995 209
995 371
996 64
997 64
998 64
998 199
998 551
999 64
999 451
999 199
1000 64
1001 64
1002 65
1002 523
1002 451
1003 65
1003 734
1004 65
1004 138
1005 65
1005 813
1006 65
1007 65
1008 65
1009 65
1010 66
1010 607
1011 66
1012 66
1013 67
1014 129
1014 130
1014 68
1015 259
1015 68
1016 68
1017 69
1018 197
1018 198
1018 71
1019 71
1020 72
1021 72
1022 75
1023 77
1024 80
1025 84
1026 85
1027 88
1027 89
1028 93
1029 93
1030 98
1031 99
1032 100
1033 161
1033 100
1034 100
1035 104
1035 425
1035 100
1036 561
1036 100
1037 179
1037 100
1038 100
1039 100
1040 100
1040 206
1041 100
1042 100
1043 100
1044 100
1045 100
1046 101
1047 106
1048 108
1049 109
1050 109
1051 309
1051 110
1052 112
1053 113
1054 114
1055 114
1056 115
1057 115
1058 116
1059 122
1059 118
1060 123
1061 124
1062 125
1063 126
1064 128
1065 128
1066 128
1066 290
1067 128
1068 128
1069 128
1070 128
1071 130
1072 130
1073 131
1073 132
1073 133
1073 134
1073 135
1074 194
1074 307
1074 293
1074 134
1075 461
1075 135
1076 345
1076 138
1076 314
1077 138
1077 140
1077 333
1078 369
1078 138
1078 524
1078 334
1078 470
1079 138
1079 570
1080 138
1081 140
1082 140
1083 216
1083 140
1084 140
1085 140
1086 140
1087 140
1088 140
1089 140
1090 140
1091 140
1092 140
1093 140
1094 140
1095 140
1096 140
1097 140
1098 140
1099 140
1100 140
1101 140
1102 140
1103 140
1104 140
1105 140
1106 140
1107 140
1108 140
1109 140
1110 140
1111 140
1112 140
1113 140
1114 140
1115 140
1116 140
1117 140
1118 140
1119 140
1120 140
1121 140
1122 140
1123 140
1124 140
1125 140
1126 140
1127 141
1128 234
1128 142
1129 145
1130 147
1131 148
1132 149
1133 149
1134 154
1135 155
1136 156
1137 159
1138 408
1138 161
1139 161
1140 161
1141 161
1142 161
1143 162
1144 162
1145 165
1146 167
1147 169
1148 169
1149 172
1150 309
1150 174
1151 174
1152 174
1153 174
1154 174
1155 175
1156 176
1156 742
1157 177
1158 178
1159 179
1160 182
1160 303
1161 182
1162 182
1163 183
1164 183
1165 183
1166 187
1167 189
1168 189
1169 189
1170 189
1171 189
1172 189
1173 189
1174 189
1175 189
1176 192
1177 192
1178 192
1179 192
1180 192
1181 192
1182 193
1183 193
1184 194
1185 196
1186 774
1186 199
1187 199
1188 199
1189 199
1190 199
1191 199
1192 199
1193 199
1194 199
1195 199
1196 200
1197 201
1198 201
1198 363
1199 203
1200 206
1201 207
1202 209
1203 209
1204 209
1205 209
1206 210
1207 210
1208 211
1209 212
1210 213
1210 215
1211 217
1211 318
1211 551
1212 217
1213 218
1214 667
1214 221
1215 223
1215 663
1216 225
1216 506
1216 565
1217 225
1218 227
1219 229
1220 229
1220 230
1221 229
1221 230
1222 230
1223 230
1224 230
1225 230
1226 230
1227 230
1228 461
1228 230
1229 230
1230 234
1231 234
1232 235
1233 236
1234 237
1234 238
1235 240
1236 240
1237 240
1238 240
1239 242
1240 242
1241 243
1242 274
1242 243
1242 276
1242 245
1242 246
1243 243
1243 500
1244 243
1245 243
1245 501
1246 245
1247 245
1248 245
1249 248
1249 249
1249 250
1250 252
1251 253
1252 254
1253 257
1254 257
1255 260
1256 262
1257 264
1258 266
1259 266
1259 435
1259 434
1260 266
1260 366
1261 266
1262 266
1263 266
1263 542
1264 266
1265 266
1266 266
1267 266
1268 266
1269 266
1270 266
1271 266
1272 267
1273 268
1273 269
1274 271
1275 272
1276 272
1276 700
1277 273
1278 273
1278 305
1279 273
1280 275
1281 280
1282 282
1283 284
1284 568
1284 284
1285 285
1286 285
1287 286
1287 607
1288 286
1289 288
1290 288
1291 288
1292 290
1292 374
1293 292
1293 294
1294 296
1295 528
1295 529
1295 298
1296 300
1297 300
1298 301
1299 303
1300 570
1300 303
1301 303
1302 303
1303 303
1304 305
1305 392
1305 305
1306 305
1307 305
1308 309
1309 309
1310 309
1311 309
1312 309
1313 309
1314 310
1315 310
1316 310
1317 312
1318 314
1319 314
1320 314
1321 314
1322 314
1323 314
1324 314
1325 315
1326 316
1327 318
1328 318
1329 319
1330 320
1331 320
1332 322
1333 324
1334 324
1335 325
1336 325
1337 325
1338 325
1339 325
1340 685
1340 326
1341 326
1342 326
1343 326
1344 327
1345 327
1346 330
1347 332
1348 333
1349 803
1349 700
1349 334
1350 337
1350 338
1350 335
1351 336
1352 339
1353 340
1354 343
1355 344
1356 346
1357 346
1358 346
1359 346
1360 347
1361 769
1361 348
1362 349
1363 515
1363 349
1364 353
1365 353
1366 355
1367 355
1368 356
1369 358
1369 463
1370 358
1371 358
1372 584
1372 361
1373 362
1374 362
1375 364
1376 364
1377 364
1378 366
1379 366
1380 366
1381 366
1382 366
1383 366
1384 367
1385 367
1386 368
1387 368
1388 368
1389 368
1390 368
1391 369
1392 369
1393 369
1394 369
1395 369
1396 369
1397 370
1398 370
1399 372
1400 372
1401 372
1402 372
1403 373
1404 373
1405 373
1406 377
1407 380
1408 381
1409 383
1410 384
1411 385
1412 392
1413 394
1414 395
1415 396
1416 396
1417 398
1418 401
1419 401
1420 401
1421 401
1422 401
1423 403
1424 403
1425 403
1426 403
1427 403
1428 403
1429 403
1430 404
1431 404
1432 404
1432 482
1432 588
1433 404
1434 404
1435 405
1436 644
1436 407
1437 408
1438 409
1439 410
1440 411
1440 660
1441 411
1442 411
1443 411
1444 413
1445 413
1446 414
1447 416
1448 418
1449 419
1450 422
1451 597
1451 423
1452 424
1452 773
1453 426
1453 515
1453 692
1454 428
1455 430
1456 431
1457 432
1457 590
1458 432
1458 681
1459 437
1460 437
1461 438
1462 439
1463 442
1464 445
1465 446
1466 447
1467 447
1468 448
1469 552
1469 451
1470 451
1471 452
1472 674
1472 454
1473 715
1473 454
1474 456
1475 456
1476 458
1477 458
1478 458
1479 459
1480 460
1481 461
1482 461
1483 461
1484 461
1485 462
1486 464
1487 465
1488 466
1488 556
1489 466
1490 466
1491 467
1491 468
1492 470
1493 470
1494 471
1495 472
1496 474
1497 476
1498 762
1498 477
1498 751
1499 479
1500 479
1501 479
1502 479
1503 479
1504 481
1505 482
1506 482
1507 484
1508 484
1509 484
1510 485
1511 485
1512 486
1513 486
1514 486
1515 486
1516 488
1516 532
1516 487
1517 488
1518 489
1519 490
1519 557
1520 490
1521 491
1522 491
1523 495
1524 497
1525 498
1526 499
1527 499
1527 630
1528 502
1529 502
1530 502
1531 502
1532 503
1533 504
1534 504
1535 504
1536 509
1537 509
1537 743
1538 510
1539 512
1540 514
1541 514
1541 669
1542 517
1543 518
1544 519
1545 521
1546 521
1547 523
1548 524
1549 526
1549 527
1550 526
1550 527
1551 526
1552 527
1553 527
1554 528
1555 528
1556 530
1557 531
1558 533
1558 535
1559 538
1560 539
1561 540
1562 543
1563 544
1564 545
1565 547
1566 547
1567 547
1568 548
1569 548
1570 550
1571 551
1572 551
1573 553
1574 553
1575 554
1576 555
1577 555
1578 555
1579 557
1580 558
1581 560
1581 559
1582 602
1582 564
1583 576
1583 594
1583 566
1584 566
1585 570
1586 571
1587 571
1588 574
1589 578
1590 578
1591 579
1592 580
1593 580
1594 580
1595 581
1596 583
1597 585
1598 585
1599 588
1599 638
1600 588
1601 593
1602 594
1603 595
1604 596
1605 603
1605 598
1605 702
1606 599
1607 600
1607 702
1608 600
1609 601
1610 603
1610 715
1611 817
1611 603
1612 603
1613 604
1614 606
1615 607
1616 607
1617 607
1618 610
1619 611
1620 612
1621 616
1622 768
1622 618
1623 728
1623 620
1624 664
1624 665
1624 621
1624 663
1625 621
1626 622
1627 622
1628 623
1629 625
1630 627
1630 628
1631 628
1632 629
1633 631
1634 631
1635 632
1636 633
1637 636
1637 637
1638 638
1639 639
1640 641
1641 642
1642 643
1643 645
1644 647
1645 648
1645 650
1646 650
1646 652
1647 654
1648 655
1649 655
1650 656
1651 658
1652 658
1652 722
1653 658
1654 659
1655 659
1656 659
1657 660
1658 660
1659 661
1660 668
1661 671
1662 673
1663 674
1664 678
1665 678
1666 680
1667 682
1667 750
1668 682
1669 683
1670 683
1671 683
1672 683
1673 683
1674 685
1675 686
1676 824
1676 686
1677 686
1678 689
1678 687
1679 690
1680 690
1681 691
1682 695
1683 696
1684 697
1685 698
1686 699
1687 704
1688 705
1689 706
1690 708
1691 708
1692 708
1693 710
1694 715
1694 711
1695 713
1696 760
1696 715
1697 715
1698 715
1699 715
1700 715
1701 715
1702 715
1703 715
1704 715
1705 715
1706 715
1707 715
1708 716
1709 718
1710 719
1711 720
1712 721
1713 723
1714 725
1715 726
1716 729
1717 732
1718 735
1719 737
1720 740
1721 741
1722 744
1723 745
1724 746
1725 747
1726 747
1727 748
1728 749
1729 749
1730 752
1731 754
1732 755
1733 755
1734 755
1735 755
1736 755
1737 756
1738 756
1739 818
1739 758
1740 758
1741 758
1742 758
1743 758
1744 758
1745 758
1746 758
1747 758
1748 759
1749 759
1750 760
1751 760
1752 761
1753 763
1754 765
1755 765
1756 766
1757 767
1758 772
1759 775
1760 776
1761 777
1762 778
1763 778
1764 779
1765 780
1766 781
1767 782
1768 783
1769 784
1770 784
1771 785
1772 789
1773 792
1774 793
1775 794
1776 795
1777 796
1778 797
1779 799
1780 800
1781 801
1782 801
1783 802
1784 802
1785 802
1786 802
1787 802
1788 802
1789 802
1790 802
1791 802
1792 802
1793 802
1794 803
1795 804
1796 805
1797 806
1798 807
1799 808
1800 810
1801 810
1802 810
1803 810
1804 811
1805 812
1806 813
1807 815
1808 816
1809 817
1810 818
1811 818
1812 819
1813 820
1814 821
1815 822
1816 823
1817 825
1818 826
1819 827
1820 827
1821 827
1822 828
1823 829
1824 829
1825 829
1826 830
1827 831
1828 832
1829 833
1830 834
1831 835
1832 835
1833 836
1834 837
1835 838
1836 839
1837 840
1838 840
1839 842
1840 843
1841 844
1842 845
1843 846
1844 847
1845 848
1846 849
