5 494
7 8
7 9
14 120
14 871
15 307
17 75
20 887
22 98
27 909
32 912
32 913
32 34
33 916
33 917
34 926
39 929
39 931
40 83
40 934
43 406
44 83
48 944
48 850
48 165
49 953
50 968
50 969
50 972
50 973
50 975
50 884
51 520
56 57
56 981
62 985
62 986
64 449
64 996
64 998
64 993
64 1001
64 497
65 72
65 730
66 1010
68 891
71 197
71 198
75 949
83 86
85 1026
91 307
93 451
94 102
95 314
100 1041
105 561
113 1053
114 1055
128 1069
130 1071
135 1075
138 325
138 1078
140 1088
140 1098
140 1104
140 1107
140 1082
140 1117
147 1130
150 670
151 273
157 451
157 404
161 705
170 515
173 174
179 699
186 187
187 1166
189 962
189 1174
197 198
199 1192
199 325
199 999
206 578
209 1205
210 1206
217 1211
224 225
230 1220
232 349
238 1234
240 514
241 244
245 291
251 254
253 949
257 566
270 271
272 700
273 1279
275 1280
276 1242
284 1284
284 525
290 448
290 1066
292 547
292 294
298 529
299 468
303 570
303 1303
305 1305
305 349
308 309
309 1051
310 1315
310 1316
314 1076
325 328
327 1345
329 330
330 400
330 1346
332 644
338 1350
343 1354
345 1076
353 1365
361 1372
362 1373
362 1374
366 1380
369 1395
373 572
373 638
377 1406
380 1407
385 1411
397 398
411 1440
411 1443
419 1449
438 1461
442 974
446 1465
450 451
457 458
463 1369
466 1490
481 516
485 1510
485 1511
486 1513
501 1245
507 509
527 1550
531 1557
533 535
535 593
536 537
539 1560
551 1571
557 1519
558 1580
562 563
564 1582
580 738
595 1603
599 1606
603 803
607 608
607 1615
616 900
631 1634
632 1635
643 644
648 1645
650 1645
650 1646
655 1649
659 1654
660 1440
660 1658
667 1214
678 1665
683 1672
686 1676
687 688
687 1678
691 1681
699 1686
706 1689
710 1693
714 765
715 1697
715 1699
719 1710
723 1713
740 1720
745 1723
749 1728
755 1736
758 1744
758 1743
780 1765
790 791
802 1787
803 817
811 1804
812 1805
818 1811
828 1822
831 1827
837 1834
