1 480
1 2400
1 1442
1 3142
1 2214
1 1447
1 3208
1 1386
1 3815
1 2893
1 3085
1 1971
1 150
1 2265
1 1754
1 1212
2 3029
3 3394
3 1381
3 2665
3 2186
3 907
3 1868
3 2323
3 629
3 3518
4 576
4 3104
4 2082
4 2939
4 1189
4 2280
4 2893
4 2862
4 3439
4 3185
4 1971
4 3795
4 3471
4 1052
4 3518
4 2815
5 3425
5 1637
5 81
5 4010
5 2447
5 2352
5 3729
5 3892
5 1563
5 3717
6 480
6 2081
6 164
6 3017
6 3596
6 1684
6 2681
7 2432
7 1281
7 3541
7 3832
7 1726
7 2783
8 3072
8 3843
8 961
8 3336
8 1417
8 1676
8 910
8 2449
8 2706
8 579
8 1812
8 534
8 3479
8 2584
8 921
8 3742
8 2848
8 1243
8 36
8 4011
8 3756
8 2093
8 3630
8 303
8 1945
8 2968
8 1971
8 1465
8 3771
8 2620
8 1983
8 3104
8 1731
8 324
8 838
8 1225
8 3786
8 3403
8 3276
8 2254
8 1871
8 3411
8 1492
8 4012
8 1372
8 1117
8 96
8 2533
8 1964
8 3438
8 1405
8 242
8 1011
8 204
8 2678
8 887
8 3833
8 3263
8 3709
8 3455
9 1157
9 2825
9 1547
9 3416
9 2067
9 2708
9 686
9 3997
9 3372
9 3885
9 2606
9 2225
9 3000
9 3531
9 1230
9 696
9 1362
9 595
9 725
9 342
9 2392
9 3630
9 2399
9 226
9 2150
9 1641
9 106
9 1899
9 1773
9 495
9 1904
9 2545
9 1395
9 3060
9 2681
9 1662
10 2913
10 2819
10 1325
10 4013
10 122
10 1310
11 161
11 884
12 2706
12 1726
12 4014
13 1403
13 1052
13 798
13 1870
13 4015
14 3528
14 4006
14 520
14 2505
14 715
14 2060
14 845
14 4016
14 3793
14 1298
14 1971
14 1982
14 3421
14 3596
14 1983
15 4017
15 997
16 266
16 2416
16 3060
16 3669
16 1561
16 3450
16 3514
16 330
16 30
16 1301
17 1152
17 3672
17 738
17 1963
17 3173
18 4018
19 1155
19 4019
19 336
19 1777
19 1618
19 3187
19 4020
19 1173
19 2070
19 1971
19 4021
20 2947
20 1869
20 3438
20 401
20 1523
20 372
21 966
21 3464
21 620
21 1868
21 4022
21 4023
21 4024
21 4025
21 2938
22 3353
22 4026
22 3499
23 3272
23 1039
23 2706
23 4027
23 3623
24 1856
24 3843
24 4028
24 1469
25 1666
25 1319
25 2154
25 1742
25 431
25 3185
25 3538
25 3255
25 1759
25 1145
25 59
25 4029
25 1086
25 1983
26 1313
26 3902
26 753
26 1938
26 1108
26 501
26 3702
26 2489
26 4030
26 2100
27 2567
27 2569
27 3596
27 526
27 3087
27 2067
27 2580
27 2584
27 3104
27 2082
27 2600
27 41
27 1714
27 2606
27 559
27 2613
27 1087
27 2624
27 583
27 3663
27 598
27 955
27 615
27 2154
27 107
27 120
27 1983
27 106
27 639
27 3201
27 2693
27 1671
27 138
27 1163
27 146
27 448
27 151
27 964
27 155
27 164
27 4038
27 1194
27 1195
27 2224
27 2226
27 2505
27 3771
27 189
27 3775
27 3783
27 202
27 3959
27 3280
27 2257
27 2264
27 1242
27 1245
27 1759
27 227
27 3300
27 3301
27 3793
27 2284
27 251
27 1798
27 3337
27 782
27 2839
27 795
27 2855
27 297
27 299
27 2880
27 2372
27 2890
27 845
27 2383
27 2389
27 1764
27 1882
27 1382
27 2920
27 3951
27 1395
27 3447
27 2426
27 3647
27 1921
27 391
27 2502
27 1933
27 2959
27 1424
27 3995
27 2544
27 667
27 1450
27 3143
27 1971
27 1460
27 443
27 3518
27 4031
27 4032
27 4033
27 4034
27 4035
27 4036
27 4037
27 1990
27 4039
27 4040
27 4041
27 4042
27 4043
27 2509
27 2893
27 3027
27 135
27 1502
27 3323
27 2020
27 2542
27 2543
27 3568
27 1009
27 2045
28 2256
28 3400
28 233
28 2667
28 1806
28 3344
28 3153
28 2076
28 797
28 2431
29 1673
29 3596
30 3450
30 1301
31 768
31 3718
31 2569
31 2447
31 1552
31 2833
31 1298
31 1811
31 1774
31 2905
31 1052
31 3108
31 3590
31 860
31 300
31 2404
31 307
31 3974
31 567
31 3002
31 1759
31 1469
31 1983
31 324
31 458
31 4044
31 1999
31 2129
31 3428
31 92
31 2142
31 3679
31 3424
31 1507
31 3172
31 2961
31 1641
31 2154
31 3051
31 3436
31 3821
31 3438
31 1391
31 2067
31 217
31 3323
31 1660
31 2173
32 576
32 1408
32 2083
32 2617
32 2566
32 2730
32 3468
32 4045
32 528
32 1272
32 595
32 3395
32 2868
32 2198
32 1271
32 3832
32 2681
32 3875
33 1956
33 3462
33 970
33 845
33 2126
33 465
33 1948
33 1469
33 3647
34 3873
34 647
34 585
34 1642
34 2765
34 4046
34 2447
34 533
34 3832
34 4047
35 2048
35 1379
35 390
35 753
35 2218
35 2447
35 4016
35 3761
35 4023
35 1624
35 2074
35 1790
36 1712
36 1954
36 2151
36 1676
36 3276
36 2882
36 2864
36 534
36 1945
36 1213
36 3742
37 1518
38 733
39 1580
39 1780
39 390
39 3511
40 258
40 3208
40 2059
40 2946
40 3600
40 1938
40 2170
40 2265
40 3740
40 1312
40 1072
40 3746
40 3875
40 3244
40 3885
40 1712
40 3250
40 1971
40 438
40 2745
40 3771
40 2242
40 3254
40 2376
40 2892
40 3020
40 590
40 592
40 3028
40 857
40 1274
40 3423
40 736
40 3280
40 4048
40 2663
40 1513
40 1780
40 345
40 1272
40 1785
40 2938
40 1533
40 3454
40 2864
41 955
41 964
41 2661
41 3398
41 810
41 3223
41 3596
41 2447
41 4049
41 2100
41 2581
41 3543
41 185
41 1724
41 62
41 1983
42 215
42 2509
42 3031
43 3051
43 2245
43 1707
43 1548
43 2416
43 1555
43 2102
43 696
43 3518
44 4050
45 3971
45 1244
45 1971
45 1005
46 382
46 1040
46 802
46 1256
46 957
46 2954
46 1634
46 1070
46 2767
46 2160
46 4051
46 2164
46 846
46 1626
46 1939
46 1085
46 1630
47 2816
47 2693
47 2182
47 2186
47 3985
47 3353
47 540
47 1057
47 297
47 2348
47 1971
47 437
47 440
47 2678
47 2509
47 977
47 1236
47 4053
47 4054
47 4055
47 4056
47 4057
47 4058
47 3420
47 3936
47 2023
47 2025
47 746
47 1131
47 3180
47 1780
47 630
47 248
47 4052
47 509
48 3776
48 2404
48 1641
48 2666
48 2511
48 884
48 1052
49 2057
49 533
49 1582
49 54
49 3651
49 2119
49 2120
49 1611
49 1612
49 2130
49 3157
49 603
49 3680
49 2663
49 1645
49 3182
49 124
49 644
49 278
49 647
49 2702
49 3215
49 2192
49 2329
49 669
49 2220
49 2227
49 1728
49 1730
49 3783
49 2760
49 204
49 2765
49 1749
49 3741
49 739
49 740
49 2282
49 754
49 3832
49 1785
49 1275
49 1281
49 2819
49 1805
49 3345
49 786
49 1302
49 2328
49 1305
49 1306
49 283
49 1310
49 3873
49 1830
49 297
49 2349
49 1841
49 820
49 3896
49 316
49 2102
49 1864
49 337
49 3922
49 852
49 356
49 2410
49 3953
49 3448
49 2426
49 2427
49 384
49 897
49 388
49 2447
49 1944
49 421
49 1446
49 1449
49 1607
49 1693
49 3505
49 1668
49 2491
49 1474
49 2436
49 4059
49 4060
49 482
49 3057
49 2548
49 2556
50 3556
50 776
50 3849
50 1067
50 3021
50 3793
50 3474
50 3838
50 575
51 3505
51 874
51 2485
51 1983
52 1640
52 3753
52 2347
52 2988
52 559
52 2673
52 403
52 3572
52 54
52 88
52 2748
52 1971
53 1385
53 215
53 796
53 2509
53 3031
54 427
54 518
54 3591
54 1546
54 3842
54 3086
54 2063
54 1040
54 1553
54 2068
54 1569
54 345
54 2072
54 2585
54 2074
54 1563
54 3612
54 1285
54 544
54 1057
54 3618
54 2566
54 553
54 3626
54 457
54 1068
54 1581
54 3123
54 2102
54 2103
54 3599
54 571
54 2108
54 3645
54 62
54 3651
54 580
54 2633
54 258
54 1611
54 1100
54 3149
54 2639
54 2128
54 184
54 2130
54 3156
54 598
54 87
54 356
54 3087
54 3498
54 3170
54 955
54 100
54 3686
54 615
54 2664
54 1641
54 106
54 107
54 1132
54 1649
54 3698
54 117
54 119
54 1149
54 2325
54 3712
54 704
54 2180
54 2326
54 647
54 3022
54 2697
54 2186
54 2188
54 1679
54 2584
54 2202
54 1691
54 2716
54 1693
54 2206
54 163
54 165
54 167
54 681
54 1000
54 2247
54 3758
54 687
54 688
54 3761
54 492
54 181
54 2743
54 696
54 3554
54 189
54 3263
54 1728
54 2241
54 2242
54 707
54 2593
54 2760
54 2249
54 202
54 3280
54 2765
54 1744
54 3793
54 722
54 757
54 212
54 725
54 1240
54 2265
54 730
54 3297
54 740
54 741
54 2790
54 232
54 4040
54 2282
54 1773
54 403
54 1775
54 1265
54 1269
54 297
54 3832
54 1785
54 763
54 3759
54 1278
54 768
54 1281
54 770
54 2309
54 1805
54 271
54 3180
54 3845
54 2837
54 3350
54 1306
54 1821
54 1822
54 287
54 2336
54 3873
54 3874
54 3875
54 294
54 1832
54 1826
54 2347
54 813
54 303
54 2352
54 309
54 1846
54 3551
54 3210
54 1342
54 1344
54 4064
54 3056
54 1347
54 1863
54 2700
54 1868
54 2893
54 1360
54 3409
54 2389
54 3423
54 3300
54 574
54 1639
54 3045
54 2400
54 865
54 1890
54 1380
54 1381
54 3430
54 1383
54 2922
54 1387
54 364
54 367
54 1905
54 3753
54 1395
54 3444
54 3646
54 3959
54 3448
54 3449
54 3962
54 3964
54 2026
54 2880
54 3465
54 2110
54 3099
54 1937
54 402
54 2451
54 2349
54 1431
54 1944
54 3140
54 3994
54 2622
54 3997
54 2462
54 416
54 1953
54 1442
54 2981
54 934
54 1959
54 3740
54 2474
54 1351
54 1964
54 3501
54 3441
54 1711
54 3567
54 2997
54 1353
54 4084
54 1466
54 3003
54 444
54 1532
54 3518
54 2293
54 2498
54 4035
54 2502
54 2470
54 968
54 3529
54 3530
54 3020
54 3783
54 2552
54 2334
54 3543
54 472
54 3546
54 2011
54 4061
54 4062
54 4063
54 2522
54 4065
54 4066
54 4067
54 4068
54 4069
54 4070
54 3835
54 4072
54 4073
54 4074
54 4075
54 4076
54 4077
54 4078
54 4079
54 4080
54 4081
54 4082
54 4083
54 2540
54 4085
54 4071
54 3290
54 1020
54 3273
54 2044
54 3581
54 2558
55 1035
55 3324
56 3216
56 1843
56 1919
57 3869
57 4086
58 4087
58 845
58 3086
58 1231
58 3795
58 247
58 1822
59 3538
59 1742
60 2298
60 1235
61 4088
62 4096
62 1547
62 3599
62 3606
62 2585
62 2586
62 2075
62 1564
62 2081
62 2082
62 2606
62 3130
62 576
62 70
62 3143
62 3145
62 1639
62 2126
62 1108
62 1125
62 2151
62 3689
62 2154
62 107
62 623
62 1648
62 3185
62 1652
62 106
62 1661
62 3201
62 2180
62 135
62 1163
62 1170
62 2198
62 163
62 1700
62 3612
62 2218
62 2219
62 686
62 2228
62 1719
62 3771
62 189
62 1726
62 3263
62 3783
62 3276
62 3106
62 2766
62 1744
62 3793
62 3794
62 217
62 1563
62 3300
62 233
62 754
62 2295
62 1790
62 1283
62 2825
62 3345
62 3350
62 2265
62 1306
62 3880
62 297
62 647
62 3372
62 1844
62 1854
62 1856
62 3914
62 845
62 2383
62 2905
62 2907
62 860
62 1082
62 2399
62 352
62 1379
62 356
62 1900
62 3951
62 3441
62 1403
62 382
62 3459
62 390
62 905
62 1931
62 910
62 2447
62 2961
62 403
62 3995
62 3999
62 1953
62 3491
62 3493
62 1964
62 430
62 1971
62 444
62 2494
62 1983
62 1996
62 2893
62 1529
62 2529
62 2025
62 2540
62 3053
62 495
62 1521
62 2546
62 4089
62 4090
62 4091
62 4092
62 4093
62 4094
62 4095
63 641
63 2566
63 1676
63 1677
63 399
63 3740
63 287
63 161
63 678
63 1961
63 816
63 829
63 2751
63 224
63 1731
63 3143
63 2254
63 2511
63 2447
63 605
63 2910
63 3167
63 480
63 2146
63 739
63 992
63 619
63 3183
63 2160
63 242
63 1907
63 3469
63 3322
64 2465
64 164
65 4097
66 4098
66 3109
66 3014
66 3692
66 3147
66 3244
66 110
66 2580
67 3480
67 3865
67 1378
67 603
67 1823
68 1824
68 641
68 226
68 2150
68 999
68 3183
68 905
68 1163
68 3885
68 3399
68 495
68 2225
68 402
68 1523
68 2708
68 2400
68 595
68 3740
68 3997
68 1662
68 2161
69 3399
70 3145
70 2151
70 910
70 2295
71 4099
72 4100
72 2694
72 1548
72 2905
72 1156
72 1829
72 3627
72 1971
72 1723
72 3783
72 3017
72 1870
72 1871
72 465
72 3667
72 740
72 1508
72 1758
72 3172
72 2001
72 1129
72 1902
72 370
73 164
73 1398
73 2219
73 845
73 559
73 3280
73 369
73 2253
73 2708
73 630
73 2295
73 4101
74 3267
74 2542
74 2622
74 687
75 427
75 772
75 517
75 4102
75 1415
75 4104
75 526
75 2447
75 3345
75 1945
75 3994
75 3740
75 797
75 1954
75 549
75 3880
75 2347
75 1327
75 3207
75 2493
75 3774
75 2239
75 2882
75 2119
75 2766
75 2383
75 3280
75 3157
75 4103
75 857
75 360
75 1213
75 3699
75 1780
75 3322
75 1275
75 2687
76 1441
76 1954
76 3172
76 3975
76 1641
76 825
76 3276
76 2882
76 2126
76 754
76 242
76 2295
76 921
76 2265
76 1948
76 3797
77 4016
78 1441
78 869
78 678
78 357
78 2164
78 3244
78 686
78 3087
78 2416
78 2392
78 690
78 1862
78 3726
78 695
78 3000
78 4089
78 3674
78 3514
78 890
78 3295
79 1443
80 2304
80 2691
80 644
80 3974
80 1927
80 307
80 1547
80 1036
80 3218
80 3075
80 2073
80 1561
80 3183
80 1052
80 1349
80 2864
80 4007
80 2844
80 2730
80 2439
80 2860
80 818
80 686
80 3632
80 3761
80 434
80 3507
80 948
80 2357
80 1334
80 2228
80 186
80 828
80 3389
80 1726
80 373
80 1662
80 2187
80 1707
80 1862
80 225
80 2760
80 3786
80 3531
80 1486
80 3603
80 852
80 1494
80 1017
80 2136
80 1625
80 3930
80 1712
80 1761
80 3325
80 894
80 3308
80 3346
80 829
80 2545
80 755
80 2540
80 1397
80 4089
80 3581
80 3228
81 3201
81 390
81 3425
81 4105
81 4010
81 3244
81 1637
81 2447
81 2352
81 3729
81 3476
81 3832
81 3892
81 1563
81 2876
81 2620
81 3717
82 1283
82 1547
82 782
82 107
82 2068
82 622
82 2075
82 3612
82 2719
82 1824
82 155
82 425
82 303
82 1971
82 3771
82 1086
82 1983
82 3104
82 3271
82 845
82 1742
82 2893
82 595
82 1749
82 87
82 2383
82 1116
82 1759
82 2662
82 1767
82 1639
82 2542
82 3823
82 3795
82 3241
82 3832
82 3220
82 251
82 2045
83 158
84 1020
84 2060
84 1829
85 1953
85 3201
85 584
85 583
85 2893
85 2862
85 1672
85 1971
85 1652
85 3438
85 1471
85 3771
85 3327
86 640
86 3563
86 3844
86 4106
86 3595
86 3212
86 1170
86 2582
86 164
86 2217
86 1210
86 3596
86 845
86 3280
86 216
86 474
86 1245
86 480
86 592
86 615
86 1771
86 1905
86 3319
86 1529
87 1025
87 925
87 906
87 1808
87 3350
87 3355
87 3997
87 2719
87 681
87 686
87 3759
87 3210
87 3531
87 3659
87 1612
87 1871
87 2897
87 2389
87 1878
87 2383
87 3566
87 1783
88 1790
88 770
88 1155
88 1413
88 1160
88 3978
88 4107
88 4108
88 2706
88 2068
88 2198
88 1881
88 2073
88 474
88 3696
88 3398
88 3493
88 2342
88 3880
88 681
88 810
88 299
88 429
88 4016
88 1971
88 1205
88 2231
88 722
88 4027
88 1598
88 1983
88 576
88 2497
88 195
88 2347
88 3399
88 3020
88 3530
88 2999
88 4044
88 2893
88 590
88 2767
88 3920
88 2513
88 1618
88 2388
88 2766
88 217
88 3674
88 2910
88 352
88 3681
88 2146
88 1379
88 3300
88 3301
88 2790
88 3432
88 3180
88 3821
88 1991
88 1780
88 373
88 2494
88 3753
88 345
88 2303
89 3104
89 3169
89 1298
89 1451
89 3596
89 4109
89 1870
89 2513
89 2226
89 3443
89 2706
89 2520
89 1726
90 2583
91 3971
91 3530
91 4110
91 2255
91 4016
91 3832
91 186
91 1790
92 3618
92 1381
92 3430
92 583
92 1641
92 247
92 845
92 3759
92 1044
92 2103
92 1052
92 1790
93 1530
93 3722
93 3356
93 1441
93 678
93 303
93 688
93 695
93 3514
93 1342
93 1862
93 2231
93 2767
93 1233
93 3674
93 890
93 869
93 226
93 357
93 1598
93 1914
93 3965
94 2624
94 3236
94 870
94 2154
94 780
94 845
94 1838
94 1905
94 310
94 1563
95 320
95 4004
95 965
95 583
95 2158
95 2322
95 1109
96 576
96 644
96 1739
96 961
96 3180
96 524
96 3726
96 399
96 2447
96 534
96 1176
96 921
96 3742
96 288
96 678
96 307
96 2100
96 1465
96 1467
96 1340
96 1213
96 3855
96 3104
96 1731
96 324
96 620
96 3783
96 1225
96 3403
96 207
96 2767
96 3536
96 3924
96 725
96 2392
96 217
96 3674
96 3419
96 356
96 1446
96 3820
96 3821
96 1907
96 1551
96 890
96 2556
97 504
97 2416
97 570
97 339
98 3832
98 1219
98 620
98 773
98 1523
99 2802
100 1443
100 647
100 1962
100 1379
100 4044
100 429
100 4111
100 3939
100 3060
100 3510
100 2743
100 3832
100 1469
100 3759
100 3581
101 1344
101 4016
101 1379
101 2948
101 2681
101 457
101 3596
101 1007
101 4112
101 3601
101 373
101 3641
101 1764
101 2202
101 879
101 3037
101 2767
102 884
102 1964
103 1136
103 1323
103 2661
103 391
103 299
103 369
103 845
103 3406
103 591
103 3280
103 1361
103 1905
103 916
103 3542
103 857
103 1081
103 2861
103 1085
103 3141
103 1983
104 492
104 1495
105 4113
106 3201
106 2819
106 134
106 1790
106 1547
106 142
106 3857
106 4114
106 3843
106 4014
106 2198
106 2137
106 795
106 158
106 3493
106 3753
106 1707
106 1964
106 2606
106 1967
106 1971
106 2740
106 954
106 3519
106 3959
106 1732
106 2885
106 3271
106 3145
106 3531
106 4044
106 845
106 2905
106 1744
106 2389
106 217
106 1626
106 3420
106 3130
106 3995
106 1403
106 870
106 3046
106 2919
106 639
106 2025
106 107
106 3821
106 3438
106 3185
106 114
106 3987
106 1214
106 2295
106 889
106 511
106 345
106 853
107 2053
107 2566
107 1543
107 4104
107 2063
107 4115
107 2580
107 4117
107 3606
107 4119
107 4120
107 4121
107 4122
107 4124
107 4125
107 4126
107 4127
107 3618
107 2603
107 2606
107 3130
107 1084
107 3645
107 1096
107 2639
107 3156
107 3159
107 3087
107 3676
107 3166
107 1634
107 615
107 2159
107 3185
107 626
107 3702
107 4116
107 1146
107 2683
107 636
107 3201
107 1155
107 4118
107 1670
107 3220
107 2198
107 879
107 2586
107 674
107 163
107 164
107 681
107 3754
107 3758
107 690
107 2740
107 185
107 2746
107 3771
107 1482
107 1726
107 3782
107 3783
107 1738
107 2767
107 2768
107 722
107 222
107 1744
107 3823
107 1780
107 2293
107 3832
107 251
107 3838
107 3839
107 768
107 1281
107 3334
107 777
107 3344
107 2834
107 3350
107 1819
107 1822
107 287
107 3875
107 810
107 2347
107 3372
107 813
107 3377
107 3386
107 1344
107 1863
107 841
107 1868
107 845
107 1359
107 2389
107 345
107 2399
107 1563
107 865
107 1381
107 367
107 1905
107 403
107 2622
107 377
107 1403
107 3460
107 390
107 3099
107 3987
107 3479
107 3997
107 2462
107 427
107 940
107 429
107 4123
107 1971
107 952
107 956
107 3011
107 966
107 4040
107 3530
107 3536
107 1489
107 3039
107 480
107 2026
107 3753
107 3069
107 3583
108 2464
108 1957
108 1574
108 360
108 845
108 3096
108 147
108 2804
108 3544
108 2974
109 4128
110 4129
110 1411
110 3109
110 3624
110 3627
110 3692
110 3906
110 559
110 3507
110 787
110 2175
110 4098
110 2047
111 1281
111 898
111 1157
111 1381
111 1547
111 3598
111 399
111 656
111 3218
111 1347
111 2030
111 3350
111 155
111 517
111 2722
111 1443
111 1862
111 166
111 1959
111 1581
111 307
111 1076
111 2910
111 444
111 1726
111 1269
111 2627
111 356
111 1990
111 1228
111 460
111 4130
111 2767
111 1619
111 982
111 1240
111 2905
111 3674
111 2198
111 3238
111 1888
111 3428
111 2598
111 357
111 1513
111 3687
111 2542
111 2671
111 2032
111 3057
111 1522
111 3828
111 1397
111 2793
111 1599
111 2459
111 2430
112 2059
112 2364
112 1462
113 2605
113 526
113 3696
113 2964
113 1719
113 2106
113 3356
113 1598
114 2753
114 4131
114 4055
114 1174
114 3959
114 2585
114 1628
115 776
115 2617
115 490
115 3474
116 1668
116 644
116 868
116 3594
117 352
117 2691
117 3429
117 647
117 2248
117 3606
117 1967
117 1971
117 1790
118 1785
118 2706
119 1272
119 2368
119 390
119 647
119 3365
119 2697
119 1035
119 1294
119 2447
119 402
119 3395
119 345
119 3993
119 1563
119 412
119 1286
119 287
119 1824
119 2210
119 2139
119 4132
119 2566
119 4134
119 810
119 3883
119 2606
119 303
119 3761
119 1971
119 2740
119 2744
119 3514
119 3771
119 637
119 1085
119 1983
119 3264
119 2881
119 1347
119 3140
119 325
119 3143
119 1868
119 3020
119 590
119 2255
119 1232
119 2001
119 2130
119 212
119 3086
119 470
119 2681
119 2265
119 3546
119 3087
119 1274
119 3194
119 3166
119 4133
119 1888
119 2146
119 1529
119 2660
119 2663
119 2282
119 620
119 549
119 876
119 189
119 1904
119 753
119 1163
119 3832
119 3449
119 3322
119 1403
119 1962
119 1790
120 2198
120 3673
120 3623
120 1738
120 1547
120 845
120 686
120 3597
120 2160
120 2068
120 3542
120 311
120 4135
120 3674
120 1020
121 1312
121 1888
121 1890
121 3875
121 841
121 3330
121 2447
121 3761
121 3925
121 1375
122 2819
122 2055
122 522
122 524
122 409
122 3865
122 3994
122 1052
122 1310
122 3871
122 1696
122 549
122 1325
122 3503
122 1719
122 1721
122 3514
122 1088
122 1226
122 2635
122 603
122 1061
122 864
122 2913
122 1378
122 1508
122 741
122 1257
122 1514
122 1911
122 3320
122 2042
122 3707
123 1344
123 208
123 1387
123 845
123 809
123 3785
123 3659
123 365
123 3183
123 2288
123 303
123 2253
123 3316
123 4023
123 3510
123 2743
123 3759
123 1581
123 1662
123 2295
124 3416
124 4016
124 1698
124 2139
124 3140
124 966
124 390
124 3761
124 4104
124 2447
124 4048
124 3832
124 2074
124 2459
124 1212
124 1790
124 511
125 3832
125 3173
126 1347
126 1513
126 2730
126 1547
126 1964
126 3180
126 3828
126 1397
126 3350
126 4089
126 3039
127 3536
128 645
128 3974
128 2404
128 3980
128 3606
128 1052
128 4004
128 1829
128 4006
128 4007
128 3113
128 3885
128 1712
128 829
128 1214
128 3135
128 3265
128 1858
128 3908
128 2248
128 202
128 3150
128 3172
128 3804
128 3422
128 3684
128 3942
128 233
128 2666
128 2667
128 2544
128 884
128 3832
128 2751
128 2046
129 4136
130 2569
130 2447
130 3095
130 3480
130 1819
130 1822
130 287
130 3747
130 2600
130 3753
130 2861
130 2225
130 1971
130 3254
130 956
130 3020
130 1872
130 3172
130 1638
130 1724
130 4137
130 2681
130 3322
130 382
130 639
131 2226
132 860
133 2219
133 390
133 1563
133 810
133 3243
133 1454
133 3761
133 3510
133 3017
133 2509
133 3152
133 857
133 3041
133 356
133 874
133 2284
133 3440
133 1398
133 3832
133 3706
133 4138
133 1790
134 1888
134 2914
134 1507
134 1796
134 1829
134 1000
134 183
134 2540
134 2925
134 845
134 3632
134 2452
134 853
134 4023
134 2991
134 557
134 382
134 2474
135 4139
135 905
135 2572
135 1429
135 2198
135 3372
135 4120
135 3994
135 795
135 287
135 3104
135 164
135 3238
135 3753
135 2474
135 1707
135 4140
135 2606
135 2224
135 1971
135 2868
135 4023
135 956
135 1983
135 583
135 2248
135 2383
135 1744
135 3793
135 722
135 1529
135 3804
135 479
135 480
135 356
135 1020
135 365
135 2542
135 753
135 754
135 885
135 1398
135 3959
135 4089
135 3706
135 1403
135 3324
135 3069
135 2686
136 4102
136 1415
136 776
136 3595
136 2447
136 3438
136 3365
136 2858
136 2219
136 4141
136 4142
136 4143
136 4016
136 1332
136 4023
136 1850
136 3011
136 2505
136 845
136 853
136 217
136 783
136 480
136 1379
136 3300
136 3821
136 2158
136 629
136 1398
137 1155
137 2404
137 4104
137 4044
137 2447
137 1649
137 3832
137 2511
137 1660
137 1790
138 1125
138 146
138 139
138 2706
138 1711
138 2192
138 3538
138 3027
138 1460
138 857
138 2905
138 3507
138 3676
138 3549
138 382
138 1381
139 480
139 681
139 3759
139 955
139 3997
139 382
140 2553
140 2247
141 2392
141 4144
141 2706
141 2767
142 1945
142 187
142 3950
143 3584
143 2691
143 3974
143 3210
143 1036
143 2447
143 1555
143 2068
143 790
143 2969
143 1561
143 3228
143 1310
143 3233
143 1573
143 1244
143 3885
143 3759
143 816
143 4145
143 818
143 4147
143 4148
143 4149
143 948
143 3075
143 1349
143 457
143 3786
143 3531
143 1780
143 1494
143 2136
143 217
143 2267
143 860
143 1759
143 4146
143 1768
143 2793
143 1260
143 3821
143 1647
143 3316
143 3701
143 3832
143 4089
143 3060
143 894
144 2126
144 695
145 1888
145 339
145 3172
145 3461
145 1670
145 465
145 745
145 1738
145 3627
145 1964
145 2160
145 2577
145 3667
145 4150
145 3223
145 570
145 1052
145 1548
146 2240
146 4032
146 4089
146 1983
146 431
146 1931
146 2606
146 207
146 1553
146 1138
146 3507
146 2581
146 4151
146 2542
146 2265
146 3647
147 513
147 386
147 2179
147 772
147 1415
147 1674
147 3851
147 2060
147 1677
147 398
147 529
147 1170
147 2963
147 1054
147 1698
147 3624
147 4142
147 1779
147 1737
147 4152
147 4153
147 4154
147 2619
147 4156
147 4157
147 4158
147 4159
147 4160
147 4161
147 4162
147 3651
147 1607
147 2505
147 2999
147 845
147 1870
147 2893
147 3153
147 3155
147 3158
147 2905
147 2139
147 860
147 1245
147 2398
147 993
147 4155
147 1636
147 1381
147 2411
147 2706
147 2889
147 2671
147 1747
147 2186
147 2167
147 1529
147 3583
148 1872
148 1324
148 3692
149 1571
149 4163
150 3458
150 1379
150 4164
150 1386
150 2123
150 460
150 2893
150 2447
150 4016
150 3832
151 640
151 1219
151 4004
151 4165
151 710
151 2185
151 3767
151 2288
151 1523
151 3081
151 1046
151 3383
151 1144
151 2265
151 3098
151 1469
151 1726
152 678
152 3050
152 1995
152 695
152 2077
152 1076
152 3479
152 2649
152 3227
152 3101
152 542
153 472
153 3580
153 2542
153 2119
154 3482
154 1452
155 2818
155 2186
155 1677
155 783
155 1040
155 2383
155 2067
155 345
155 1176
155 3226
155 1563
155 3229
155 158
155 287
155 3104
155 1698
155 1829
155 3623
155 425
155 2218
155 1607
155 2290
155 3151
155 2868
155 2462
155 1719
155 1466
155 1467
155 3133
155 1598
155 2370
155 2149
155 4166
155 3783
155 3530
155 3020
155 3725
155 3281
155 399
155 3669
155 3542
155 2392
155 1881
155 3087
155 3514
155 479
155 1379
155 1381
155 1254
155 357
155 361
155 2045
155 3180
155 890
155 1905
155 3186
155 1862
155 3453
155 2938
155 810
155 3582
155 3823
156 4167
157 1868
157 1427
157 813
157 722
157 1971
157 373
157 2935
158 866
158 1732
158 966
158 3208
158 620
158 1245
158 1490
158 3669
158 2905
158 3417
158 954
158 1627
158 1971
158 511
159 3595
159 845
159 1415
160 2154
160 845
160 2542
160 2640
160 3185
160 1170
160 2935
160 1983
161 642
161 2691
161 1166
161 3218
161 1219
161 3097
161 1176
161 2073
161 3357
161 2864
161 219
161 1829
161 2346
161 1964
161 1837
161 4014
161 1712
161 1971
161 3125
161 1723
161 1726
161 1344
161 1089
161 3395
161 2885
161 4168
161 3657
161 202
161 3531
161 2765
161 3470
161 2138
161 2779
161 3805
161 3342
161 480
161 2148
161 3688
161 1003
161 2028
161 621
161 1528
161 2730
161 1662
161 3967
162 570
163 2923
163 3077
163 3777
163 2697
163 1546
163 3851
163 3086
163 3471
163 1040
163 790
163 2969
163 412
163 287
163 1712
163 3875
163 1868
163 1577
163 810
163 375
163 321
163 303
163 2864
163 3761
163 1971
163 3511
163 202
163 3210
163 320
163 1217
163 1220
163 3254
163 4169
163 4170
163 2891
163 3020
163 845
163 590
163 2383
163 3024
163 465
163 212
163 3927
163 3855
163 1245
163 1375
163 2272
163 3140
163 2893
163 620
163 3823
163 1649
163 3653
163 1919
163 553
163 3449
163 3967
163 3964
163 1962
163 247
164 520
164 2060
164 2068
164 3645
164 3612
164 463
164 3104
164 2082
164 2600
164 3126
164 1085
164 576
164 4171
164 4172
164 4173
164 4174
164 4175
164 4176
164 4177
164 2137
164 1125
164 2661
164 1640
164 617
164 3180
164 2671
164 3698
164 1982
164 2167
164 2170
164 636
164 644
164 3205
164 2694
164 1160
164 658
164 2708
164 2153
164 1692
164 676
164 1905
164 2219
164 1203
164 694
164 3771
164 189
164 2757
164 3787
164 3280
164 3793
164 2265
164 1243
164 3810
164 2793
164 2288
164 1267
164 2804
164 3320
164 1785
164 251
164 810
164 3842
164 3857
164 1668
164 1832
164 3882
164 3897
164 2383
164 3429
164 870
164 879
164 369
164 3959
164 2432
164 391
164 905
164 3982
164 3992
164 2973
164 2462
164 2464
164 2465
164 2471
164 2474
164 2479
164 442
164 2492
164 3518
164 3953
164 3017
164 3531
164 975
164 2516
164 3542
164 3036
164 3596
164 2025
164 499
165 1153
165 258
165 3715
165 2949
165 390
165 1793
165 1580
165 1035
165 524
165 2447
165 402
165 2964
165 3758
165 1822
165 1312
165 417
165 2210
165 3875
165 2220
165 1069
165 4014
165 3761
165 1854
165 2336
165 841
165 1868
165 2594
165 590
165 2128
165 4178
165 4179
165 3289
165 1379
165 2660
165 753
165 3832
165 4089
165 890
165 1790
166 480
166 1280
166 1347
166 965
166 1418
166 1387
166 3596
166 2765
166 3213
166 2582
166 2965
166 3510
166 2969
166 3702
166 3471
166 1469
166 3365
167 865
167 261
167 966
167 1351
167 713
167 620
167 845
167 2383
167 2447
167 2295
167 3099
168 299
168 391
168 1808
168 3740
168 3870
168 2209
168 3490
168 1703
168 3335
168 1971
168 3636
168 3765
168 442
168 845
168 3280
168 4180
168 4181
168 3542
168 360
168 617
168 365
168 2030
168 1640
168 2687
168 1905
169 1896
169 3304
169 1364
169 1998
169 3295
170 2853
170 2758
170 4182
170 4183
170 1790
170 2949
171 3971
171 3726
172 1294
172 2447
172 2459
172 287
172 417
172 3099
172 3237
172 678
172 1959
172 1581
172 3761
172 3514
172 578
172 3395
172 1868
172 590
172 722
172 725
172 3087
172 3557
172 867
172 357
172 1127
172 2152
172 2030
172 3448
172 890
172 1790
173 3748
173 1469
174 2160
174 2245
174 2919
174 620
174 1548
174 2383
174 2768
174 1971
174 1715
174 1397
174 3957
175 3832
175 1959
175 4044
175 4023
176 2552
176 2622
176 2982
176 2303
177 1803
177 924
177 3843
177 1548
177 4184
178 2529
178 357
178 3432
178 1641
178 3180
178 890
178 2767
178 688
178 3538
178 1971
178 1332
178 1598
178 3226
178 3674
178 764
178 3933
178 4062
178 3514
179 845
180 2880
180 2905
180 1247
180 1318
180 2767
181 480
181 1744
181 3172
181 583
181 1544
181 4073
181 1386
181 1834
181 2158
181 3376
181 3832
181 3510
181 3225
181 4184
181 4185
181 4186
181 4004
181 2141
182 358
182 2347
182 382
182 860
182 1822
182 1205
183 1647
183 1829
183 3318
183 2991
184 1281
184 1160
184 297
184 947
184 3797
184 1719
184 3832
184 3645
184 319
185 1413
185 390
185 4104
185 1355
185 620
185 876
185 2255
185 2542
185 3372
185 3832
185 2447
185 2459
185 1790
185 1580
186 1668
186 3974
186 1964
186 2187
186 4110
186 783
186 2707
186 1046
186 410
186 3419
186 4187
186 3113
186 2860
186 1331
186 2231
186 829
186 1342
186 2295
186 2255
186 3530
186 1739
186 4044
186 2253
186 2511
186 1618
186 3033
186 3674
186 2397
186 336
186 1379
186 2533
186 3767
186 2807
186 3832
187 3843
187 3364
187 2568
187 905
187 1869
187 2962
187 372
187 3438
187 3383
187 1945
187 2266
187 924
187 349
188 4030
189 4104
189 1547
189 2818
189 2063
189 2066
189 2067
189 2068
189 3099
189 603
189 551
189 553
189 2102
189 2622
189 583
189 1100
189 1625
189 3087
189 4188
189 4189
189 3171
189 2158
189 2159
189 2675
189 4116
189 1660
189 647
189 195
189 3220
189 2198
189 3225
189 1691
189 2220
189 3759
189 2740
189 706
189 1219
189 1220
189 3783
189 200
189 713
189 1739
189 3793
189 2265
189 1754
189 3804
189 1768
189 2282
189 1780
189 3832
189 3322
189 1790
189 1281
189 3842
189 3843
189 783
189 3346
189 278
189 1826
189 810
189 1347
189 857
189 2399
189 356
189 357
189 2406
189 372
189 373
189 1258
189 1920
189 2447
189 2963
189 1429
189 929
189 1447
189 438
189 955
189 4040
189 1482
189 480
189 1009
189 2547
189 2038
189 4089
189 2045
189 3583
190 3432
190 2745
190 310
190 3121
191 4016
191 2612
192 1641
193 1607
193 3624
193 845
193 3918
193 559
193 1245
193 1529
193 2075
193 2237
194 1954
194 3364
194 2878
195 3209
195 3210
195 2828
195 3860
195 217
195 1691
195 1052
195 674
195 1060
195 3684
195 1977
195 1095
195 845
195 857
195 3037
195 3296
195 2404
195 230
195 2793
195 2666
195 1771
195 3821
195 3823
195 3824
195 884
195 2154
196 1635
196 1604
196 3269
196 2887
196 2417
196 435
196 1941
196 2819
196 3385
196 1916
196 1310
197 3942
197 2359
198 2530
198 2544
198 241
198 1364
198 3669
198 280
199 2816
199 2017
199 955
199 549
199 2023
199 3337
199 2219
199 3020
199 2861
199 975
199 721
199 857
199 1871
199 2526
199 2239
200 480
200 2406
200 2218
200 3098
200 1971
200 3832
200 3130
200 2013
201 2624
201 2148
201 1829
201 1638
201 829
201 2001
201 1971
201 3832
201 698
201 1983
201 1245
201 2214
202 513
202 2068
202 857
202 2585
202 549
202 3623
202 3125
202 2399
202 2111
202 3651
202 3140
202 2120
202 2634
202 2123
202 2130
202 1636
202 4189
202 4190
202 4191
202 4192
202 3172
202 3173
202 3178
202 1660
202 647
202 2700
202 1170
202 1180
202 3771
202 1726
202 3263
202 3783
202 2767
202 1748
202 2265
202 743
202 233
202 2282
202 1780
202 2295
202 3832
202 3836
202 1790
202 1281
202 898
202 3345
202 3350
202 3364
202 3882
202 812
202 1840
202 2871
202 2884
202 1864
202 2893
202 2389
202 1881
202 863
202 2404
202 3430
202 1386
202 3436
202 1682
202 1905
202 2793
202 377
202 3964
202 3458
202 3995
202 1440
202 1443
202 4005
202 4007
202 1964
202 4014
202 4016
202 1971
202 438
202 4023
202 2491
202 3011
202 3745
202 1994
202 472
202 480
202 2540
202 3572
203 2803
203 2996
203 262
204 2217
204 3329
204 3458
204 517
204 2566
204 1415
204 4109
204 910
204 2447
204 1553
204 1938
204 1943
204 2969
204 1398
204 3874
204 1790
204 1961
204 2605
204 4016
204 1971
204 2358
204 4023
204 2106
204 1469
204 1726
204 3510
204 1990
204 1867
204 1100
204 845
204 3208
204 603
204 862
204 4193
204 1379
204 3172
204 2790
204 3430
204 2158
204 2547
204 3956
204 1982
204 4086
204 3113
204 3832
204 1660
204 2558
205 1312
205 3875
205 517
205 744
205 841
205 2026
205 2347
205 1868
205 4016
206 1281
206 644
206 278
206 3174
206 2282
206 1719
206 2253
206 3005
206 472
206 2130
206 286
206 438
206 2295
206 3832
206 2102
206 4060
206 2730
206 2558
206 2474
207 288
207 4194
207 395
207 549
207 3569
207 3944
207 3232
207 3627
207 620
207 2447
207 4016
207 336
207 1331
207 2707
207 2206
207 4104
207 3419
207 2558
208 513
208 1035
208 780
208 1940
208 1060
208 550
208 3244
208 3377
208 2485
208 1334
208 4023
208 1848
208 1983
208 3020
208 725
208 217
208 1119
208 3180
208 3821
208 3832
208 1790
209 3082
209 2447
209 4016
209 3544
209 1942
209 3832
209 1529
209 1437
209 1052
209 3997
209 639
210 620
210 3519
211 1987
212 1285
212 390
212 4104
212 2697
212 1546
212 3469
212 2447
212 1040
212 3099
212 412
212 2693
212 3618
212 2852
212 1832
212 553
212 810
212 1072
212 3761
212 3465
212 2744
212 3777
212 3140
212 3254
212 2633
212 590
212 592
212 722
212 1492
212 3546
212 1372
212 2400
212 2535
212 360
212 1641
212 876
212 3832
212 3449
212 3963
212 2459
212 1533
212 1790
212 3967
213 1640
213 1170
213 1516
214 480
214 3169
214 2339
214 3399
214 2248
214 1415
214 4044
214 845
214 559
214 1596
214 3808
214 1726
215 1385
215 2509
215 3031
215 796
216 1058
216 549
216 2215
216 1357
216 1871
216 337
216 1971
216 3127
216 3992
216 1881
216 444
217 520
217 1965
217 2580
217 3612
217 3617
217 2599
217 1577
217 2603
217 2606
217 1072
217 1076
217 2616
217 1595
217 2624
217 3650
217 3654
217 2126
217 591
217 2129
217 3170
217 4195
217 2660
217 2161
217 628
217 3702
217 379
217 2154
217 1668
217 1157
217 2694
217 1163
217 676
217 3185
217 3247
217 694
217 2744
217 3773
217 1233
217 1751
217 1240
217 1244
217 3811
217 740
217 743
217 2284
217 3823
217 243
217 3832
217 2810
217 2815
217 2827
217 2833
217 2837
217 790
217 3863
217 1819
217 804
217 2349
217 303
217 3208
217 3385
217 1850
217 2876
217 1854
217 2372
217 3398
217 1353
217 1362
217 2389
217 3927
217 2905
217 1375
217 352
217 1383
217 3437
217 367
217 2416
217 1397
217 3449
217 3963
217 2432
217 3971
217 1413
217 2440
217 2959
217 912
217 3987
217 1942
217 2969
217 3992
217 324
217 3482
217 429
217 947
217 3510
217 1469
217 2502
217 2505
217 4044
217 3549
217 480
217 3558
217 495
217 1527
217 3581
218 1563
