1 2969
3 3012
4 992
4 879
6 4588
7 3737
7 3700
7 3358
7 2095
9 2164
10 4619
10 2315
10 2484
10 2535
12 1568
12 4234
13 74
13 2479
14 4309
15 3685
16 5016
18 40
18 105
18 4778
18 2830
19 3522
20 1489
20 4172
21 3790
22 120
23 1296
24 630
25 1936
25 3625
25 2181
25 2790
26 3304
26 2410
26 2450
26 4613
27 3585
27 1196
27 1293
27 1494
28 1266
28 1623
29 4700
29 291
29 4243
30 3760
30 2673
30 2690
30 4618
32 4136
32 1226
32 3847
32 271
33 456
34 1460
34 420
35 936
36 3940
37 4960
37 4716
37 4262
39 3028
39 4639
39 2628
39 3151
40 5107
40 3054
42 1888
42 1546
42 4035
42 1580
42 774
43 1681
44 4940
44 2668
44 5113
45 656
45 2626
45 2939
45 4573
46 960
46 791
47 4968
48 3000
48 4395
48 771
50 2904
50 129
50 4748
50 4701
52 1058
52 3647
53 4161
53 2202
53 1031
54 4476
54 2278
55 4874
55 1428
55 2206
56 2181
56 1630
57 538
60 99
61 3074
61 4878
61 1119
62 2518
63 1690
63 4987
63 3159
65 4107
66 3441
66 4714
67 1968
67 3893
67 4533
68 3354
69 2021
70 3003
71 4204
72 3228
74 318
75 314
75 139
76 3216
76 4099
76 2903
77 274
77 3418
78 525
79 5023
80 2692
80 4911
83 4432
84 3113
85 2672
85 2361
85 3860
85 1661
86 2649
87 1865
88 4164
90 3488
91 1948
93 3803
94 4905
94 1357
95 3393
95 1061
97 1256
97 2313
97 4352
97 4889
98 1405
99 3536
99 4602
99 4495
100 1764
101 1768
101 3606
103 443
103 659
105 3953
107 2686
108 726
109 4201
110 1042
110 2266
110 3606
111 4736
111 455
112 3312
112 761
112 5154
112 587
113 4981
118 3658
118 4182
119 4698
121 4272
122 1027
123 1016
123 171
123 1955
124 1477
124 462
125 3954
125 1380
126 2229
127 4135
127 1469
127 1854
127 2687
128 4753
128 620
129 1825
130 2232
131 2147
131 3447
132 5085
133 4465
133 2298
134 355
135 4994
135 5154
136 1024
136 3417
136 1018
136 772
137 2856
137 447
142 4969
143 4610
143 3911
145 970
147 1144
147 3722
147 4765
147 3535
148 3026
148 1084
148 4293
148 486
150 5138
151 3144
151 1231
152 4834
154 3972
155 518
156 1608
156 4867
157 1205
157 4815
158 1194
158 4524
158 2863
159 2696
159 1548
160 4724
160 2047
161 828
161 4871
163 4288
165 3526
166 809
166 3503
167 4904
168 346
168 3045
168 3445
170 3512
170 226
170 4221
171 3019
171 1842
171 1062
172 1816
172 1260
172 2135
173 2433
174 4859
174 1510
175 2784
175 1773
175 487
176 5136
176 3957
177 5016
178 454
180 883
180 3356
180 3901
180 3766
181 513
181 493
181 3073
182 3078
183 3121
184 2089
184 3989
184 4357
186 1888
186 3198
187 859
187 1500
188 3632
189 1736
189 4233
189 4913
190 2767
191 2947
191 4756
194 3595
195 3760
195 3057
195 2588
196 2168
196 3930
197 2676
198 4882
198 4556
198 1997
198 3942
199 613
199 3661
200 2393
200 1413
201 4150
202 4146
202 995
203 1853
203 423
204 3600
204 3938
204 4638
206 1894
207 3751
208 3265
208 218
208 2450
209 334
210 2298
210 4502
211 1165
212 4049
213 4098
214 4932
214 5013
215 779
216 2991
217 3669
217 1894
218 1104
218 3721
219 4324
221 4132
223 816
224 852
224 4606
226 4509
227 1045
228 3838
228 3223
229 3721
229 3487
230 2206
231 1528
231 2496
231 4295
232 4558
233 1993
234 3923
235 1851
236 4137
236 2236
236 2053
238 3720
239 1519
239 628
239 735
240 649
240 3709
241 3490
241 2446
243 3320
243 2618
245 1985
246 4918
247 5032
248 2307
248 1345
248 1843
249 3981
249 1598
249 3511
250 3466
251 1072
252 2777
252 4755
252 3549
252 4158
253 1768
253 3705
254 1181
255 5144
255 2347
255 4771
255 4798
257 577
259 2008
259 1107
259 3260
259 1181
259 766
260 2824
260 2571
260 4973
261 3504
261 4931
261 2365
261 1054
262 4094
263 3054
264 529
264 3486
264 3321
265 1233
265 334
265 4937
267 446
267 1007
268 1600
269 3088
269 419
269 4694
270 1065
270 2724
270 1793
272 529
272 3562
272 2639
272 2215
273 3721
274 1105
274 3603
274 1193
275 4191
275 2079
276 5089
276 931
278 4467
278 4556
279 2101
279 2543
280 642
281 1882
281 2403
284 4740
285 3324
286 1549
288 2870
289 1938
289 3324
291 3494
292 4090
294 3344
295 2733
295 1933
295 2007
296 4475
297 1832
297 905
297 4133
298 2206
298 3799
299 876
299 4370
299 380
299 2070
299 1484
300 3738
300 4134
300 3439
301 3952
301 4615
302 1287
303 384
303 2261
304 2184
304 2081
304 2304
305 1195
305 5004
306 1484
307 4040
308 686
309 2153
310 3416
310 3603
310 686
311 3036
312 2664
313 2861
314 5032
314 3379
315 3742
315 4375
316 728
316 1387
316 4324
316 2390
318 3092
318 2262
318 702
319 4544
320 3939
321 3313
321 4029
322 1154
323 1000
323 4131
323 2939
324 1808
324 3870
326 1928
326 2135
327 3054
328 497
330 2409
330 3259
331 1722
331 2334
331 1375
332 2737
332 2852
332 4613
333 1636
335 3226
336 1576
336 1681
337 1396
338 428
339 4315
339 1980
341 4066
343 619
343 916
343 3183
344 1915
344 1964
344 959
346 4386
347 1859
347 651
349 1240
349 4165
349 3975
350 4364
350 1868
351 437
352 1889
352 3929
352 831
354 4908
358 4453
358 1262
359 2522
359 1907
361 1734
363 1608
363 4160
364 1075
365 5005
366 4433
366 850
367 3847
370 1059
370 2167
371 3509
371 4559
372 2296
373 2970
374 391
375 1881
377 4393
379 3097
379 4012
379 3069
380 785
380 4934
380 1606
381 2969
381 2483
382 3858
384 989
385 4880
385 449
385 394
385 4675
385 3778
386 1834
386 3147
386 3978
386 3675
386 5077
388 2616
388 2593
388 3424
390 3306
390 1382
391 1625
391 1162
391 4029
391 3255
392 2469
394 3439
395 4456
395 895
395 4763
395 447
396 3528
396 3534
397 2223
398 1659
399 4454
400 4368
400 4489
400 5115
402 3904
402 570
402 870
402 842
402 822
404 1910
404 3519
409 459
410 4250
410 1708
412 4016
413 4056
413 2535
418 751
420 875
420 4030
420 806
421 686
422 529
422 4861
423 2593
423 1524
423 4193
424 1681
426 4570
427 541
427 3669
428 1505
428 2484
429 4452
430 1080
430 1550
431 1892
431 1045
432 1316
434 4966
435 2468
436 2741
436 4005
438 3056
439 1098
440 884
441 2577
441 3453
441 2911
442 2915
443 4952
443 2951
443 4982
444 4061
445 4728
445 1879
446 4129
446 4189
447 1211
447 3373
448 1386
448 795
448 2042
449 3840
450 1064
450 3928
450 3996
451 2198
452 3202
452 2003
453 4198
454 2221
454 2567
455 4688
455 750
456 3468
457 683
457 4071
459 1744
459 5155
459 756
461 3848
461 1833
462 937
464 4136
464 4876
465 1521
465 4407
466 5086
466 1151
467 1573
467 2318
468 1090
468 555
468 3178
468 4446
469 3875
469 1815
472 4248
473 4106
473 815
474 1988
478 3458
478 2108
478 3974
479 520
479 2126
480 3692
480 2646
481 2067
481 1044
481 2886
483 739
487 3160
487 3341
488 5013
488 3014
489 899
490 1420
490 1765
490 982
491 813
493 2399
494 3202
494 2812
495 2812
496 694
496 2503
498 2504
498 2890
499 3168
500 5066
500 4463
501 3886
501 3575
503 3842
503 1940
503 5126
504 2432
505 793
507 1432
509 3946
511 1593
511 3547
511 2013
512 834
512 4559
513 1873
513 4919
514 1730
514 2444
515 3136
515 2932
515 2396
516 672
516 3927
517 4182
518 4528
519 4169
520 3592
520 4290
520 4076
521 3836
521 927
522 1699
523 1744
523 4362
523 1603
523 3694
524 1541
525 4131
526 3073
526 4381
527 2269
531 1384
533 1192
533 4542
536 3091
536 3886
538 2037
539 2746
539 2823
540 2402
540 2239
541 3308
541 3613
542 2315
542 1494
543 2592
543 3561
543 4384
544 2675
544 4413
545 2582
547 3804
547 2732
547 4173
548 2069
548 2061
548 1311
549 1698
550 4947
550 3005
551 2509
551 4207
552 4793
552 4119
553 4395
555 3303
556 5089
557 2092
557 2735
558 4983
559 1507
559 3924
559 1149
560 1199
561 3808
563 4701
563 1791
564 4800
564 1229
565 2143
566 3744
566 3890
566 3822
566 1671
568 3935
568 4525
568 1791
571 4340
572 1754
572 3035
573 4204
573 4119
575 1444
576 4112
576 3658
576 678
577 4082
578 1467
578 3727
578 3909
578 2919
579 708
579 4701
580 3073
580 1859
581 5024
582 2460
583 4403
584 4193
585 3021
586 3204
586 3240
586 2250
586 5109
586 1847
586 3965
588 4192
588 3684
589 816
589 3803
589 2518
594 4461
594 621
594 3727
596 5011
598 1312
599 3085
600 4546
603 4355
603 2293
604 4250
605 3840
605 4344
606 2084
606 4710
607 1631
608 3352
609 2882
610 4237
610 5063
611 824
611 4618
611 3595
612 1084
612 4735
614 3001
614 3388
615 4997
615 3110
616 1993
617 1924
619 1709
621 1982
622 3208
622 1098
622 4487
623 1360
623 4326
625 1265
626 3754
626 1723
627 4208
627 3773
628 4575
629 866
629 1291
630 1480
630 3517
630 4417
631 2593
631 1810
631 3435
632 946
632 3266
632 3175
634 1921
634 3203
634 2892
634 4823
635 4189
639 4877
640 3766
641 3186
641 3494
641 1182
641 3999
642 940
642 695
643 3778
643 4595
643 2895
644 4041
644 3538
644 4932
644 4890
645 4286
647 2456
647 1690
647 3478
647 1390
648 5062
648 4622
649 4157
649 3231
650 2719
652 2036
655 2151
657 1185
657 4353
658 2896
659 4020
659 1981
660 2365
662 2724
662 2317
664 2184
664 3384
665 3331
665 4621
666 3499
667 1223
668 811
669 4625
673 2347
674 3997
675 4461
675 3415
676 1790
676 839
680 1666
680 4132
680 3741
681 3889
681 1895
684 4144
684 3771
688 4475
690 3746
690 2748
690 3621
693 3960
693 4408
694 3441
694 1170
694 1475
694 3146
696 1898
696 2723
696 4715
696 3109
697 1140
698 1281
699 2706
699 1083
700 1813
701 1530
701 4571
703 5080
704 3622
705 1026
705 1290
706 2440
706 1217
706 4835
707 1620
707 1414
710 1890
711 3115
712 2546
712 3798
712 3566
717 5017
717 3453
718 4526
719 3083
720 3016
720 4224
721 3456
721 5033
723 3041
724 2209
724 3478
726 3874
726 4770
727 2097
727 4042
727 1659
727 1807
728 4818
728 2221
728 3663
730 3576
731 2992
732 2154
733 4656
736 3474
736 4587
737 889
737 1846
738 3184
738 3620
739 3099
739 1915
739 957
740 1884
741 2516
741 845
742 3172
742 1154
742 1468
742 3615
743 2898
744 2084
745 1673
745 926
746 2449
748 4445
749 1936
749 4750
750 2352
750 3491
751 2525
753 3488
754 4288
755 2979
756 4328
756 761
756 4126
756 2233
758 2221
760 1428
760 1821
760 2877
761 821
761 3582
762 4230
763 4402
766 4888
766 4356
767 1344
769 3077
770 2280
770 787
770 3219
770 1685
771 3779
771 4294
771 1287
774 3539
775 2920
775 4769
775 2627
776 1582
777 1217
777 2468
778 2629
779 3525
781 5024
781 2305
781 1098
781 3235
782 1384
783 1676
783 3502
785 2913
785 1042
785 3364
786 2664
786 3507
787 1204
788 4953
788 2538
788 975
789 2761
790 1167
791 4213
793 1268
794 3642
795 1072
795 2598
796 2737
796 1471
796 1183
799 2128
799 2187
801 2001
803 2258
803 3778
804 2100
804 3166
805 4436
805 1564
805 2197
805 3253
806 4072
806 4883
807 1732
807 967
808 1914
809 2816
810 1504
810 3742
811 1587
812 2001
812 1090
812 2926
812 2617
813 1897
813 4523
813 1279
814 4896
814 1130
814 998
816 4273
817 1686
817 2919
818 1883
819 4408
821 1253
821 3630
821 3815
823 1578
823 2061
824 3865
824 4925
824 4199
825 1188
826 2835
827 2776
830 1264
830 1099
832 1520
833 1478
835 4874
835 3150
836 2890
837 2738
837 3514
838 4469
839 1774
840 3462
841 3957
842 3562
844 1402
844 3541
844 3398
846 3177
846 4876
847 4606
848 2474
848 2490
849 1170
851 4780
853 2163
854 3350
855 4976
855 5012
855 1310
855 4695
856 3713
856 3247
858 2928
858 2679
859 1826
859 4421
859 1391
860 4991
862 1838
863 3555
863 3620
863 2949
865 2964
865 1671
866 2204
866 1244
867 2585
868 3263
869 3104
869 1331
870 2232
870 3442
870 2610
871 1015
872 977
872 3371
874 3460
874 3309
874 5039
875 1760
876 2492
877 3372
878 2600
878 2473
878 4360
878 1319
880 4386
880 4079
882 2475
882 4126
884 3283
884 3469
885 3307
885 3814
886 1522
887 2388
888 2826
888 1260
889 2168
889 5130
889 2472
889 1310
892 3040
892 3593
892 1365
893 5035
894 3224
894 4226
894 2691
896 1114
897 4097
899 1347
901 3664
902 3769
902 2338
902 3971
904 2560
904 4565
907 1791
908 3881
908 1020
908 4919
908 4440
908 4635
908 4540
909 3383
909 2059
909 2804
909 2963
910 2519
912 5109
913 1245
914 4849
914 4494
918 2911
920 3619
920 3693
921 1027
922 1536
923 3376
923 1985
923 1354
923 1142
924 1737
924 3425
926 4202
928 1762
928 2999
929 3251
930 3790
931 1980
932 2724
932 3558
932 4071
933 4468
935 4894
935 3367
937 5080
938 1362
938 2066
939 4352
939 4982
941 1940
941 2566
942 3091
942 1913
942 1467
942 2353
943 2033
943 4266
943 4522
945 4577
945 4535
946 4832
947 2960
947 1084
947 3294
948 4927
950 1345
950 4877
950 1361
951 1785
952 1519
953 4807
954 1553
954 3532
954 1830
959 2386
961 4036
961 2700
961 2271
962 1922
962 4156
962 3934
963 2938
963 5067
963 4453
964 1176
965 2089
966 5103
966 2913
966 2271
966 1356
966 1071
967 5136
968 2112
968 3000
968 3250
969 4512
969 3125
970 2180
971 3635
971 1143
972 982
973 1345
973 2135
974 3139
974 2907
974 3196
975 1157
975 3749
976 2577
976 3468
976 1220
976 2494
977 2280
977 2198
978 2369
981 5124
982 4587
982 4774
982 1727
984 4521
984 1055
985 3258
986 4700
987 4275
989 2129
989 1818
989 2620
989 4341
990 4424
990 3435
990 3724
991 2088
991 1806
992 4210
993 5080
993 5039
994 2452
994 2214
995 2107
995 4514
997 3473
998 4734
999 5054
1000 1171
1001 3760
1002 2458
1003 2723
1004 2364
1005 2863
1005 2679
1006 2077
1010 4788
1010 3244
1010 4817
1011 2281
1011 2077
1012 3029
1013 1862
1013 1582
1014 4325
1015 1264
1017 3727
1018 4068
1018 1830
1019 4954
1019 1324
1019 1399
1020 4589
1022 3461
1024 3441
1024 3269
1024 2854
1025 1647
1026 4888
1026 3107
1026 2399
1027 3619
1027 3803
1029 1960
1029 3464
1029 4402
1029 2677
1029 1944
1029 4121
1030 4162
1030 1135
1031 2851
1032 4272
1033 1257
1033 2358
1035 1634
1035 3275
1035 1818
1037 1437
1037 2054
1037 3727
1038 4314
1038 1091
1038 2148
1040 2891
1042 4523
1044 1445
1044 2198
1044 1645
1045 1723
1046 1467
1047 2987
1048 1250
1048 1639
1049 1105
1051 1574
1052 1324
1053 4298
1054 4794
1054 2595
1055 3627
1057 2857
1057 2135
1058 3392
1059 2353
1059 4383
1060 3546
1063 4435
1063 4949
1064 2977
1065 3184
1065 3434
1065 1087
1066 2240
1066 2328
1066 3926
1068 2082
1068 4935
1069 4838
1069 3686
1069 5077
1072 4394
1072 2413
1072 1934
1072 3229
1073 1412
1076 2882
1077 3827
1079 4585
1079 3260
1080 2142
1081 2378
1081 5047
1084 3882
1084 4278
1084 3351
1084 4572
1085 1736
1086 3396
1087 3050
1087 1238
1088 3526
1089 2619
1089 3108
1092 1673
1092 2659
1093 1465
1093 4724
1093 1319
1094 3584
1094 4569
1096 1906
1098 4798
1099 4799
1100 3028
1100 3194
1100 4867
1100 1188
1103 3515
1103 4901
1103 4742
1105 3579
1105 4477
1106 2716
1108 1958
1110 1993
1110 2743
1111 3628
1111 3591
1112 2926
1113 2202
1113 2287
1114 3882
1114 3931
1114 4550
1115 5130
1118 2021
1119 1795
1119 2469
1122 3808
1123 4896
1123 3186
1126 4776
1126 3459
1126 2990
1128 1816
1128 2521
1128 2523
1130 4375
1133 3930
1133 3622
1133 4903
1134 1262
1135 4445
1136 3289
1136 4354
1136 3366
1137 4164
1138 2560
1139 2030
1140 1938
1140 1865
1143 2618
1144 3032
1144 4956
1144 2685
1144 4039
1145 3840
1146 4304
1146 4857
1146 2707
1146 5068
1147 1366
1147 1190
1152 1197
1153 2268
1153 2238
1155 3776
1155 2687
1156 2536
1157 1880
1157 4057
1158 4852
1158 1829
1160 2450
1160 2091
1160 1902
1161 3696
1162 2380
1163 1192
1164 3286
1164 1694
1165 4041
1165 4146
1165 2278
1166 3620
1167 1224
1167 3230
1167 2877
1170 1762
1171 4938
1171 4715
1173 4555
1174 2238
1175 1533
1176 3602
1176 2877
1177 1990
1178 3859
1179 4845
1180 3013
1181 2773
1182 3114
1182 3533
1183 4787
1183 1959
1186 4836
1188 4126
1188 1900
1189 1813
1190 1634
1192 3751
1192 2330
1192 2559
1194 1964
1196 3458
1199 3021
1200 3241
1200 1293
1201 3909
1201 2919
1202 1653
1203 4385
1204 3068
1204 2828
1205 4162
1205 4854
1206 3025
1206 1938
1208 2940
1209 3838
1209 1239
1210 1767
1211 4784
1211 1226
1212 3377
1213 2544
1213 1524
1213 1348
1214 4258
1214 2109
1215 3610
1215 2854
1216 3590
1217 2304
1218 4224
1218 2295
1219 4718
1221 4119
1223 4860
1224 3482
1225 2256
1225 4253
1226 2902
1227 2597
1228 2441
1230 4435
1231 3960
1233 2186
1233 3085
1235 1519
1237 1306
1238 1826
1238 4903
1238 2964
1239 2677
1240 2788
1240 5133
1241 4200
1241 1393
1243 1753
1245 1805
1246 1316
1246 4326
1249 2399
1250 1756
1251 1299
1254 1835
1254 4564
1254 4750
1258 4400
1258 2604
1259 1937
1259 2787
1259 3564
1259 4830
1260 4521
1260 1930
1262 1547
1262 3731
1263 2484
1263 2638
1265 4922
1267 2408
1267 2036
1268 2894
1268 4791
1269 4387
1272 4842
1274 3427
1274 1635
1274 2167
1275 4885
1275 3614
1276 1517
1277 3275
1278 3769
1278 2260
1279 4577
1279 3365
1280 2328
1281 4515
1281 1645
1282 2424
1282 4871
1283 3842
1283 2373
1284 1576
1285 2937
1286 1989
1287 3651
1288 2968
1288 1843
1288 3765
1289 3308
1290 1655
1292 3110
1293 4157
1294 4697
1295 4259
1297 2494
1299 2954
1301 1941
1302 4504
1303 3216
1303 5102
1303 2815
1306 3552
1307 1578
1308 2556
1308 2023
1310 2499
1310 2246
1311 4065
1311 1954
1311 4887
1312 4160
1312 2941
1312 2535
1314 4555
1315 4785
1315 3318
1315 4135
1317 2887
1318 4591
1318 1419
1318 3287
1320 4465
1320 2093
1320 1919
1321 5135
1323 5098
1324 1558
1324 4063
1326 4000
1327 3727
1329 4564
1330 4785
1330 4082
1331 1794
1332 4858
1333 2601
1334 2747
1335 4571
1338 1943
1339 1642
1339 3371
1339 4949
1339 2415
1340 3129
1341 5016
1341 3011
1341 1652
1342 2526
1345 2783
1347 5067
1349 2278
1350 2172
1350 4805
1352 3752
1353 2197
1355 5030
1357 1833
1357 2071
1358 2474
1358 2444
1358 2514
1359 3592
1359 3891
1359 3060
1360 3650
1361 3208
1362 2621
1363 1885
1365 2571
1365 3666
1365 2347
1365 3799
1367 2544
1367 1617
1368 2796
1369 1897
1369 2111
1370 2282
1373 4416
1374 4994
1376 3598
1377 4388
1377 4173
1378 1899
1379 2417
1380 2946
1380 2668
1381 3443
1381 2436
1381 5094
1382 4246
1384 4904
1386 2888
1386 3927
1387 2513
1387 5125
1387 1678
1388 3060
1389 2231
1391 4732
1393 1586
1393 4803
1395 1923
1395 1405
1396 2992
1397 3297
1397 2211
1397 4540
1397 2622
1398 3964
1398 3190
1398 4959
1399 1475
1400 4608
1400 2073
1401 3329
1402 2143
1403 2845
1403 3263
1404 4328
1405 3737
1405 3246
1406 2403
1406 4133
1407 2357
1407 4567
1412 5141
1412 1583
1413 4359
1414 4523
1415 4910
1415 2830
1416 3929
1416 3127
1418 2711
1419 1541
1420 3056
1421 3601
1421 4595
1421 5069
1424 4299
1426 3057
1426 3538
1427 3322
1427 4861
1427 5071
1428 5014
1429 3888
1429 2547
1429 1926
1430 4927
1431 2178
1432 3698
1432 2629
1433 4048
1433 3834
1433 5130
1434 1632
1434 4683
1435 4218
1435 3759
1438 2384
1438 3386
1438 2780
1438 4421
1439 4382
1440 3919
1441 3976
1442 1792
1442 1965
1443 2161
1445 4502
1449 2757
1451 3315
1451 3612
1453 1979
1454 3418
1454 1630
1457 4908
1458 4353
1458 1997
1458 4223
1459 4966
1460 2828
1460 2882
1463 4538
1463 3613
1464 3481
1464 4943
1465 3401
1466 3478
1467 2500
1467 2213
1468 2168
1468 3528
1468 3741
1469 4845
1472 4697
1473 3376
1473 2815
1475 1888
1475 2370
1475 4590
1476 4763
1478 4981
1479 4659
1480 3600
1480 1993
1480 2893
1481 4972
1482 2931
1485 4577
1485 2381
1486 2130
1487 2314
1488 2610
1488 4781
1492 4439
1493 4430
1495 1696
1499 2377
1499 2639
1501 4548
1502 2814
1504 1666
1505 3541
1505 3917
1506 3114
1506 4093
1506 4422
1507 4075
1508 2473
1508 4814
1508 5065
1509 2103
1510 4563
1510 4998
1510 2639
1512 1929
1512 2051
1512 2702
1513 2810
1513 3571
1514 1990
1515 4107
1515 4857
1515 3683
1515 3109
1516 3663
1517 3013
1517 4214
1518 2067
1519 2327
1521 3484
1521 2903
1522 3401
1522 3258
1522 3983
1523 3675
1525 4977
1526 4417
1526 2333
1527 4181
1529 3532
1530 1707
1530 2372
1533 3200
1533 3741
1538 1911
1539 3494
1539 2350
1541 3740
1543 2352
1545 5110
1545 4062
1546 2976
1548 3328
1553 4021
1553 3135
1554 4228
1554 2980
1557 3368
1558 3949
1560 3420
1560 3084
1560 5089
1561 3402
1563 2368
1563 3684
1567 4106
1567 3131
1571 4525
1572 5043
1573 2212
1573 2569
1573 2507
1573 3428
1573 5018
1575 4284
1576 3248
1576 2021
1577 4221
1578 4255
1578 4092
1578 2027
1579 1978
1579 2638
1579 4639
1581 2908
1581 2829
1582 2864
1582 3739
1584 2814
1585 3113
1585 2822
1586 3386
1588 4972
1588 1975
1589 3126
1592 4736
1592 3306
1593 2260
1594 4351
1595 4062
1596 3105
1598 3505
1599 2585
1601 3780
1601 2426
1601 1980
1606 4084
1606 3411
1606 3669
1607 2660
1607 1998
1608 3684
1610 2944
1610 3684
1610 2311
1611 3795
1611 4165
1613 3280
1614 3798
1616 2465
1616 4901
1616 2590
1618 2156
1619 3981
1620 2001
1620 2998
1621 4818
1624 4332
1625 3434
1625 3982
1626 2455
1628 2904
1629 2468
1629 3102
1630 4208
1632 4705
1632 1764
1633 2946
1633 3436
1633 3727
1634 5023
1637 4561
1640 2766
1641 1696
1641 3012
1643 4523
1643 4204
1643 3070
1647 1864
1647 4906
1647 3253
1648 4978
1648 2831
1650 2524
1650 3334
1653 2738
1653 5077
1655 2987
1658 3496
1658 2287
1659 4558
1660 2163
1660 2660
1660 4046
1661 3295
1663 1866
1663 2556
1665 2647
1667 4488
1668 4507
1670 4992
1671 5098
1671 3323
1672 1958
1673 3940
1675 3065
1675 1822
1675 2015
1676 5006
1678 1862
1678 2631
1681 3655
1682 3552
1682 2761
1682 4245
1682 4719
1684 4920
1685 3402
1685 3178
1685 1967
1687 2985
1689 3712
1690 1968
1690 2123
1690 2703
1693 4326
1693 2623
1694 4467
1695 3123
1698 4933
1699 3632
1701 4204
1701 3884
1701 3190
1706 2534
1707 3589
1707 4790
1710 2656
1710 3348
1711 3754
1712 2387
1713 2873
1714 3049
1716 4716
1716 2925
1716 4414
1717 2608
1717 4376
1718 4426
1719 3804
1720 3987
1720 4022
1720 4991
1722 1868
1723 4940
1723 2660
1725 3130
1726 2895
1727 3761
1729 4784
1729 4425
1729 3679
1730 3267
1734 4894
1734 3049
1735 3546
1736 2917
1737 2204
1739 3497
1741 3167
1742 3034
1743 4558
1744 4009
1744 4227
1744 5025
1746 2242
1746 3765
1747 3098
1750 3374
1751 4938
1753 5136
1753 4249
1753 3886
1754 3525
1754 3494
1757 2296
1757 3744
1759 2096
1759 2017
1759 4016
1760 3942
1762 4951
1762 3346
1762 3184
1762 3863
1762 2714
1763 3896
1764 2666
1764 4626
1764 4110
1765 2675
1765 4992
1765 1955
1766 5115
1766 4607
1768 2201
1771 2008
1771 3306
1771 3268
1771 4197
1772 3800
1773 3374
1774 4264
1774 4524
1776 2904
1778 2866
1779 1885
1780 2817
1780 2978
1782 2730
1782 4683
1782 4138
1782 1879
1783 2819
1788 4129
1793 4598
1794 2281
1794 2881
1795 3997
1796 3260
1797 4257
1797 2530
1798 3687
1799 4144
1799 3777
1800 4978
1800 5094
1801 4941
1802 5050
1804 4280
1804 3070
1805 2188
1806 4913
1813 2038
1814 4130
1815 4720
1816 2206
1817 4002
1819 2908
1819 5111
1820 2058
1820 2733
1821 3984
1821 1914
1822 4385
1822 3252
1823 3144
1824 4279
1825 3171
1827 3109
1828 2904
1828 2452
1830 3750
1833 3531
1835 3864
1838 2274
1838 3290
1839 3457
1839 4812
1840 4020
1843 3468
1843 4262
1843 3905
1844 4405
1845 3388
1846 2353
1848 3338
1848 2348
1849 2636
1850 2721
1850 4311
1850 2487
1851 4838
1852 4544
1852 4945
1852 3333
1852 3455
1853 4166
1853 3011
1854 4524
1857 3252
1861 3691
1861 4140
1861 4734
1862 5154
1863 3056
1863 4568
1863 3956
1864 2540
1866 3248
1866 4837
1867 3650
1868 3002
1871 2794
1872 2896
1872 3561
1873 3663
1874 3328
1876 4007
1877 3701
1882 2066
1883 2199
1884 3022
1886 3064
1886 4298
1887 4876
1887 4605
1888 3841
1890 5023
1891 4137
1891 4865
1893 2430
1894 4776
1894 4785
1895 4165
1896 2208
1897 5087
1897 2769
1898 5152
1900 3456
1902 2942
1905 4619
1906 3411
1908 3669
1909 3771
1909 2367
1911 3899
1911 5039
1915 2974
1916 4469
1918 3213
1919 2591
1924 3708
1925 4041
1925 3693
1926 3434
1928 3111
1929 4708
1929 2362
1929 4363
1929 2948
1930 2566
1931 4779
1932 2918
1933 3019
1934 2673
1937 3033
1937 2604
1937 3245
1938 2376
1938 3413
1939 4441
1939 2749
1940 5103
1941 2866
1941 3411
1941 2469
1943 3214
1944 4581
1945 5024
1945 4911
1946 4549
1948 2918
1950 2442
1950 4426
1950 4413
1950 2870
1951 3884
1953 3642
1953 4175
1954 2938
1954 3421
1958 2236
1958 2483
1958 3759
1962 4417
1962 2903
1963 2069
1965 4496
1970 2463
1972 3442
1972 2535
1972 4389
1972 3398
1972 2207
1976 5136
1977 2744
1977 4383
1978 4273
1978 4852
1983 4661
1984 3316
1986 4429
1988 3864
1989 4997
1991 3526
1992 2199
1993 2995
1993 2814
1994 3906
1995 3196
1999 3378
1999 3788
2000 4954
2001 3431
2003 2632
2004 2041
2004 3970
2004 2180
2004 2305
2005 2746
2005 3885
2006 3435
2007 5103
2008 5061
2011 2228
2012 4822
2013 5107
2015 3848
2015 2462
2016 3761
2016 4938
2016 3523
2016 2589
2017 2104
2017 4521
2017 4890
2020 4104
2021 3596
2021 4909
2021 5073
2022 4962
2022 4581
2024 2396
2024 4551
2025 5041
2028 4452
2029 2695
2030 5128
2031 4294
2032 2257
2032 4706
2034 2303
2036 2382
2036 2215
2037 4374
2039 4529
2039 4491
2039 3229
2042 4946
2042 4243
2043 4107
2043 3019
2043 3390
2046 2835
2046 4798
2047 2659
2047 2358
2049 3290
2050 3161
2051 2322
2051 2141
2054 3155
2057 2347
2058 3767
2060 4672
2060 3917
2061 4500
2062 5114
2062 3532
2063 4210
2065 3630
2066 3639
2067 4032
2067 4547
2067 5059
2069 4925
2070 2356
2070 4006
2071 4068
2071 3638
2072 3409
2072 4017
2072 2471
2074 4694
2075 3688
2076 4557
2077 5098
2078 3391
2079 2918
2079 4119
2080 4933
2082 4715
2085 2675
2085 4118
2086 5097
2092 2377
2093 2683
2094 3061
2094 5109
2097 3279
2097 3255
2097 4382
2097 2654
2100 2635
2101 3719
2103 2596
2105 3088
2105 2146
2105 4727
2108 2638
2109 3394
2109 4173
2110 4240
2111 3849
2112 4241
2113 4443
2114 4514
2115 2474
2115 2205
2117 2948
2117 3173
2119 3369
2119 3427
2122 4472
2122 2359
2123 4883
2123 4359
2124 2154
2125 2968
2125 5144
2127 3729
2132 4323
2139 3059
2140 3274
2140 4495
2141 4111
2142 3700
2143 4557
2144 4978
2146 4068
2148 4796
2148 2492
2149 3732
2150 4480
2151 4561
2152 2540
2153 5036
2155 2463
2157 4027
2159 2632
2159 4744
2161 3516
2162 4182
2163 2472
2166 4067
2169 2520
2172 4515
2175 5057
2175 3334
2176 2586
2176 2478
2177 2213
2178 4930
2178 4951
2181 4662
2182 4468
2182 2780
2182 2271
2183 3248
2184 5016
2184 4317
2186 2394
2186 4533
2186 4597
2188 3419
2189 2307
2189 3662
2191 5034
2191 4508
2192 5012
2192 2747
2192 3812
2192 3038
2193 2372
2195 3324
2197 4146
2198 2552
2198 2683
2201 3740
2202 2979
2203 5059
2206 5131
2209 4469
2210 2528
2210 2941
2210 2711
2214 4518
2216 3085
2221 4861
2221 4031
2222 3026
2224 2447
2227 4388
2227 3316
2233 3335
2235 2377
2236 4735
2237 3672
2237 3530
2237 2427
2237 3558
2243 3944
2244 5111
2246 4934
2247 4348
2248 4761
2248 3526
2251 4696
2252 4756
2253 3395
2253 2823
2255 3899
2256 3583
2257 2980
2258 4398
2259 4936
2261 3776
2261 4692
2261 3749
2262 4356
2262 3198
2265 4650
2265 3861
2266 3409
2267 4457
2268 2890
2268 4397
2268 3015
2272 3677
2273 4958
2275 4064
2276 4305
2277 2525
2279 2961
2282 2717
2282 4295
2284 4616
2285 3146
2285 3869
2288 3401
2288 4915
2289 4087
2290 4852
2290 2533
2290 4725
2291 4651
2292 3109
2294 4105
2294 3194
2294 3642
2295 3454
2297 2614
2299 4333
2301 4640
2302 2985
2302 2590
2303 4562
2303 4917
2304 5150
2305 3739
2305 3158
2305 3893
2306 2699
2306 5140
2307 2852
2308 4040
2308 4716
2310 2367
2313 3651
2314 2408
2315 5090
2316 5094
2317 3883
2318 3752
2321 5034
2322 2578
2323 3723
2324 4347
2325 4789
2326 2529
2326 2470
2327 2984
2328 5072
2328 4771
2329 2466
2329 4260
2331 4632
2332 3583
2333 2478
2334 4930
2336 5099
2337 4244
2343 4898
2343 3964
2343 2581
2344 2720
2345 5117
2346 2551
2347 2556
2348 2553
2349 2788
2349 3887
2350 2748
2353 2452
2354 4729
2356 4816
2358 2729
2359 2523
2359 3030
2361 4172
2364 4449
2364 3709
2365 2902
2366 3512
2367 4848
2367 3187
2367 4644
2368 3171
2368 3939
2369 4895
2370 3411
2371 3349
2372 5050
2375 4051
2376 2915
2376 4781
2376 3110
2377 4583
2380 3865
2380 4746
2385 3257
2385 4922
2385 3965
2386 3621
2387 4187
2390 4391
2391 3368
2394 3744
2394 4315
2396 5126
2399 4268
2399 4981
2400 4683
2401 2674
2401 4574
2401 3175
2402 2685
2403 4373
2404 5042
2404 3397
2405 4404
2406 3906
2406 4471
2408 3399
2409 3076
2410 4449
2410 4868
2410 4654
2412 3365
2414 3721
2414 2700
2416 4842
2416 3655
2418 3171
2420 2615
2421 3395
2421 4718
2423 4700
2423 4814
2423 2518
2426 3976
2426 2765
2426 3102
2433 4024
2434 4154
2438 4880
2438 3874
2440 3295
2442 5019
2442 3918
2445 4371
2446 4072
2448 4904
2449 4506
2449 4365
2449 2750
2450 3611
2452 4514
2452 4374
2454 2906
2458 2769
2459 5029
2459 3271
2460 2807
2463 4508
2464 3369
2469 4578
2469 3458
2469 4308
2470 4474
2470 4658
2473 5027
2473 4861
2474 5034
2474 3860
2475 3241
2481 4232
2483 3037
2484 3083
2486 3354
2487 3879
2490 2744
2493 3505
2494 4901
2495 4509
2495 3438
2496 3034
2497 2895
2498 3683
2499 2568
2501 2909
2504 5082
2504 2757
2506 4462
2507 4961
2507 4595
2511 5050
2511 4694
2514 4214
2515 3872
2515 3483
2517 4795
2518 4183
2519 2570
2523 3211
2523 4397
2523 3031
2523 3544
2526 3286
2526 4855
2527 4407
2528 2577
2528 2659
2529 3417
2530 2654
2531 3986
2531 4603
2534 3546
2534 4142
2535 4131
2535 3153
2538 4160
2538 3674
2538 2967
2539 2784
2540 3679
2541 4552
2542 4066
2543 5010
2548 2593
2548 3646
2553 3674
2557 4241
2557 4229
2558 3925
2559 2691
2560 3355
2561 4934
2562 3712
2562 4263
2563 4185
2563 4341
2565 5104
2566 3714
2567 3897
2569 3557
2570 5043
2571 4188
2572 3782
2573 2577
2573 3667
2575 4692
2576 4346
2577 4174
2578 5079
2581 3872
2582 4136
2588 2856
2588 3891
2589 3486
2592 3464
2592 3095
2593 3412
2595 3382
2597 4456
2598 4419
2600 3463
2601 4989
2602 3797
2603 4466
2603 2758
2608 3235
2609 5131
2610 2891
2611 4601
2613 4157
2613 4855
2616 3757
2617 4496
2617 4090
2617 3703
2618 3847
2618 3967
2621 3560
2621 2758
2622 3639
2624 5106
2627 3610
2629 3620
2629 3602
2631 4722
2632 2905
2632 4479
2634 3653
2637 3179
2638 4692
2639 4070
2640 3425
2640 3715
2643 4601
2643 4319
2644 4958
2645 3956
2645 3109
2646 4743
2647 4506
2647 2750
2648 5112
2648 3499
2649 3111
2650 3279
2651 4690
2651 3555
2652 3450
2653 4601
2653 4771
2654 3094
2655 5094
2656 4926
2657 4332
2658 4961
2660 2790
2661 3057
2661 3217
2662 5013
2662 3446
2664 3524
2664 4311
2668 3104
2670 4083
2670 3916
2671 3601
2671 5011
2671 5070
2673 4296
2673 4367
2674 2886
2676 4544
2676 4768
2676 4250
2678 3716
2679 3616
2680 4434
2682 3412
2685 3307
2687 4943
2690 5128
2690 3711
2691 4288
2691 3932
2693 4613
2695 4774
2698 4531
2698 4085
2698 3670
2699 3651
2699 3927
2701 3250
2702 4311
2704 4410
2705 3049
2706 4645
2709 4466
2709 3531
2711 2910
2713 4185
2713 3843
2714 3132
2714 2738
2716 3088
2717 3793
2717 2892
2718 3168
2718 4529
2718 3821
2721 4346
2721 3799
2723 4677
2723 2742
2724 4041
2729 4510
2730 4808
2732 4798
2736 3442
2736 4980
2736 4925
2738 4122
2739 4738
2741 2917
2743 2803
2746 3785
2748 4443
2750 4118
2756 3074
2758 3099
2758 3305
2759 2997
2760 4639
2763 2927
2764 3894
2766 5099
2768 5056
2769 4034
2770 3455
2774 3050
2777 2861
2781 3824
2782 4553
2783 4516
2784 4356
2785 4865
2789 3592
2790 4848
2790 3371
2790 4189
2791 4690
2791 3779
2791 3780
2791 4742
2792 3514
2793 3821
2795 4356
2796 4311
2797 4279
2798 5012
2800 4632
2801 2804
2803 4686
2805 4664
2805 3906
2805 3163
2806 3518
2809 3790
2812 3359
2814 3223
2816 3871
2818 4966
2820 3198
2825 4132
2828 4595
2830 4543
2831 4384
2833 4156
2836 4188
2839 3512
2839 3656
2841 4205
2842 3879
2844 3342
2846 3756
2847 2889
2848 4623
2853 3170
2853 3963
2854 4625
2854 3903
2856 4710
2856 4825
2857 3680
2858 3450
2858 4202
2859 3623
2860 4501
2860 4685
2862 4022
2865 4864
2865 3162
2867 3156
2867 3981
2868 3449
2871 3259
2872 5008
2874 4990
2875 3550
2876 2964
2878 4638
2878 5095
2881 3008
2883 4561
2884 3308
2884 5095
2885 3854
2888 5036
2891 4450
2892 3003
2894 3647
2897 3598
2900 3401
2900 4028
2900 4901
2904 4057
2904 3258
2905 4684
2909 2972
2910 4405
2911 3490
2917 4901
2919 4465
2919 3855
2920 3485
2921 4801
2921 3493
2923 4058
2926 4776
2926 4367
2928 3965
2928 4853
2932 3804
2937 4857
2939 3989
2940 5031
2941 4046
2943 5050
2944 4950
2945 3056
2946 4035
2947 3255
2947 4077
2948 4777
2948 3382
2948 3175
2949 4849
2953 4328
2953 4274
2954 4718
2954 4326
2958 4286
2961 4037
2963 3945
2963 4643
2963 4345
2965 3077
2970 4578
2976 3696
2981 3277
2982 3349
2984 4425
2984 3859
2989 4304
2991 4641
2992 4364
2993 4069
2994 4379
2994 4254
2995 4209
2996 3081
2998 3950
2999 4165
3003 3325
3005 3156
3007 3939
3008 4375
3011 4196
3013 4265
3013 4465
3017 4583
3021 4484
3022 4616
3023 4816
3023 4991
3025 3041
3026 4361
3027 3831
3030 3433
3031 4466
3031 3604
3033 4896
3033 4899
3033 5011
3040 4808
3044 5023
3045 4775
3046 4211
3047 4019
3050 3981
3051 4224
3053 3297
3055 4124
3056 3634
3057 4983
3061 4477
3063 5084
3063 3527
3065 3607
3066 3273
3067 3073
3068 4383
3070 3136
3072 3830
3076 3927
3078 3529
3078 3740
3078 3340
3079 4658
3079 4518
3080 4073
3084 3882
3085 3148
3086 4299
3086 4581
3088 3776
3093 4590
3095 3280
3095 4748
3100 3280
3100 5005
3102 4365
3103 3304
3105 4670
3105 4967
3109 3314
3111 3827
3111 4491
3112 4735
3116 4743
3120 4405
3124 4048
3126 3448
3126 4227
3127 4895
3127 3285
3127 4263
3129 3784
3129 3958
3129 3646
3132 3714
3133 4673
3134 3368
3134 3935
3135 3838
3136 4870
3141 3185
3141 3409
3142 4364
3145 4031
3146 4528
3146 4322
3149 4528
3149 4580
3151 3256
3151 3651
3151 3644
3154 4145
3154 3940
3154 3325
3155 4483
3155 5045
3156 4438
3157 3715
3157 3798
3160 3890
3160 3940
3161 4390
3163 3688
3164 4741
3165 3394
3165 4206
3168 5055
3169 3479
3170 4272
3172 5018
3179 4384
3181 4675
3182 4015
3183 4224
3187 4581
3188 4751
3192 4035
3195 3920
3195 5119
3197 4053
3198 4800
3198 5068
3199 4502
3200 4858
3203 4812
3203 4734
3207 3703
3208 4992
3214 4182
3214 4062
3215 3401
3215 4773
3216 4779
3219 3301
3219 4326
3224 3267
3224 3358
3226 4583
3226 4637
3229 4720
3231 3337
3232 4697
3234 4338
3235 5153
3235 4794
3237 3637
3241 4697
3242 4499
3244 4435
3245 4460
3248 3550
3249 4181
3251 4381
3252 3844
3255 3480
3258 3985
3259 3491
3260 3794
3261 4916
3265 3266
3265 4478
3269 4937
3271 4793
3273 4693
3278 3298
3297 4717
3297 4381
3298 3431
3304 4073
3304 3723
3305 5144
3308 4322
3309 3518
3313 3632
3314 5090
3316 3499
3322 3962
3323 3656
3325 4393
3329 3624
3330 4113
3333 4544
3333 4671
3336 3879
3338 4569
3341 4333
3342 3460
3350 4559
3354 5061
3356 3901
3359 5134
3360 4119
3364 5121
3364 4409
3365 4053
3366 3801
3366 5144
3375 3639
3376 4233
3377 4878
3378 4831
3384 4686
3385 3561
3385 4271
3386 3399
3387 5069
3389 3820
3390 3961
3393 4921
3394 3662
3397 4089
3398 3703
3399 3555
3399 4754
3401 4235
3407 3776
3408 4066
3409 5133
3409 3941
3413 3947
3414 4994
3417 3932
3418 3735
3420 4318
3425 3970
3427 3508
3428 5136
3434 4728
3435 4978
3438 3503
3439 4499
3441 4418
3441 3949
3445 4101
3453 3876
3455 4670
3458 3954
3461 5029
3462 5112
3463 4233
3466 4787
3471 4155
3474 4928
3478 4263
3478 3866
3484 5135
3486 4264
3496 4488
3503 4451
3504 4306
3504 4454
3506 3914
3507 4353
3509 4595
3511 5153
3511 4129
3512 3900
3515 4794
3515 4995
3516 4179
3519 4823
3523 4065
3523 4468
3526 4723
3527 4604
3533 3573
3536 5104
3537 5112
3537 3850
3540 4872
3544 5042
3544 4996
3545 3847
3550 4505
3551 3833
3554 5084
3557 4982
3558 4753
3558 4339
3558 3893
3561 4518
3561 5142
3561 4667
3561 5150
3564 3956
3564 5014
3566 4318
3572 3798
3573 4567
3579 3639
3580 5150
3583 4605
3584 4627
3584 4607
3590 3991
3596 4718
3597 4328
3599 4289
3604 3897
3604 3982
3606 4482
3607 3659
3613 4020
3615 4608
3616 3686
3619 4145
3621 4856
3622 4655
3629 4161
3635 5107
3640 4347
3641 4282
3643 3727
3646 3785
3649 4161
3650 5053
3657 4265
3659 4533
3660 3733
3662 4170
3664 3692
3665 4936
3667 3790
3668 3690
3669 5100
3671 4713
3672 4346
3676 4901
3676 4990
3676 4351
3677 4384
3677 4740
3678 3964
3679 4180
3690 3817
3693 3985
3695 4370
3695 4565
3696 4024
3708 3858
3712 3841
3713 4506
3713 4676
3717 3762
3717 4348
3725 4280
3731 3786
3732 4230
3740 4725
3741 4784
3743 4353
3745 4858
3746 3993
3750 5108
3757 5129
3759 4154
3759 4358
3761 4723
3765 5061
3767 4440
3768 5027
3769 4204
3771 4745
3771 5131
3773 4397
3777 4067
3782 3814
3786 4671
3792 4998
3794 4758
3794 3887
3796 5053
3797 4526
3798 4944
3798 4949
3799 4563
3799 4714
3806 5057
3809 4134
3818 4135
3820 4844
3825 4332
3828 4306
3829 4352
3829 4910
3829 4550
3830 4839
3831 4467
3833 4328
3833 4657
3837 3839
3839 4466
3845 4620
3846 3893
3847 4164
3849 4676
3850 4536
3853 4154
3854 3963
3855 4549
3857 4689
3859 5036
3867 5061
3868 3986
3869 5084
3870 4389
3871 4577
3872 4436
3875 4511
3880 4417
3882 4129
3882 4715
3882 4396
3882 3948
3895 4250
3896 3991
3914 4931
3915 4713
3921 4922
3923 4192
3925 4027
3935 4400
3935 4674
3940 4504
3941 4992
3941 3953
3944 4100
3947 5110
3954 4152
3956 5152
3957 4836
3957 4029
3965 5075
3967 5076
3971 4513
3972 4080
3974 4001
3974 4338
3985 4224
3986 4430
3987 4978
3988 4106
3989 4972
3989 4876
3989 4859
3990 4495
3993 4344
3995 4402
3997 4403
4008 4982
4008 4519
4009 4532
4015 4713
4023 4280
4025 4031
4029 4744
4034 4348
4044 4728
4049 4063
4050 4344
4050 4916
4050 4556
4051 4838
4055 4619
4060 5039
4062 4074
4062 4582
4072 4256
4076 4291
4076 4932
4077 4947
4079 4096
4082 5149
4083 5004
4083 4311
4086 4283
4090 4456
4092 4195
4094 4464
4094 4520
4098 4364
4100 4279
4105 4128
4106 4233
4109 4396
4111 4848
4116 4401
4120 4889
4127 4707
4127 5135
4128 4257
4137 4613
4140 5153
4143 4352
4143 4364
4144 4782
4149 4726
4153 4302
4154 4223
4164 4647
4164 4974
4166 4928
4173 4356
4174 4523
4177 4686
4178 4965
4188 5005
4194 4599
4197 4764
4197 5142
4202 4385
4202 4595
4203 5104
4203 5145
4204 4698
4207 5117
4211 5078
4215 4577
4216 4391
4217 4632
4218 4898
4223 5005
4223 4311
4225 4906
4226 4688
4229 4987
4229 5059
4236 4638
4254 4523
4254 4399
4256 4638
4265 4681
4267 4654
4269 4917
4272 4540
4272 4521
4279 4441
4287 4684
4291 4638
4294 4334
4300 4503
4301 4910
4307 5069
4311 4464
4312 4398
4313 4337
4313 4813
4316 4882
4320 4548
4323 4487
4330 4607
4331 4497
4334 4556
4338 4799
4340 4446
4348 4623
4355 5048
4359 4948
4361 4575
4364 4545
4364 4738
4369 5035
4371 4767
4379 4460
4379 4434
4381 4883
4383 5128
4395 4802
4404 5111
4405 4463
4409 4506
4411 4766
4414 4824
4415 4822
4423 4602
4424 4856
4428 4538
4430 4771
4431 4854
4440 5118
4444 4492
4444 4549
4450 4474
4452 4496
4460 4531
4463 4932
4464 4600
4477 5125
4483 5115
4492 4504
4499 4987
4502 4755
4506 4639
4508 4712
4510 4840
4517 4867
4520 4573
4530 5103
4531 4684
4535 4700
4540 4680
4546 4612
4560 5120
4560 5057
4562 4829
4562 4821
4569 4781
4572 4768
4576 5121
4578 5096
4584 4995
4584 5047
4585 4991
4589 4659
4599 5076
4604 5110
4606 4787
4608 4910
4610 4710
4617 4679
4631 4862
4632 4712
4648 4873
4654 4778
4658 4975
4663 5039
4665 5069
4666 4819
4667 4867
4676 5006
4677 4732
4683 5114
4686 5056
4710 5143
4712 5026
4717 4848
4742 5120
4745 5139
4750 5144
4751 4891
4769 4956
4780 4853
4782 4789
4803 5062
4815 4950
4821 5019
4835 4948
4863 5000
4876 4882
4883 4968
4898 5143
4941 5141
4968 5119
4974 5147
4996 5121
5035 5068
5050 5137
