1 833
1 491
3 425
3 777
4 523
4 777
4 379
4 196
4 733
5 235
5 357
5 485
6 260
6 148
6 725
7 320
7 680
8 869
8 845
8 719
9 506
9 371
9 325
9 583
10 364
11 328
11 629
12 803
12 38
12 167
13 693
14 841
14 275
14 398
14 230
15 497
15 722
15 882
15 789
17 793
17 468
18 455
19 542
19 477
19 238
21 536
21 451
21 747
21 671
22 201
22 845
23 50
24 248
24 792
24 122
24 795
25 544
25 450
25 745
25 491
25 213
25 280
26 656
26 393
26 668
27 514
27 148
28 307
28 477
29 472
29 419
29 655
30 591
31 872
32 576
32 553
32 44
33 368
33 510
33 462
34 616
35 183
36 757
36 311
38 416
38 728
38 811
40 42
40 794
40 383
41 617
41 642
41 269
41 286
42 280
43 555
43 179
44 173
44 510
45 200
45 494
45 214
46 384
46 818
47 864
47 786
47 238
48 171
49 683
49 615
51 400
51 317
52 906
52 670
54 479
55 902
56 156
57 304
57 369
57 443
58 888
58 597
58 295
60 665
60 467
61 754
61 523
61 357
62 364
62 686
63 672
63 322
63 430
64 449
64 572
64 518
65 768
65 839
66 762
66 539
67 322
70 308
70 422
71 361
72 121
73 709
73 719
74 737
74 277
76 328
76 442
76 110
76 102
79 171
79 620
79 783
79 435
79 726
79 222
80 625
80 452
80 246
80 239
81 774
81 374
82 896
82 234
83 154
83 522
84 216
84 656
85 719
86 641
86 123
86 270
87 819
87 415
87 399
88 267
88 215
89 800
89 746
89 547
89 366
90 466
90 598
90 542
90 783
93 747
93 717
94 481
94 842
94 140
94 625
94 786
94 500
94 284
94 317
96 484
96 343
97 305
97 750
97 417
98 217
98 258
99 359
100 312
100 516
101 600
101 281
101 858
101 484
101 505
102 609
102 517
103 523
103 886
104 610
105 675
105 701
105 822
106 721
106 772
107 885
109 124
109 469
110 338
111 725
111 887
112 560
112 877
113 339
113 733
114 200
115 553
115 451
116 659
116 430
116 759
117 760
117 569
117 551
118 498
118 643
118 335
119 321
119 863
119 737
120 897
120 776
120 396
120 464
120 756
120 506
121 300
121 695
123 424
124 605
125 566
126 130
126 802
126 191
127 376
127 891
127 707
127 286
128 409
129 669
131 505
131 501
131 679
132 147
132 652
133 544
133 589
134 258
136 200
137 257
137 390
137 199
138 553
138 162
138 551
138 215
139 808
139 675
140 774
140 871
140 846
140 497
140 146
141 352
141 394
141 882
141 405
141 573
142 601
142 756
142 641
143 401
144 484
144 284
144 223
147 708
148 248
148 706
150 325
151 736
151 808
151 430
152 375
152 620
152 679
152 231
153 659
153 246
153 158
154 734
155 664
155 805
156 587
156 725
157 897
157 210
157 333
158 546
159 288
159 720
160 792
160 633
160 658
160 342
162 265
162 165
162 762
162 317
163 766
164 289
165 892
165 319
166 395
166 319
168 844
168 381
169 190
170 236
170 438
170 294
171 344
172 677
172 495
174 362
174 906
176 779
176 859
176 755
177 752
177 393
177 413
177 470
178 679
178 303
179 242
179 333
180 236
180 277
181 473
181 653
182 585
182 738
182 761
183 860
184 227
185 716
185 501
186 699
186 372
187 487
189 376
189 698
189 730
190 523
191 617
191 430
192 523
192 230
193 402
193 796
195 678
196 308
196 740
196 254
198 528
198 298
199 389
199 777
200 737
200 455
200 811
200 627
200 597
200 822
201 595
201 203
202 621
203 474
203 337
204 762
206 761
206 626
206 259
206 534
207 369
207 453
207 510
208 844
208 419
208 716
209 512
209 238
211 273
211 767
211 471
212 813
213 840
213 810
215 784
215 652
215 674
216 234
216 429
216 645
217 659
218 282
219 696
219 453
220 843
220 566
221 267
221 665
221 850
221 251
221 711
223 868
223 363
223 460
224 376
226 712
226 327
228 265
228 742
228 617
229 764
230 274
230 702
231 596
231 735
232 817
233 458
233 806
233 334
233 845
235 540
236 321
236 474
236 558
237 463
238 452
238 502
238 710
238 875
238 566
238 719
239 840
239 817
239 595
239 701
239 542
240 831
241 692
241 685
242 730
243 627
243 617
243 579
243 501
244 498
244 619
244 508
244 723
245 580
246 475
247 301
247 445
248 868
249 644
250 655
251 728
251 473
251 422
252 371
253 263
255 772
256 673
257 719
258 536
258 854
259 385
260 382
263 718
264 851
264 564
265 805
265 430
266 313
267 387
268 767
268 903
268 302
268 615
270 527
271 842
272 569
273 632
275 547
276 638
277 897
277 763
277 898
278 771
278 844
278 525
279 838
280 821
280 458
280 583
281 791
281 311
283 691
283 287
284 393
284 420
284 628
286 445
287 654
287 767
288 576
288 522
288 563
288 441
288 479
289 617
289 474
289 459
290 825
292 472
292 435
296 467
297 800
297 361
297 413
297 633
297 637
297 895
298 879
298 494
298 621
299 834
299 333
299 501
300 835
300 837
301 599
301 421
303 849
304 664
304 900
305 598
306 673
306 381
307 337
308 819
310 821
311 430
311 895
312 571
314 877
315 529
315 650
315 669
317 349
317 463
318 864
318 654
319 652
320 392
321 897
321 538
322 673
324 378
325 576
325 713
327 768
327 801
327 483
327 507
327 415
328 590
330 903
331 522
331 674
332 842
333 608
333 413
334 784
334 452
336 855
336 381
336 719
337 752
337 459
337 840
338 758
338 867
338 630
339 627
339 517
339 773
340 442
340 359
341 481
342 473
342 867
343 648
343 467
343 351
344 874
344 564
346 722
346 702
347 723
348 385
349 539
349 644
349 710
350 648
351 660
352 461
353 617
354 371
354 774
355 360
355 615
356 884
356 639
357 582
359 672
359 547
359 876
359 733
359 438
359 701
359 542
360 528
360 554
362 654
362 468
362 389
362 375
364 883
364 539
364 703
366 737
367 670
368 746
368 414
368 599
369 868
370 376
370 623
371 516
371 870
371 405
371 407
372 401
372 604
373 808
374 746
375 401
375 807
375 697
376 483
376 796
377 664
377 773
379 652
379 509
380 828
382 889
382 450
382 503
382 407
383 510
384 569
386 824
387 590
388 895
388 767
388 511
389 497
389 705
390 895
391 558
394 548
395 585
395 426
395 586
398 680
398 684
399 786
400 835
400 637
400 829
401 737
401 754
404 490
408 624
408 428
410 657
411 680
411 785
412 828
413 421
415 691
416 496
416 803
417 440
417 883
417 790
417 495
418 530
418 647
420 708
421 512
421 521
421 845
423 786
425 660
425 742
425 438
427 467
427 828
427 437
427 445
430 895
431 456
431 487
431 444
431 471
432 675
433 490
433 443
433 823
434 775
434 662
434 695
435 836
435 599
438 825
440 684
441 483
441 828
442 737
443 547
443 518
444 822
447 846
448 555
448 901
450 558
450 637
452 502
454 470
457 678
457 662
460 759
461 772
461 543
463 619
463 620
463 530
463 754
464 881
465 476
465 549
466 668
467 580
468 514
468 481
469 530
470 701
471 837
473 902
473 618
473 814
473 568
476 510
477 732
477 645
477 878
478 736
478 889
478 854
479 721
479 787
480 482
481 594
482 626
487 853
488 536
489 682
489 526
490 511
491 876
492 627
492 590
493 730
493 611
494 560
495 775
498 515
498 846
498 531
498 853
500 683
501 766
502 590
504 866
505 516
505 520
505 556
505 857
505 772
506 723
507 881
507 643
509 877
510 709
510 632
512 786
512 539
513 689
513 667
514 903
515 671
516 635
516 813
520 898
520 867
523 560
523 851
523 697
526 905
527 667
529 778
529 725
530 777
531 620
533 579
534 696
535 832
537 547
538 568
538 772
539 880
540 832
544 808
544 713
545 610
545 771
546 578
547 833
549 685
549 873
551 885
551 845
553 861
555 867
555 882
555 687
556 897
557 835
558 612
558 828
558 860
559 887
560 862
561 585
566 869
568 571
570 787
572 764
572 669
574 694
575 677
575 797
576 661
577 779
581 632
581 812
582 852
583 890
583 737
584 775
586 646
589 858
592 733
593 867
594 640
595 737
595 789
597 743
598 634
600 722
600 714
601 810
602 859
602 773
605 612
605 877
606 633
606 860
606 721
607 840
607 620
607 701
609 643
610 857
612 848
613 856
613 641
614 655
617 654
621 688
621 717
622 689
622 637
624 658
624 669
626 774
630 791
631 778
631 827
633 712
634 722
635 675
637 753
638 678
638 831
647 661
647 878
650 718
651 851
651 814
655 787
656 788
657 881
658 866
658 806
659 743
659 793
660 811
662 762
666 864
673 845
676 897
676 802
677 716
677 710
678 722
681 840
681 757
686 820
686 804
692 748
694 807
696 782
699 788
699 717
700 826
703 868
703 843
704 793
707 744
713 745
714 753
714 856
715 739
715 748
715 791
719 879
722 777
725 831
734 776
734 761
734 864
736 772
744 863
746 751
747 793
753 818
753 901
755 820
760 774
760 893
762 860
764 770
766 827
774 796
775 854
778 867
783 857
788 836
789 905
790 872
790 799
793 822
796 836
799 874
803 822
804 834
809 878
811 889
819 873
825 845
825 871
827 881
827 845
831 842
838 870
844 851
851 885
