1 2
1 3
1 4
1 5
1 7
1 8
1 9
1 10
1 11
1 14
1 15
1 16
1 17
1 18
1 19
1 20
1 21
1 22
1 23
1 25
1 26
1 27
1 28
1 29
1 30
1 31
1 32
1 33
1 36
1 38
1 39
1 40
1 41
1 42
1 43
1 44
1 45
1 46
1 47
1 48
1 49
1 50
1 51
1 52
1 55
1 56
1 57
1 58
1 59
1 60
1 61
1 62
1 63
1 64
1 65
1 66
1 67
1 68
1 69
1 70
1 71
1 72
1 73
1 74
1 75
1 76
1 77
1 78
1 80
1 81
1 82
1 83
1 86
1 87
1 88
1 89
1 90
1 91
1 92
1 94
1 95
1 96
1 97
1 98
1 99
1 100
1 101
1 103
1 104
1 105
1 107
1 108
1 109
1 110
1 111
1 112
1 118
1 121
1 122
1 123
1 124
1 125
1 126
1 128
1 130
1 132
1 133
1 134
1 136
1 137
1 138
1 139
1 140
1 141
1 143
1 145
1 147
1 150
1 151
1 152
1 153
1 154
1 155
1 157
1 158
1 160
1 161
1 163
1 164
1 169
1 171
1 172
1 173
1 174
1 176
1 177
1 178
1 179
1 180
1 181
1 182
1 183
1 186
1 188
1 189
1 190
1 192
1 193
1 197
1 205
1 207
1 208
1 209
1 211
1 215
1 216
1 217
1 219
1 220
1 221
1 223
1 226
1 231
1 233
1 235
1 237
1 243
1 244
1 245
1 247
1 248
1 249
1 250
1 251
1 252
1 253
1 256
1 258
1 259
1 260
1 262
1 264
1 265
1 268
1 273
1 274
1 285
1 287
1 288
1 289
1 291
1 294
1 295
1 296
1 298
1 299
1 300
1 301
1 304
1 305
1 306
1 307
1 308
1 310
1 312
1 315
1 319
1 325
1 331
1 334
1 336
1 337
1 341
1 342
1 346
1 351
1 352
1 353
1 358
1 360
1 364
1 367
1 368
1 369
1 370
1 374
1 377
1 380
1 382
1 383
1 385
1 386
1 388
1 389
1 392
1 393
1 394
1 396
1 398
1 399
1 400
1 407
1 408
1 417
1 426
1 429
1 446
1 447
1 451
1 455
1 456
1 463
1 467
1 472
1 489
1 492
1 505
1 515
1 523
1 524
1 526
1 527
1 528
1 529
1 534
1 539
1 540
1 542
1 543
1 548
1 549
1 550
1 552
1 554
1 555
1 557
1 559
1 561
1 562
1 569
1 573
1 576
1 579
1 582
1 583
1 584
1 586
1 591
1 592
1 593
1 594
1 596
1 598
1 601
1 602
1 603
1 604
1 605
1 607
1 608
1 609
1 610
1 616
1 617
1 618
1 619
1 620
1 622
1 625
1 626
1 633
1 634
1 635
1 637
1 638
1 642
1 643
1 644
1 647
1 662
1 663
1 667
1 669
1 673
1 679
1 680
1 687
1 688
1 689
1 691
1 699
1 701
1 702
1 703
1 704
1 705
1 706
1 770
1 782
1 785
1 788
1 791
1 792
1 793
1 794
1 795
1 796
1 797
1 798
1 799
1 800
1 801
1 802
1 803
1 804
1 805
1 806
1 807
1 808
1 809
1 810
1 811
1 812
1 813
1 814
1 815
1 816
1 817
2 3
2 4
2 5
2 7
2 8
2 9
2 10
2 11
2 524
2 14
2 15
2 16
2 17
2 18
2 19
2 20
2 21
2 22
2 23
2 25
2 26
2 27
2 28
2 29
2 30
2 31
2 32
2 33
2 546
2 603
2 36
2 549
2 38
2 39
2 40
2 41
2 42
2 43
2 44
2 45
2 46
2 47
2 48
2 49
2 50
2 51
2 52
2 55
2 56
2 57
2 58
2 59
2 60
2 61
2 62
2 63
2 64
2 65
2 66
2 67
2 68
2 69
2 70
2 71
2 72
2 73
2 74
2 75
2 76
2 77
2 78
2 591
2 80
2 81
2 82
2 83
2 596
2 526
2 86
2 87
2 88
2 89
2 90
2 91
2 92
2 605
2 94
2 95
2 96
2 97
2 98
2 99
2 101
2 103
2 104
2 105
2 107
2 108
2 109
2 110
2 111
2 112
2 118
2 121
2 122
2 123
2 124
2 125
2 126
2 128
2 130
2 132
2 133
2 601
2 136
2 137
2 138
2 651
2 140
2 141
2 143
2 145
2 147
2 148
2 150
2 151
2 152
2 153
2 154
2 155
2 157
2 158
2 161
2 162
2 163
2 164
2 679
2 169
2 534
2 171
2 172
2 173
2 174
2 176
2 177
2 178
2 179
2 180
2 181
2 182
2 183
2 186
2 188
2 189
2 190
2 192
2 197
2 198
2 207
2 211
2 215
2 216
2 548
2 219
2 220
2 598
2 223
2 604
2 367
2 226
2 550
2 231
2 233
2 552
2 245
2 515
2 248
2 249
2 250
2 251
2 252
2 256
2 258
2 259
2 262
2 263
2 268
2 782
2 557
2 273
2 787
2 788
2 789
2 790
2 559
2 287
2 288
2 289
2 294
2 295
2 299
2 300
2 301
2 306
2 607
2 315
2 139
2 332
2 336
2 341
2 342
2 608
2 346
2 570
2 540
2 229
2 523
2 472
2 360
2 691
2 363
2 364
2 573
2 370
2 374
2 609
2 383
2 385
2 386
2 389
2 392
2 323
2 407
2 542
2 520
2 582
2 555
2 583
2 662
2 669
2 436
2 586
2 451
2 454
2 455
2 527
2 480
2 592
2 593
2 579
2 562
2 528
2 529
2 351
2 597
3 375
3 4
3 5
3 7
3 8
3 9
3 10
3 11
3 524
3 14
3 15
3 16
3 17
3 18
3 19
3 20
3 21
3 22
3 23
3 25
3 26
3 27
3 28
3 29
3 30
3 31
3 32
3 33
3 603
3 36
3 38
3 39
3 40
3 41
3 42
3 43
3 598
3 45
3 46
3 47
3 48
3 49
3 50
3 51
3 52
3 55
3 56
3 57
3 58
3 59
3 60
3 61
3 62
3 64
3 65
3 66
3 67
3 68
3 69
3 70
3 71
3 72
3 73
3 74
3 75
3 76
3 77
3 78
3 79
3 80
3 81
3 82
3 83
3 596
3 526
3 86
3 87
3 88
3 89
3 90
3 91
3 92
3 93
3 94
3 95
3 96
3 97
3 98
3 99
3 100
3 101
3 103
3 104
3 105
3 107
3 108
3 109
3 110
3 111
3 112
3 118
3 121
3 122
3 123
3 124
3 125
3 126
3 128
3 130
3 132
3 133
3 601
3 136
3 137
3 138
3 139
3 140
3 141
3 143
3 145
3 147
3 150
3 151
3 152
3 153
3 154
3 155
3 157
3 158
3 160
3 161
3 162
3 163
3 164
3 679
3 169
3 534
3 171
3 172
3 173
3 174
3 176
3 177
3 179
3 180
3 542
3 182
3 183
3 186
3 188
3 190
3 192
3 197
3 198
3 203
3 205
3 207
3 211
3 215
3 216
3 548
3 221
3 223
3 604
3 226
3 227
3 550
3 231
3 552
3 245
3 248
3 249
3 250
3 251
3 252
3 605
3 256
3 258
3 555
3 263
3 268
3 782
3 557
3 274
3 559
3 285
3 287
3 291
3 294
3 295
3 300
3 301
3 304
3 306
3 607
3 608
3 540
3 523
3 358
3 360
3 573
3 370
3 374
3 609
3 383
3 576
3 386
3 387
3 579
3 582
3 583
3 669
3 585
3 445
3 561
3 527
3 591
3 592
3 593
3 493
3 562
3 528
3 529
4 5
4 7
4 8
4 9
4 10
4 11
4 15
4 16
4 17
4 18
4 19
4 20
4 21
4 22
4 25
4 26
4 27
4 28
4 29
4 31
4 32
4 33
4 36
4 38
4 39
4 40
4 41
4 42
4 43
4 45
4 46
4 47
4 48
4 49
4 50
4 51
4 52
4 55
4 56
4 57
4 58
4 59
4 60
4 61
4 62
4 63
4 64
4 65
4 66
4 67
4 68
4 69
4 70
4 71
4 72
4 73
4 74
4 75
4 77
4 78
4 79
4 80
4 81
4 82
4 83
4 86
4 87
4 89
4 90
4 91
4 92
4 93
4 94
4 95
4 96
4 97
4 98
4 99
4 101
4 103
4 104
4 105
4 107
4 109
4 110
4 111
4 112
4 118
4 121
4 122
4 123
4 124
4 125
4 126
4 128
4 133
4 134
4 136
4 141
4 143
4 145
4 147
4 150
4 152
4 153
4 154
4 155
4 669
4 158
4 160
4 161
4 162
4 163
4 171
4 172
4 173
4 174
4 176
4 177
4 178
4 179
4 180
4 181
4 182
4 186
4 188
4 190
4 192
4 207
4 208
4 209
4 215
4 216
4 231
4 758
4 247
4 252
4 256
4 261
4 262
4 263
4 268
4 785
4 286
4 287
4 288
4 289
4 291
4 298
4 300
4 301
4 305
4 320
4 360
4 364
4 367
4 374
4 386
4 389
4 392
4 426
4 429
4 584
4 448
5 7
5 9
5 10
5 11
5 524
5 14
5 15
5 16
5 17
5 18
5 19
5 20
5 21
5 22
5 25
5 26
5 27
5 28
5 29
5 30
5 31
5 32
5 33
5 546
5 36
5 38
5 39
5 40
5 41
5 598
5 601
5 603
