1 2
1 3
1 5
1 6
1 7
1 8
1 29
1 30
1 31
1 32
1 33
1 34
1 35
1 36
1 37
1 38
1 39
1 40
1 41
1 42
1 43
1 44
1 45
1 46
1 47
1 48
1 49
1 50
1 52
1 53
1 54
1 56
1 57
1 58
1 59
1 60
1 61
1 62
1 63
1 64
1 65
1 66
1 67
1 68
1 69
1 70
1 71
1 72
1 73
1 75
1 76
1 77
1 78
1 80
1 81
1 82
1 83
1 84
1 85
1 86
1 87
1 88
1 89
1 90
1 91
1 92
1 93
1 94
1 95
1 96
1 97
1 98
1 100
1 101
1 102
1 103
1 104
1 105
1 106
1 107
1 108
1 109
1 110
1 111
1 112
1 114
1 116
1 117
1 118
1 119
1 120
1 121
1 122
1 123
1 124
1 125
1 126
1 127
1 128
1 129
1 130
1 131
1 132
1 133
1 134
1 135
1 136
1 137
1 138
1 139
1 141
1 142
1 143
1 144
1 145
1 146
1 147
1 148
1 149
1 150
1 151
1 152
1 154
1 155
1 156
1 157
1 158
1 160
1 161
1 162
1 163
1 164
1 165
1 166
1 167
1 169
1 171
1 172
1 173
1 174
1 175
1 176
1 177
1 178
1 180
1 181
1 182
1 183
1 185
1 186
1 187
1 189
1 190
1 191
1 192
1 193
1 194
1 195
1 196
1 197
1 198
1 199
1 200
1 201
1 202
1 203
1 205
1 206
1 207
1 209
1 210
1 211
1 212
1 213
1 214
1 215
1 216
1 217
1 219
1 220
1 221
1 222
1 223
1 224
1 225
1 226
1 227
1 229
1 230
1 231
1 232
1 233
1 234
1 235
1 236
1 237
1 239
1 240
1 241
1 242
1 243
1 244
1 245
1 246
1 248
1 249
1 250
1 251
1 252
1 253
1 254
1 255
1 256
1 257
1 258
1 259
1 260
1 261
1 262
1 263
1 264
1 265
1 267
1 268
1 270
1 271
1 272
1 274
1 275
1 276
1 277
1 278
1 280
1 281
1 282
1 283
1 284
1 285
1 286
1 287
1 288
1 289
1 290
1 291
1 292
1 293
1 294
1 295
1 296
1 297
1 298
1 299
1 302
1 303
1 304
1 305
1 306
1 307
1 308
2 1
2 23
3 16
3 1
4 17
4 19
5 1
5 17
6 1
6 17
7 8
7 1
7 16
7 23
8 1
8 7
8 9
8 10
8 11
8 12
8 13
8 14
8 15
8 16
8 17
8 18
8 19
8 20
8 21
8 309
8 310
8 311
8 312
8 313
8 314
8 315
8 316
8 317
8 318
8 319
8 321
8 322
8 323
8 324
8 325
8 326
8 327
8 328
8 329
8 330
8 331
8 332
8 333
8 334
8 335
8 336
8 337
8 338
8 339
8 340
8 341
8 342
8 343
8 344
8 345
8 346
8 347
8 349
8 350
8 351
8 352
8 353
8 354
8 355
8 356
8 357
8 358
8 359
8 360
8 362
8 363
8 364
8 365
8 366
8 367
8 368
8 369
8 371
8 372
8 373
8 375
8 376
8 377
8 378
8 379
8 380
8 381
8 382
8 383
8 384
8 385
8 386
8 388
8 389
8 390
8 391
8 392
8 393
8 394
8 395
8 396
8 397
8 398
8 399
8 400
8 401
8 402
8 403
8 404
8 405
8 406
8 407
8 408
8 409
8 410
8 411
8 412
8 414
8 415
8 416
8 417
8 418
8 421
8 422
8 423
8 424
8 425
8 426
8 427
8 428
8 430
8 431
8 432
8 433
8 434
8 435
8 436
8 437
8 438
8 439
8 440
8 441
8 442
8 443
8 444
8 445
8 446
8 447
8 448
8 449
8 450
8 451
8 452
8 453
8 454
8 456
8 457
8 458
8 459
8 460
8 462
8 463
8 464
8 465
8 466
8 467
8 468
8 470
8 471
8 472
8 473
8 474
8 475
8 476
8 477
8 478
8 479
8 480
8 481
8 482
8 483
8 484
8 485
8 486
8 487
8 488
8 489
8 490
8 491
8 492
8 493
8 494
8 496
8 497
8 498
8 499
8 500
8 501
8 502
8 503
8 504
8 505
8 506
8 507
8 508
8 509
8 510
8 511
8 512
8 513
8 514
8 515
8 516
8 517
8 518
8 519
8 520
8 521
8 522
8 523
8 524
8 526
8 527
8 528
8 530
8 534
8 535
8 536
8 537
8 538
8 539
8 540
8 541
8 542
8 543
8 544
8 545
8 546
8 547
8 548
8 550
8 551
8 552
8 553
8 554
8 555
8 556
8 557
8 558
8 559
8 560
8 561
8 562
8 563
8 565
8 566
8 567
8 568
8 569
8 571
8 572
8 573
8 574
8 575
8 576
8 577
8 578
8 579
8 580
8 581
8 582
8 583
8 584
8 585
8 586
8 587
8 588
8 589
8 590
8 591
8 592
8 593
8 594
8 595
8 596
8 597
8 598
8 599
8 600
8 601
8 602
8 603
8 604
8 605
8 606
8 607
8 608
8 609
8 610
8 611
8 612
8 613
8 616
8 617
8 618
8 619
8 620
8 621
8 622
8 623
8 624
8 625
8 626
8 627
8 628
8 629
8 631
8 632
8 633
8 635
8 636
8 637
8 638
8 639
8 640
8 641
8 642
8 644
8 645
8 646
8 647
8 649
8 650
8 651
8 652
8 653
8 654
8 655
8 656
8 657
8 658
8 659
8 660
8 661
8 662
8 663
8 664
8 666
8 667
8 669
8 672
8 673
8 674
8 675
8 676
8 677
8 680
8 682
8 683
8 684
8 685
8 686
8 687
8 688
8 689
8 690
8 691
8 692
8 693
8 694
8 695
8 696
8 697
8 698
8 700
8 701
8 702
8 703
8 704
8 705
8 706
8 707
8 708
8 709
8 710
8 711
8 712
8 713
8 714
8 715
8 716
8 717
8 718
8 719
8 720
8 721
8 722
8 723
8 724
8 725
8 726
8 727
8 728
8 729
8 730
8 731
8 732
8 733
8 734
8 735
8 736
8 737
8 738
8 740
8 741
8 742
8 743
8 744
8 745
8 746
8 747
8 748
8 749
8 750
8 751
8 752
8 753
8 754
8 755
8 756
8 757
8 758
8 759
8 760
8 761
8 762
8 763
8 764
8 765
8 766
8 767
8 768
8 769
8 770
8 771
8 772
8 773
8 774
9 8
9 24
10 8
10 16
11 8
12 8
12 16
13 8
13 16
14 8
14 16
15 8
15 16
16 3
16 7
16 8
16 10
16 12
16 13
16 14
16 15
16 22
16 636
16 651
16 771
16 775
16 776
16 777
16 778
16 779
16 780
16 781
16 782
16 783
16 785
16 786
16 787
16 788
16 789
16 790
16 791
16 792
16 793
16 794
16 795
16 796
16 797
16 798
16 799
16 801
16 802
16 803
16 804
16 805
16 807
16 808
16 809
16 810
16 812
16 813
16 814
16 815
16 816
16 817
16 819
16 821
16 822
16 823
16 824
16 826
16 827
16 828
16 831
16 832
16 833
16 834
16 835
16 836
16 837
16 838
16 839
16 840
16 841
16 842
16 844
16 845
16 846
16 847
16 848
16 849
16 850
16 852
16 853
16 855
16 857
16 859
16 860
16 861
16 862
16 865
16 866
16 868
16 869
16 871
16 872
16 873
16 874
16 875
16 876
16 877
16 878
16 879
16 881
16 882
16 884
16 885
16 886
16 887
16 888
16 889
16 890
16 891
16 892
16 893
16 894
16 895
16 896
16 897
16 898
16 899
16 900
16 901
16 902
16 903
16 904
16 905
16 908
16 910
16 911
16 912
16 914
16 915
16 916
16 917
16 918
16 919
16 920
16 921
16 922
16 923
16 924
16 925
16 926
16 927
16 928
16 929
16 931
16 932
16 933
16 934
16 935
16 936
16 937
16 938
16 939
16 940
16 941
16 942
16 943
16 944
16 945
16 946
16 947
16 948
16 949
16 950
16 951
16 952
16 953
16 954
16 955
16 956
16 957
16 958
16 959
16 962
16 963
16 964
16 965
16 966
16 968
16 969
16 970
16 971
16 972
16 973
16 974
16 975
16 977
16 978
16 979
16 981
16 982
16 983
16 984
16 985
16 986
16 987
16 988
16 989
16 990
16 991
16 992
16 993
16 994
16 995
16 998
16 999
16 1000
16 1001
16 1002
16 1003
16 1004
16 1005
16 1006
16 1007
16 1008
16 1009
16 1010
16 1011
16 1012
16 1013
16 1014
16 1015
16 1016
16 1018
16 1019
16 1020
16 1021
16 1022
16 1023
16 1024
16 1025
16 1026
16 1027
16 1028
16 1029
16 1030
16 1031
16 1033
16 1034
16 1035
16 1036
16 1037
16 1038
16 1040
16 1041
16 1042
16 1044
16 1045
16 1046
16 1047
16 1048
16 1050
16 1052
16 1053
16 1054
16 1055
16 1056
16 1058
16 1059
16 1060
16 1061
16 1062
16 1064
16 1065
16 1066
16 1067
16 1068
16 1069
16 1070
16 1071
16 1072
16 1073
16 1074
16 1075
16 1076
16 1077
16 1078
16 1079
16 1080
16 1081
16 1082
16 1083
16 1085
16 1086
16 1088
16 1089
16 1090
16 1091
16 1093
16 1094
16 1095
16 1096
16 1097
16 1099
16 1100
16 1101
16 1102
16 1103
16 1104
16 1105
16 1107
16 1108
16 1111
16 1112
16 1113
16 1114
16 1115
16 1116
16 1117
16 1118
16 1119
16 1121
16 1122
16 1123
16 1124
16 1126
16 1127
16 1128
16 1129
16 1131
16 1132
16 1134
16 1135
16 1136
16 1137
16 1138
16 1139
16 1141
16 1142
16 1143
16 1144
16 1145
16 1146
16 1147
16 1148
16 1149
16 1150
16 1151
16 1152
16 1153
16 1154
16 1155
16 1156
16 1157
16 1158
16 1159
16 1160
16 1161
16 1162
16 1163
16 1164
16 1165
16 1166
16 1168
16 1169
16 1170
16 1171
16 1172
16 1173
16 1174
16 1175
16 1177
16 1178
16 1180
16 1181
16 1182
16 1187
16 1188
16 1189
16 1190
16 1191
16 1192
16 1194
16 1195
16 1196
16 1197
16 1198
16 1199
16 1201
16 1202
16 1203
16 1204
16 1205
16 1206
16 1207
16 1208
16 1209
16 1210
16 1211
16 1212
16 1213
16 1214
16 1215
16 1216
16 1217
16 1218
16 1219
16 1220
16 1221
16 1222
16 1223
16 1224
16 1225
16 1227
16 1228
16 1229
16 1230
16 1231
16 1232
16 1233
16 1234
16 1235
16 1236
16 1237
16 1238
16 1239
16 1240
16 1241
16 1243
16 1244
16 1245
16 1246
16 1247
16 1248
16 1249
16 1250
16 1251
16 1252
16 1253
16 1254
16 1255
16 1256
16 1257
16 1258
16 1259
16 1260
16 1261
16 1262
16 1263
16 1264
16 1265
16 1266
16 1267
16 1269
16 1270
16 1272
16 1273
16 1274
16 1275
16 1276
16 1277
16 1278
16 1279
16 1280
16 1281
16 1282
16 1283
16 1284
16 1285
16 1286
16 1287
16 1288
16 1289
16 1290
16 1291
16 1292
16 1293
16 1294
16 1295
16 1296
16 1297
16 1298
16 1299
16 1300
16 1301
16 1302
16 1303
16 1304
16 1305
16 1306
16 1307
16 1308
16 1309
16 1310
16 1311
16 1312
16 1313
16 1314
16 1315
16 1317
16 1318
16 1319
16 1320
16 1321
16 1322
16 1323
16 1326
16 1328
16 1329
16 1330
16 1331
16 1332
16 1333
16 1334
16 1335
16 1336
16 1337
16 1338
16 1339
16 1340
16 1341
16 1342
16 1343
16 1345
16 1346
16 1347
16 1348
16 1349
16 1350
16 1351
16 1353
16 1354
16 1355
16 1356
16 1357
16 1358
16 1359
16 1360
16 1361
16 1362
16 1363
16 1364
16 1365
16 1366
16 1367
16 1368
16 1369
16 1370
16 1371
16 1372
16 1373
16 1374
16 1375
16 1376
16 1377
16 1378
16 1379
16 1380
16 1381
16 1382
16 1383
16 1384
16 1385
16 1386
16 1387
16 1388
16 1389
16 1390
16 1391
16 1392
16 1393
16 1394
16 1395
16 1396
16 1398
16 1399
16 1400
16 1401
16 1402
16 1403
16 1404
16 1405
16 1406
16 1407
16 1408
16 1409
16 1410
16 1411
16 1413
16 1414
16 1415
16 1416
16 1417
16 1418
16 1419
16 1420
16 1421
16 1423
16 1424
16 1425
16 1426
16 1427
16 1428
16 1429
16 1430
16 1431
16 1432
16 1433
16 1435
16 1436
16 1437
16 1438
16 1439
16 1440
16 1441
16 1442
16 1443
16 1444
16 1445
16 1447
16 1448
16 1449
16 1450
16 1451
16 1452
16 1453
16 1454
16 1455
16 1456
16 1457
16 1458
16 1459
16 1460
16 1461
16 1462
16 1463
16 1464
16 1466
16 1468
16 1469
16 1470
16 1471
16 1472
16 1473
16 1474
16 1475
16 1476
16 1477
16 1478
16 1479
16 1480
16 1482
16 1483
16 1484
16 1485
16 1486
16 1487
16 1488
16 1489
16 1490
16 1491
16 1492
16 1493
16 1494
16 1495
16 1496
16 1497
16 1498
16 1499
16 1500
16 1501
16 1502
16 1503
16 1504
16 1505
16 1506
16 1508
16 1509
16 1510
16 1511
16 1513
16 1514
16 1515
16 1516
16 1517
16 1518
16 1519
16 1520
16 1521
16 1522
16 1523
16 1524
16 1526
16 1527
16 1528
16 1529
17 1536
17 1537
17 1539
17 4
17 5
17 6
17 8
17 1545
17 1546
17 1547
17 1548
17 1549
17 1550
17 1551
17 1552
17 1553
17 18
17 19
17 1556
17 21
17 1558
17 1559
17 1560
17 1540
17 1562
17 1563
17 1564
17 1565
17 1541
17 1570
17 1571
17 1572
17 1542
17 1574
17 1575
17 1576
17 1577
17 1578
17 1580
17 1582
17 1583
17 1584
17 1585
17 1587
17 1588
17 1589
17 1590
17 1591
17 1592
17 1593
17 1594
17 1595
17 1596
17 1597
17 1598
17 1599
17 1600
17 1601
17 1602
17 1603
17 1605
17 1606
17 1607
17 1608
17 1610
17 1613
17 1614
17 1615
17 1616
17 1617
17 1618
17 1620
17 1621
17 1622
17 1623
17 1624
17 1625
17 1626
17 1627
17 1628
17 1629
17 1630
17 1631
17 1632
17 1633
17 1634
17 1635
17 1636
17 1638
17 1639
17 1640
17 1641
17 1642
17 1643
17 1644
17 1554
17 1646
17 1647
17 1648
17 1649
17 1650
17 1651
17 1652
17 1653
17 1654
17 1655
17 1656
17 1658
17 1660
17 1661
17 1662
17 1557
17 1664
17 1665
17 1666
17 1667
17 1668
17 1669
17 1670
17 1671
17 1672
17 1673
17 1674
17 1675
17 1676
17 1677
17 1678
17 1645
17 1680
17 1681
17 1682
17 1683
17 1684
17 1685
17 1686
17 1561
17 1688
17 1689
17 1690
17 1691
17 1692
17 1694
17 1695
17 1696
17 1697
17 1698
17 1699
17 1700
17 1701
17 1702
17 1703
17 1704
17 1705
17 1707
17 1708
17 1709
17 1710
17 1711
17 1712
17 1713
17 1714
17 1715
17 1716
17 1718
17 1719
17 1720
17 1721
17 1722
17 1567
17 1724
17 1726
17 1727
17 1728
17 1729
17 1730
17 1731
17 1732
17 1733
17 1734
17 1735
17 1736
17 1737
17 722
17 723
17 724
17 725
17 726
17 727
17 1573
17 1663
17 1687
17 1723
17 1531
17 1532
17 1534
17 1535
18 8
18 17
18 19
19 4
19 8
19 1550
19 17
19 18
19 1556
19 21
19 1558
19 1568
19 1571
19 1577
19 1588
19 1596
19 1597
19 1601
19 1604
19 1609
19 1611
19 1633
19 1636
19 1553
19 1554
19 1646
19 1654
19 20
19 1667
19 1671
19 1684
19 1685
19 1686
19 1694
19 1711
19 1713
19 1720
19 1723
19 1725
19 1726
19 1728
19 1738
19 1739
19 1740
19 1741
19 1742
19 1743
19 1744
19 1745
19 1746
19 1747
19 1748
19 1749
19 1751
19 1752
19 1753
19 1754
19 1755
19 1756
19 1757
19 1758
19 1759
19 1760
19 1761
19 1762
19 1763
19 1765
19 1766
19 1767
19 1768
19 1769
19 1770
19 1771
19 1772
19 1773
19 1774
19 1775
19 1776
19 1777
19 1778
19 1779
19 1780
19 1781
19 1782
19 1783
19 1784
19 1785
19 1786
19 1787
19 1788
19 1789
19 1790
19 1791
19 1792
19 1795
19 1796
19 1797
19 1798
19 1799
19 1801
19 1802
19 1803
19 1805
19 1806
19 1807
19 1808
19 728
19 1810
19 1811
19 1812
19 1813
19 1814
19 1815
19 1816
19 1817
19 1818
19 1820
19 1821
19 1822
19 1823
19 1824
19 1825
19 1826
19 1827
19 1829
19 1809
19 729
20 8
20 19
20 23
21 8
21 17
21 19
21 23
22 16
22 28
23 2048
23 2049
23 2
23 2051
23 2052
23 2053
23 2054
23 7
23 2056
23 2057
23 2058
23 2059
23 2060
23 2050
23 2062
23 2063
23 2065
23 2066
23 2067
23 20
23 21
23 2070
23 2071
23 2072
23 2073
23 2074
23 2075
23 2076
23 2077
23 2078
23 2079
23 2081
23 2082
23 2083
23 2084
23 2086
23 2087
23 2088
23 2089
23 2090
23 2055
23 2092
23 2093
23 2094
23 2095
23 2096
23 2097
23 2098
23 2099
23 2100
23 2101
23 2102
23 2103
23 2104
23 2105
23 2106
23 2107
23 2108
23 2109
23 2110
23 2111
23 2112
23 2113
23 2114
23 2115
23 2116
23 2117
23 2118
23 2119
23 2120
23 2121
23 2122
23 2124
23 2125
23 2126
23 2061
23 2128
23 2129
23 2130
23 2131
23 2132
23 2133
23 2134
23 2135
23 2137
23 2138
23 2139
23 2140
23 2141
23 2142
23 2143
23 2144
23 2145
23 2147
23 2148
23 2149
23 2150
23 2152
23 2153
23 2154
23 2157
23 2158
23 2159
23 2160
23 2161
23 2162
23 2163
23 2164
23 2165
23 2166
23 2167
23 2168
23 2068
23 2170
23 2171
23 2172
23 2173
23 2174
23 2069
23 2176
23 2177
23 2179
23 2180
23 2181
23 2182
23 2183
23 2184
23 2185
23 2186
23 2187
23 2189
23 2190
23 2191
23 2192
23 2195
23 2198
23 2200
23 2201
23 2202
23 2203
23 2204
23 2205
23 2206
23 2207
23 2209
23 2210
23 2211
23 2212
23 2213
23 2214
23 2215
23 2216
23 2217
23 2218
23 2219
23 2221
23 2222
23 2223
23 2224
23 2225
23 2226
23 2227
23 2228
23 2229
23 2230
23 2231
23 2233
23 2234
23 2236
23 2237
23 2238
23 2239
23 2240
23 2241
23 2242
23 2244
23 2245
23 2246
23 2247
23 2248
23 2249
23 2250
23 2251
23 2252
23 2253
23 2254
23 2255
23 2256
23 2257
23 2258
23 2259
23 2260
23 2261
23 2262
23 2264
23 2265
23 2266
23 2267
23 2268
23 2269
23 2271
23 2272
23 2273
23 2274
23 2275
23 2276
23 2277
23 2278
23 2279
23 2280
23 2281
23 2282
23 2283
23 2284
23 2285
23 2286
23 2287
23 2288
23 2289
23 2290
23 2292
23 2293
23 2294
23 2295
23 2296
23 2298
23 2299
23 2301
23 2302
23 2303
23 2304
23 2305
23 2306
23 2091
23 2308
23 2310
23 2311
23 2313
23 2314
23 2316
23 2317
23 2318
23 2319
23 2320
23 2321
23 2322
23 2323
23 2324
23 2325
23 2326
23 2327
23 2328
23 2329
23 2330
23 2331
23 2332
23 2333
23 2334
23 2335
23 2336
23 2337
23 2338
23 2339
23 2343
23 2344
23 2345
23 2346
23 2348
23 2349
23 2350
23 2351
23 2352
23 2353
23 2355
23 2356
23 2357
23 2358
23 2359
23 2360
23 2361
23 2363
23 2364
23 2365
23 2366
23 2367
23 2368
23 2369
23 2370
23 2371
23 2373
23 2374
23 2375
23 2376
23 2377
23 2378
23 2379
23 2380
23 2381
23 2382
23 2383
23 2384
23 2385
23 2386
23 2387
23 2388
23 2389
23 2390
23 2392
23 2393
23 2394
23 2395
23 2396
23 2397
23 2399
23 2400
23 2401
23 2402
23 2403
23 2404
23 2406
23 2409
23 2410
23 2411
23 2412
23 2413
23 2414
23 2415
23 2417
23 2418
23 2419
23 2420
23 2422
23 2423
23 2425
23 2426
23 2427
23 2428
23 2429
23 2430
23 2431
23 2432
23 2433
23 2434
23 2435
23 2437
23 2438
23 2439
23 2440
23 2441
23 2442
23 2443
23 2444
23 2445
23 2446
23 2447
23 2448
23 2449
23 2450
23 2451
23 2452
23 2453
23 2454
23 2455
23 2456
23 2457
23 2458
23 2460
23 2461
23 2462
23 2463
23 2464
23 2465
23 2466
23 2467
23 2468
23 2470
23 2471
23 2472
23 2473
23 2474
23 2475
23 2476
23 2477
23 2479
23 2480
23 2481
23 2482
23 2483
23 2484
23 2485
23 2487
23 2488
23 2489
23 2490
23 2491
23 2492
23 2493
23 2495
23 2496
23 2497
23 2498
23 2499
23 2501
23 2502
23 2503
23 2504
23 2505
23 2506
23 2507
23 2508
23 2509
23 2510
23 2512
23 2513
23 2514
23 2515
23 2516
23 2518
23 2519
23 2520
23 2521
23 2522
23 2127
23 2524
23 2525
23 2526
23 2527
23 2528
23 2529
23 2530
23 2532
23 2533
23 2534
23 2535
23 2536
23 2169
23 2175
23 2523
23 1831
23 1832
23 1833
23 1834
23 1835
23 1836
23 1837
23 1838
23 1839
23 1840
23 1841
23 1842
23 1843
23 1844
23 1845
23 1846
23 1847
23 1848
23 1849
23 1851
23 1853
23 1854
23 1855
23 1856
23 1857
23 1858
23 1859
23 1860
23 1861
23 1862
23 1863
23 1864
23 1866
23 1868
23 1869
23 1870
23 1872
23 1873
23 1874
23 1875
23 1876
23 1877
23 1878
23 1879
23 1880
23 1881
23 1882
23 1883
23 1884
23 1885
23 1886
23 1887
23 1888
23 1889
23 1890
23 1891
23 1892
23 1893
23 1894
23 1895
23 1896
23 1897
23 1898
23 1899
23 1900
23 1901
23 1902
23 1903
23 1904
23 1905
23 1906
23 1907
23 1908
23 1909
23 1910
23 1911
23 1912
23 1913
23 1914
23 1915
23 1916
23 1917
23 1920
23 1921
23 1922
23 1923
23 1924
23 1926
23 1927
23 1928
23 1929
23 1930
23 1931
23 1932
23 1933
23 1934
23 1935
23 1936
23 1937
23 1938
23 1939
23 1940
23 1941
23 1942
23 1943
23 1944
23 1945
23 1946
23 1947
23 1948
23 1949
23 1950
23 1951
23 1952
23 1953
23 1954
23 1955
23 1956
23 1957
23 1959
23 1960
23 1961
23 1962
23 1963
23 1964
23 1965
23 1966
23 1967
23 1968
23 1969
23 1970
23 1971
23 1972
23 1974
23 1975
23 1976
23 1977
23 1978
23 1979
23 1981
23 1982
23 1983
23 1984
23 1985
23 1986
23 1987
23 1988
23 1989
23 1990
23 1991
23 1993
23 1994
23 1995
23 1996
23 1997
23 1998
23 1999
23 2000
23 2001
23 2002
23 2003
23 2004
23 2005
23 2006
23 2007
23 2009
23 2010
23 2011
23 2012
23 2013
23 2014
23 2015
23 2016
23 2018
23 2019
23 2020
23 2021
23 2022
23 2024
23 2025
23 2026
23 2027
23 2028
23 2029
23 2030
23 2031
23 2032
23 2033
23 2034
23 2035
23 2036
23 2037
23 2038
23 2039
23 2040
23 2041
23 2043
23 2044
23 2045
23 2046
23 2047
24 2560
24 2561
24 2562
24 2563
24 2564
24 2565
24 2566
24 2567
24 9
24 2570
24 2571
24 2572
24 2573
24 2574
24 2575
24 2576
24 2577
24 2578
24 2579
24 2580
24 2581
24 2582
24 2583
24 2584
24 2585
24 2586
24 2587
24 2588
24 2589
24 2590
24 2591
24 2592
24 2593
24 2594
24 2595
24 2596
24 2598
24 2599
24 2600
24 2601
24 2602
24 2603
24 2604
24 2605
24 2606
24 2607
24 2609
24 2610
24 2611
24 2612
24 2613
24 2614
24 2615
24 2617
24 2618
24 2619
24 2620
24 2621
24 2622
24 2623
24 2624
24 2625
24 2626
24 2627
24 2628
24 2629
24 2630
24 2631
24 2632
24 2539
24 2540
24 2541
24 2542
24 2543
24 2544
24 2545
24 2546
24 2547
24 2549
24 2550
24 2551
24 2552
24 2554
24 2556
24 2557
24 2558
24 2559
25 2688
25 2689
25 2633
25 2634
25 2635
25 2636
25 2637
25 2638
25 2639
25 2640
25 2641
25 2642
25 2643
25 2644
25 2645
25 2646
25 2647
25 2648
25 2649
25 2650
25 2651
25 2652
25 2654
25 2655
25 2656
25 2657
25 2658
25 2659
25 2660
25 2661
25 2662
25 2663
25 2664
25 2665
25 2668
25 2669
25 2670
25 2671
25 2672
25 2673
25 2674
25 2676
25 2678
25 2680
25 2682
25 2683
25 2684
25 2685
25 2686
25 2687
26 27
26 28
26 2690
26 2691
26 2693
26 2695
26 2696
26 2697
26 2698
26 2699
26 2700
26 2702
26 2703
26 2704
26 2705
26 2707
26 2708
26 2709
26 2710
26 2711
26 2712
26 2713
26 2714
26 2715
26 2716
26 2717
26 2718
26 2719
26 2720
26 2721
26 2722
26 2723
26 2724
26 2725
26 2726
26 2727
26 2728
26 2729
26 2730
26 2733
26 2734
26 2735
26 2736
26 2737
26 2740
26 2741
26 2742
26 2743
26 2744
26 2745
26 2746
26 2747
26 2751
26 2752
26 2753
26 2754
26 2755
26 2756
26 2757
26 2758
26 2759
26 2760
26 2761
26 2762
26 2763
26 2766
26 2767
26 2768
26 2769
26 2770
26 2771
26 2772
26 2773
26 2774
26 2775
26 2776
26 2777
26 2778
26 2779
26 2780
26 2781
26 2783
26 2784
26 2785
26 2786
26 2787
26 2788
26 2789
26 2790
26 2791
26 2792
26 2794
26 2795
26 2796
26 2797
26 2798
26 2799
26 2800
26 2801
26 2802
26 2803
26 2804
26 2805
26 2806
26 2807
26 2808
26 2809
26 2810
26 2811
26 2812
26 2813
26 2814
26 2816
26 2817
26 2819
26 2820
26 2821
26 2822
26 2823
26 2824
26 2825
26 2826
26 2827
26 2828
26 2829
26 2830
26 2831
26 2832
26 2833
26 2834
26 2835
26 2836
26 2837
26 2838
26 2839
26 2840
26 2841
26 2842
26 2843
26 2844
26 2845
26 2846
26 2847
26 2848
26 2849
26 2850
26 2851
26 2852
26 2853
26 2854
26 2856
26 2857
27 26
27 28
28 2824
28 2826
28 2829
28 2831
28 2709
28 22
28 2841
28 26
28 27
28 2882
28 2714
28 2720
28 2857
28 2730
28 2859
28 2860
28 2861
28 2863
28 2864
28 2865
28 2866
28 2867
28 2868
28 2869
28 2870
28 2871
28 2872
28 2873
28 2746
28 2875
28 2748
28 2877
28 2878
28 2879
28 2880
28 2881
28 2754
28 2884
28 2885
28 2886
28 2887
28 2888
28 2773
28 2775
28 2777
28 2874
28 2876
28 2801
28 2804
28 2805
28 2806
28 2811
28 2858
29 1
30 1
31 1
32 1
33 1
34 1
35 1
36 1
37 1
38 1
39 1
40 1
41 1
42 1
43 1
44 1
45 1
46 1
47 1
48 1
49 1
50 1
52 1
53 1
54 1
56 1
57 1
58 1
59 1
60 1
61 1
62 1
63 1
64 1
65 1
66 1
67 1
68 1
69 1
70 1
71 1
72 1
73 1
75 1
76 1
77 1
78 1
80 1
81 1
82 1
83 1
84 1
85 1
86 1
87 1
88 1
89 1
90 1
91 1
92 1
93 1
94 1
95 1
96 1
97 1
98 1
100 1
101 1
102 1
103 1
104 1
105 1
106 1
107 1
108 1
109 1
110 1
111 1
112 1
114 1
116 1
117 1
118 1
119 1
120 1
121 1
122 1
123 1
124 1
125 1
126 1
127 1
128 1
129 1
130 1
131 1
132 1
133 1
134 1
135 1
136 1
137 1
138 1
139 1
141 1
142 1
143 1
144 1
145 1
146 1
147 1
148 1
149 1
150 1
151 1
152 1
154 1
155 1
156 1
157 1
158 1
160 1
161 1
162 1
163 1
164 1
165 1
166 1
167 1
169 1
171 1
172 1
173 1
174 1
175 1
176 1
177 1
178 1
180 1
181 1
182 1
183 1
185 1
186 1
187 1
189 1
190 1
191 1
192 1
193 1
194 1
195 1
196 1
197 1
198 1
199 1
200 1
201 1
202 1
203 1
205 1
206 1
207 1
209 1
210 1
211 1
212 1
213 1
214 1
215 1
216 1
217 1
219 1
220 1
221 1
222 1
223 1
224 1
225 1
226 1
227 1
229 1
230 1
231 1
232 1
233 1
234 1
235 1
236 1
237 1
239 1
240 1
241 1
242 1
243 1
244 1
245 1
246 1
248 1
249 1
250 1
251 1
252 1
253 1
254 1
255 1
256 1
257 1
258 1
259 1
260 1
261 1
262 1
263 1
264 1
265 1
267 1
268 1
270 1
271 1
272 1
274 1
275 1
276 1
277 1
278 1
280 1
281 1
282 1
283 1
284 1
285 1
286 1
287 1
288 1
289 1
290 1
291 1
292 1
293 1
294 1
295 1
296 1
297 1
298 1
299 1
302 1
303 1
304 1
305 1
306 1
307 1
308 1
309 8
310 8
311 8
312 8
313 8
314 8
315 8
316 8
317 8
318 8
319 8
321 8
322 8
323 8
324 8
325 8
326 8
327 8
328 8
329 8
330 8
331 8
332 8
333 8
334 8
335 8
336 8
337 8
338 8
339 8
340 8
341 8
342 8
343 8
344 8
345 8
346 8
347 8
349 8
350 8
351 8
352 8
353 8
354 8
355 8
356 8
357 8
358 8
359 8
360 8
362 8
363 8
364 8
365 8
366 8
367 8
368 8
369 8
371 8
372 8
373 8
375 8
376 8
377 8
378 8
379 8
380 8
381 8
382 8
383 8
384 8
385 8
386 8
388 8
389 8
390 8
391 8
392 8
393 8
394 8
395 8
396 8
397 8
398 8
399 8
400 8
401 8
402 8
403 8
404 8
405 8
406 8
407 8
408 8
409 8
410 8
411 8
412 8
414 8
415 8
416 8
417 8
418 8
421 8
422 8
423 8
424 8
425 8
426 8
427 8
428 8
430 8
431 8
432 8
433 8
434 8
435 8
436 8
437 8
438 8
439 8
440 8
441 8
442 8
443 8
444 8
445 8
446 8
447 8
448 8
449 8
450 8
451 8
452 8
453 8
454 8
456 8
457 8
458 8
459 8
460 8
462 8
463 8
464 8
465 8
466 8
467 8
468 8
470 8
471 8
472 8
473 8
474 8
475 8
476 8
477 8
478 8
479 8
480 8
481 8
482 8
483 8
484 8
485 8
486 8
487 8
488 8
489 8
490 8
491 8
492 8
493 8
494 8
496 8
497 8
498 8
499 8
500 8
501 8
502 8
503 8
504 8
505 8
506 8
507 8
508 8
509 8
510 8
511 8
512 8
513 8
514 8
515 8
516 8
517 8
518 8
519 8
520 8
521 8
522 8
523 8
524 8
526 8
527 8
528 8
530 8
534 8
535 8
536 8
537 8
538 8
539 8
540 8
541 8
542 8
543 8
544 8
545 8
546 8
547 8
548 8
550 8
551 8
552 8
553 8
554 8
555 8
556 8
557 8
558 8
559 8
560 8
561 8
562 8
563 8
565 8
566 8
567 8
568 8
569 8
571 8
572 8
573 8
574 8
575 8
576 8
577 8
578 8
579 8
580 8
581 8
582 8
583 8
584 8
585 8
586 8
587 8
588 8
589 8
590 8
591 8
592 8
593 8
594 8
595 8
596 8
597 8
598 8
599 8
600 8
601 8
602 8
603 8
604 8
605 8
606 8
607 8
608 8
609 8
610 8
611 8
612 8
613 8
616 8
617 8
618 8
619 8
620 8
621 8
622 8
623 8
624 8
625 8
626 8
627 8
628 8
629 8
631 8
632 8
633 8
635 8
636 8
636 16
637 8
638 8
639 8
640 8
641 8
642 8
644 8
645 8
646 8
647 8
649 8
650 8
651 8
651 16
652 8
653 8
654 8
655 8
656 8
657 8
658 8
659 8
660 8
661 8
662 8
663 8
664 8
666 8
667 8
669 8
672 8
673 8
674 8
675 8
676 8
677 8
680 8
682 8
683 8
684 8
685 8
686 8
687 8
688 8
689 8
690 8
691 8
692 8
693 8
694 8
695 8
696 8
697 8
698 8
700 8
701 8
702 8
703 8
704 8
705 8
706 8
707 8
708 8
709 8
710 8
711 8
712 8
713 8
714 8
715 8
716 8
717 8
718 8
719 8
720 8
721 8
722 8
722 17
723 8
723 17
724 8
724 17
725 8
725 17
726 8
726 17
727 8
727 17
728 8
728 19
729 8
729 19
730 8
731 8
732 8
733 8
734 8
735 8
736 8
737 8
738 8
740 8
741 8
742 8
743 8
744 8
745 8
746 8
747 8
748 8
749 8
750 8
751 8
752 8
753 8
754 8
755 8
756 8
757 8
758 8
759 8
760 8
761 8
762 8
763 8
764 8
765 8
766 8
767 8
768 8
769 8
770 8
771 8
771 16
772 8
773 8
774 8
775 16
776 16
777 16
778 16
779 16
780 16
781 16
782 16
783 16
785 16
786 16
787 16
788 16
789 16
790 16
791 16
792 16
793 16
794 16
795 16
796 16
797 16
798 16
799 16
801 16
802 16
803 16
804 16
805 16
807 16
808 16
809 16
810 16
812 16
813 16
814 16
815 16
816 16
817 16
819 16
821 16
822 16
823 16
824 16
826 16
827 16
828 16
831 16
832 16
833 16
834 16
835 16
836 16
837 16
838 16
839 16
840 16
841 16
842 16
844 16
845 16
846 16
847 16
848 16
849 16
850 16
852 16
853 16
855 16
857 16
859 16
860 16
861 16
862 16
865 16
866 16
868 16
869 16
871 16
872 16
873 16
874 16
875 16
876 16
877 16
878 16
879 16
881 16
882 16
884 16
885 16
886 16
887 16
888 16
889 16
890 16
891 16
892 16
893 16
894 16
895 16
896 16
897 16
898 16
899 16
900 16
901 16
902 16
903 16
904 16
905 16
908 16
910 16
911 16
912 16
914 16
915 16
916 16
917 16
918 16
919 16
920 16
921 16
922 16
923 16
924 16
925 16
926 16
927 16
928 16
929 16
931 16
932 16
933 16
934 16
935 16
936 16
937 16
938 16
939 16
940 16
941 16
942 16
943 16
944 16
945 16
946 16
947 16
948 16
949 16
950 16
951 16
952 16
953 16
954 16
955 16
956 16
957 16
958 16
959 16
962 16
963 16
964 16
965 16
966 16
968 16
969 16
970 16
971 16
972 16
973 16
974 16
975 16
977 16
978 16
979 16
981 16
982 16
983 16
984 16
985 16
986 16
987 16
988 16
989 16
990 16
991 16
992 16
993 16
994 16
995 16
998 16
999 16
1000 16
1001 16
1002 16
1003 16
1004 16
1005 16
1006 16
1007 16
1008 16
1009 16
1010 16
1011 16
1012 16
1013 16
1014 16
1015 16
1016 16
1018 16
1019 16
1020 16
1021 16
1022 16
1023 16
1024 16
1025 16
1026 16
1027 16
1028 16
1029 16
1030 16
1031 16
1033 16
1034 16
1035 16
1036 16
1037 16
1038 16
1040 16
1041 16
1042 16
1044 16
1045 16
1046 16
1047 16
1048 16
1050 16
1052 16
1053 16
1054 16
1055 16
1056 16
1058 16
1059 16
1060 16
1061 16
1062 16
1064 16
1065 16
1066 16
1067 16
1068 16
1069 16
1070 16
1071 16
1072 16
1073 16
1074 16
1075 16
1076 16
1077 16
1078 16
1079 16
1080 16
1081 16
1082 16
1083 16
1085 16
1086 16
1088 16
1089 16
1090 16
1091 16
1093 16
1094 16
1095 16
1096 16
1097 16
1099 16
1100 16
1101 16
1102 16
1103 16
1104 16
1105 16
1107 16
1108 16
1111 16
1112 16
1113 16
1114 16
1115 16
1116 16
1117 16
1118 16
1119 16
1121 16
1122 16
1123 16
1124 16
1126 16
1127 16
1128 16
1129 16
1131 16
1132 16
1134 16
1135 16
1136 16
1137 16
1138 16
1139 16
1141 16
1142 16
1143 16
1144 16
1145 16
1146 16
1147 16
1148 16
1149 16
1150 16
1151 16
1152 16
1153 16
1154 16
1155 16
1156 16
1157 16
1158 16
1159 16
1160 16
1161 16
1162 16
1163 16
1164 16
1165 16
1166 16
1168 16
1169 16
1170 16
1171 16
1172 16
1173 16
1174 16
1175 16
1177 16
1178 16
1180 16
1181 16
1182 16
1187 16
1188 16
1189 16
1190 16
1191 16
1192 16
1194 16
1195 16
1196 16
1197 16
1198 16
1199 16
1201 16
1202 16
1203 16
1204 16
1205 16
1206 16
1207 16
1208 16
1209 16
1210 16
1211 16
1212 16
1213 16
1214 16
1215 16
1216 16
1217 16
1218 16
1219 16
1220 16
1221 16
1222 16
1223 16
1224 16
1225 16
1227 16
1228 16
1229 16
1230 16
1231 16
1232 16
1233 16
1234 16
1235 16
1236 16
1237 16
1238 16
1239 16
1240 16
1241 16
1243 16
1244 16
1245 16
1246 16
1247 16
1248 16
1249 16
1250 16
1251 16
1252 16
1253 16
1254 16
1255 16
1256 16
1257 16
1258 16
1259 16
1260 16
1261 16
1262 16
1263 16
1264 16
1265 16
1266 16
1267 16
1269 16
1270 16
1272 16
1273 16
1274 16
1275 16
1276 16
1277 16
1278 16
1279 16
1280 16
1281 16
1282 16
1283 16
1284 16
1285 16
1286 16
1287 16
1288 16
1289 16
1290 16
1291 16
1292 16
1293 16
1294 16
1295 16
1296 16
1297 16
1298 16
1299 16
1300 16
1301 16
1302 16
1303 16
1304 16
1305 16
1306 16
1307 16
1308 16
1309 16
1310 16
1311 16
1312 16
1313 16
1314 16
1315 16
1317 16
1318 16
1319 16
1320 16
1321 16
1322 16
1323 16
1326 16
1328 16
1329 16
1330 16
1331 16
1332 16
1333 16
1334 16
1335 16
1336 16
1337 16
1338 16
1339 16
1340 16
1341 16
1342 16
1343 16
1345 16
1346 16
1347 16
1348 16
1349 16
1350 16
1351 16
1353 16
1354 16
1355 16
1356 16
1357 16
1358 16
1359 16
1360 16
1361 16
1362 16
1363 16
1364 16
1365 16
1366 16
1367 16
1368 16
1369 16
1370 16
1371 16
1372 16
1373 16
1374 16
1375 16
1376 16
1377 16
1378 16
1379 16
1380 16
1381 16
1382 16
1383 16
1384 16
1385 16
1386 16
1387 16
1388 16
1389 16
1390 16
1391 16
1392 16
1393 16
1394 16
1395 16
1396 16
1398 16
1399 16
1400 16
1401 16
1402 16
1403 16
1404 16
1405 16
1406 16
1407 16
1408 16
1409 16
1410 16
1411 16
1413 16
1414 16
1415 16
1416 16
1417 16
1418 16
1419 16
1420 16
1421 16
1423 16
1424 16
1425 16
1426 16
1427 16
1428 16
1429 16
1430 16
1431 16
1432 16
1433 16
1435 16
1436 16
1437 16
1438 16
1439 16
1440 16
1441 16
1442 16
1443 16
1444 16
1445 16
1447 16
1448 16
1449 16
1450 16
1451 16
1452 16
1453 16
1454 16
1455 16
1456 16
1457 16
1458 16
1459 16
1460 16
1461 16
1462 16
1463 16
1464 16
1466 16
1468 16
1469 16
1470 16
1471 16
1472 16
1473 16
1474 16
1475 16
1476 16
1477 16
1478 16
1479 16
1480 16
1482 16
1483 16
1484 16
1485 16
1486 16
1487 16
1488 16
1489 16
1490 16
1491 16
1492 16
1493 16
1494 16
1495 16
1496 16
1497 16
1498 16
1499 16
1500 16
1501 16
1502 16
1503 16
1504 16
1505 16
1506 16
1508 16
1509 16
1510 16
1511 16
1513 16
1514 16
1515 16
1516 16
1517 16
1518 16
1519 16
1520 16
1521 16
1522 16
1523 16
1524 16
1526 16
1527 16
1528 16
1529 16
1531 17
1532 17
1534 17
1535 17
1536 17
1537 17
1539 17
1540 17
1541 17
1542 17
1545 17
1546 17
1547 17
1548 17
1549 17
1550 17
1550 19
1551 17
1552 17
1553 17
1553 19
1554 17
1554 19
1556 17
1556 19
1557 17
1558 17
1558 19
1559 17
1560 17
1561 17
1562 17
1563 17
1564 17
1565 17
1567 17
1568 19
1570 17
1571 17
1571 19
1572 17
1573 17
1574 17
1575 17
1576 17
1577 17
1577 19
1578 17
1580 17
1582 17
1583 17
1584 17
1585 17
1587 17
1588 17
1588 19
1589 17
1590 17
1591 17
1592 17
1593 17
1594 17
1595 17
1596 17
1596 19
1597 17
1597 19
1598 17
1599 17
1600 17
1601 17
1601 19
1602 17
1603 17
1604 19
1605 17
1606 17
1607 17
1608 17
1609 19
1610 17
1611 19
1613 17
1614 17
1615 17
1616 17
1617 17
1618 17
1620 17
1621 17
1622 17
1623 17
1624 17
1625 17
1626 17
1627 17
1628 17
1629 17
1630 17
1631 17
1632 17
1633 17
1633 19
1634 17
1635 17
1636 17
1636 19
1638 17
1639 17
1640 17
1641 17
1642 17
1643 17
1644 17
1645 17
1646 17
1646 19
1647 17
1648 17
1649 17
1650 17
1651 17
1652 17
1653 17
1654 17
1654 19
1655 17
1656 17
1658 17
1660 17
1661 17
1662 17
1663 17
1664 17
1665 17
1666 17
1667 17
1667 19
1668 17
1669 17
1670 17
1671 17
1671 19
1672 17
1673 17
1674 17
1675 17
1676 17
1677 17
1678 17
1680 17
1681 17
1682 17
1683 17
1684 17
1684 19
1685 17
1685 19
1686 17
1686 19
1687 17
1688 17
1689 17
1690 17
1691 17
1692 17
1694 17
1694 19
1695 17
1696 17
1697 17
1698 17
1699 17
1700 17
1701 17
1702 17
1703 17
1704 17
1705 17
1707 17
1708 17
1709 17
1710 17
1711 17
1711 19
1712 17
1713 17
1713 19
1714 17
1715 17
1716 17
1718 17
1719 17
1720 17
1720 19
1721 17
1722 17
1723 17
1723 19
1724 17
1725 19
1726 17
1726 19
1727 17
1728 17
1728 19
1729 17
1730 17
1731 17
1732 17
1733 17
1734 17
1735 17
1736 17
1737 17
1738 19
1739 19
1740 19
1741 19
1742 19
1743 19
1744 19
1745 19
1746 19
1747 19
1748 19
1749 19
1751 19
1752 19
1753 19
1754 19
1755 19
1756 19
1757 19
1758 19
1759 19
1760 19
1761 19
1762 19
1763 19
1765 19
1766 19
1767 19
1768 19
1769 19
1770 19
1771 19
1772 19
1773 19
1774 19
1775 19
1776 19
1777 19
1778 19
1779 19
1780 19
1781 19
1782 19
1783 19
1784 19
1785 19
1786 19
1787 19
1788 19
1789 19
1790 19
1791 19
1792 19
1795 19
1796 19
1797 19
1798 19
1799 19
1801 19
1802 19
1803 19
1805 19
1806 19
1807 19
1808 19
1809 19
1810 19
1811 19
1812 19
1813 19
1814 19
1815 19
1816 19
1817 19
1818 19
1820 19
1821 19
1822 19
1823 19
1824 19
1825 19
1826 19
1827 19
1829 19
1831 23
1832 23
1833 23
1834 23
1835 23
1836 23
1837 23
1838 23
1839 23
1840 23
1841 23
1842 23
1843 23
1844 23
1845 23
1846 23
1847 23
1848 23
1849 23
1851 23
1853 23
1854 23
1855 23
1856 23
1857 23
1858 23
1859 23
1860 23
1861 23
1862 23
1863 23
1864 23
1866 23
1868 23
1869 23
1870 23
1872 23
1873 23
1874 23
1875 23
1876 23
1877 23
1878 23
1879 23
1880 23
1881 23
1882 23
1883 23
1884 23
1885 23
1886 23
1887 23
1888 23
1889 23
1890 23
1891 23
1892 23
1893 23
1894 23
1895 23
1896 23
1897 23
1898 23
1899 23
1900 23
1901 23
1902 23
1903 23
1904 23
1905 23
1906 23
1907 23
1908 23
1909 23
1910 23
1911 23
1912 23
1913 23
1914 23
1915 23
1916 23
1917 23
1920 23
1921 23
1922 23
1923 23
1924 23
1926 23
1927 23
1928 23
1929 23
1930 23
1931 23
1932 23
1933 23
1934 23
1935 23
1936 23
1937 23
1938 23
1939 23
1940 23
1941 23
1942 23
1943 23
1944 23
1945 23
1946 23
1947 23
1948 23
1949 23
1950 23
1951 23
1952 23
1953 23
1954 23
1955 23
1956 23
1957 23
1959 23
1960 23
1961 23
1962 23
1963 23
1964 23
1965 23
1966 23
1967 23
1968 23
1969 23
1970 23
1971 23
1972 23
1974 23
1975 23
1976 23
1977 23
1978 23
1979 23
1981 23
1982 23
1983 23
1984 23
1985 23
1986 23
1987 23
1988 23
1989 23
1990 23
1991 23
1993 23
1994 23
1995 23
1996 23
1997 23
1998 23
1999 23
2000 23
2001 23
2002 23
2003 23
2004 23
2005 23
2006 23
2007 23
2009 23
2010 23
2011 23
2012 23
2013 23
2014 23
2015 23
2016 23
2018 23
2019 23
2020 23
2021 23
2022 23
2024 23
2025 23
2026 23
2027 23
2028 23
2029 23
2030 23
2031 23
2032 23
2033 23
2034 23
2035 23
2036 23
2037 23
2038 23
2039 23
2040 23
2041 23
2043 23
2044 23
2045 23
2046 23
2047 23
2048 23
2049 23
2050 23
2051 23
2052 23
2053 23
2054 23
2055 23
2056 23
2057 23
2058 23
2059 23
2060 23
2061 23
2062 23
2063 23
2065 23
2066 23
2067 23
2068 23
2069 23
2070 23
2071 23
2072 23
2073 23
2074 23
2075 23
2076 23
2077 23
2078 23
2079 23
2081 23
2082 23
2083 23
2084 23
2086 23
2087 23
2088 23
2089 23
2090 23
2091 23
2092 23
2093 23
2094 23
2095 23
2096 23
2097 23
2098 23
2099 23
2100 23
2101 23
2102 23
2103 23
2104 23
2105 23
2106 23
2107 23
2108 23
2109 23
2110 23
2111 23
2112 23
2113 23
2114 23
2115 23
2116 23
2117 23
2118 23
2119 23
2120 23
2121 23
2122 23
2124 23
2125 23
2126 23
2127 23
2128 23
2129 23
2130 23
2131 23
2132 23
2133 23
2134 23
2135 23
2137 23
2138 23
2139 23
2140 23
2141 23
2142 23
2143 23
2144 23
2145 23
2147 23
2148 23
2149 23
2150 23
2152 23
2153 23
2154 23
2157 23
2158 23
2159 23
2160 23
2161 23
2162 23
2163 23
2164 23
2165 23
2166 23
2167 23
2168 23
2169 23
2170 23
2171 23
2172 23
2173 23
2174 23
2175 23
2176 23
2177 23
2179 23
2180 23
2181 23
2182 23
2183 23
2184 23
2185 23
2186 23
2187 23
2189 23
2190 23
2191 23
2192 23
2195 23
2198 23
2200 23
2201 23
2202 23
2203 23
2204 23
2205 23
2206 23
2207 23
2209 23
2210 23
2211 23
2212 23
2213 23
2214 23
2215 23
2216 23
2217 23
2218 23
2219 23
2221 23
2222 23
2223 23
2224 23
2225 23
2226 23
2227 23
2228 23
2229 23
2230 23
2231 23
2233 23
2234 23
2236 23
2237 23
2238 23
2239 23
2240 23
2241 23
2242 23
2244 23
2245 23
2246 23
2247 23
2248 23
2249 23
2250 23
2251 23
2252 23
2253 23
2254 23
2255 23
2256 23
2257 23
2258 23
2259 23
2260 23
2261 23
2262 23
2264 23
2265 23
2266 23
2267 23
2268 23
2269 23
2271 23
2272 23
2273 23
2274 23
2275 23
2276 23
2277 23
2278 23
2279 23
2280 23
2281 23
2282 23
2283 23
2284 23
2285 23
2286 23
2287 23
2288 23
2289 23
2290 23
2292 23
2293 23
2294 23
2295 23
2296 23
2298 23
2299 23
2301 23
2302 23
2303 23
2304 23
2305 23
2306 23
2308 23
2310 23
2311 23
2313 23
2314 23
2316 23
2317 23
2318 23
2319 23
2320 23
2321 23
2322 23
2323 23
2324 23
2325 23
2326 23
2327 23
2328 23
2329 23
2330 23
2331 23
2332 23
2333 23
2334 23
2335 23
2336 23
2337 23
2338 23
2339 23
2343 23
2344 23
2345 23
2346 23
2348 23
2349 23
2350 23
2351 23
2352 23
2353 23
2355 23
2356 23
2357 23
2358 23
2359 23
2360 23
2361 23
2363 23
2364 23
2365 23
2366 23
2367 23
2368 23
2369 23
2370 23
2371 23
2373 23
2374 23
2375 23
2376 23
2377 23
2378 23
2379 23
2380 23
2381 23
2382 23
2383 23
2384 23
2385 23
2386 23
2387 23
2388 23
2389 23
2390 23
2392 23
2393 23
2394 23
2395 23
2396 23
2397 23
2399 23
2400 23
2401 23
2402 23
2403 23
2404 23
2406 23
2409 23
2410 23
2411 23
2412 23
2413 23
2414 23
2415 23
2417 23
2418 23
2419 23
2420 23
2422 23
2423 23
2425 23
2426 23
2427 23
2428 23
2429 23
2430 23
2431 23
2432 23
2433 23
2434 23
2435 23
2437 23
2438 23
2439 23
2440 23
2441 23
2442 23
2443 23
2444 23
2445 23
2446 23
2447 23
2448 23
2449 23
2450 23
2451 23
2452 23
2453 23
2454 23
2455 23
2456 23
2457 23
2458 23
2460 23
2461 23
2462 23
2463 23
2464 23
2465 23
2466 23
2467 23
2468 23
2470 23
2471 23
2472 23
2473 23
2474 23
2475 23
2476 23
2477 23
2479 23
2480 23
2481 23
2482 23
2483 23
2484 23
2485 23
2487 23
2488 23
2489 23
2490 23
2491 23
2492 23
2493 23
2495 23
2496 23
2497 23
2498 23
2499 23
2501 23
2502 23
2503 23
2504 23
2505 23
2506 23
2507 23
2508 23
2509 23
2510 23
2512 23
2513 23
2514 23
2515 23
2516 23
2518 23
2519 23
2520 23
2521 23
2522 23
2523 23
2524 23
2525 23
2526 23
2527 23
2528 23
2529 23
2530 23
2532 23
2533 23
2534 23
2535 23
2536 23
2539 24
2540 24
2541 24
2542 24
2543 24
2544 24
2545 24
2546 24
2547 24
2549 24
2550 24
2551 24
2552 24
2554 24
2556 24
2557 24
2558 24
2559 24
2560 24
2561 24
2562 24
2563 24
2564 24
2565 24
2566 24
2567 24
2570 24
2571 24
2572 24
2573 24
2574 24
2575 24
2576 24
2577 24
2578 24
2579 24
2580 24
2581 24
2582 24
2583 24
2584 24
2585 24
2586 24
2587 24
2588 24
2589 24
2590 24
2591 24
2592 24
2593 24
2594 24
2595 24
2596 24
2598 24
2599 24
2600 24
2601 24
2602 24
2603 24
2604 24
2605 24
2606 24
2607 24
2609 24
2610 24
2611 24
2612 24
2613 24
2614 24
2615 24
2617 24
2618 24
2619 24
2620 24
2621 24
2622 24
2623 24
2624 24
2625 24
2626 24
2627 24
2628 24
2629 24
2630 24
2631 24
2632 24
2633 25
2634 25
2635 25
2636 25
2637 25
2638 25
2639 25
2640 25
2641 25
2642 25
2643 25
2644 25
2645 25
2646 25
2647 25
2648 25
2649 25
2650 25
2651 25
2652 25
2654 25
2655 25
2656 25
2657 25
2658 25
2659 25
2660 25
2661 25
2662 25
2663 25
2664 25
2665 25
2668 25
2669 25
2670 25
2671 25
2672 25
2673 25
2674 25
2676 25
2678 25
2680 25
2682 25
2683 25
2684 25
2685 25
2686 25
2687 25
2688 25
2689 25
2690 26
2691 26
2693 26
2695 26
2696 26
2697 26
2698 26
2699 26
2700 26
2702 26
2703 26
2704 26
2705 26
2707 26
2708 26
2709 26
2709 28
2710 26
2711 26
2712 26
2713 26
2714 26
2714 28
2715 26
2716 26
2717 26
2718 26
2719 26
2720 26
2720 28
2721 26
2722 26
2723 26
2724 26
2725 26
2726 26
2727 26
2728 26
2729 26
2730 26
2730 28
2733 26
2734 26
2735 26
2736 26
2737 26
2740 26
2741 26
2742 26
2743 26
2744 26
2745 26
2746 26
2746 28
2747 26
2748 28
2751 26
2752 26
2753 26
2754 26
2754 28
2755 26
2756 26
2757 26
2758 26
2759 26
2760 26
2761 26
2762 26
2763 26
2766 26
2767 26
2768 26
2769 26
2770 26
2771 26
2772 26
2773 26
2773 28
2774 26
2775 26
2775 28
2776 26
2777 26
2777 28
2778 26
2779 26
2780 26
2781 26
2783 26
2784 26
2785 26
2786 26
2787 26
2788 26
2789 26
2790 26
2791 26
2792 26
2794 26
2795 26
2796 26
2797 26
2798 26
2799 26
2800 26
2801 26
2801 28
2802 26
2803 26
2804 26
2804 28
2805 26
2805 28
2806 26
2806 28
2807 26
2808 26
2809 26
2810 26
2811 26
2811 28
2812 26
2813 26
2814 26
2816 26
2817 26
2819 26
2820 26
2821 26
2822 26
2823 26
2824 26
2824 28
2825 26
2826 26
2826 28
2827 26
2828 26
2829 26
2829 28
2830 26
2831 26
2831 28
2832 26
2833 26
2834 26
2835 26
2836 26
2837 26
2838 26
2839 26
2840 26
2841 26
2841 28
2842 26
2843 26
2844 26
2845 26
2846 26
2847 26
2848 26
2849 26
2850 26
2851 26
2852 26
2853 26
2854 26
2856 26
2857 26
2857 28
2858 28
2859 28
2860 28
2861 28
2863 28
2864 28
2865 28
2866 28
2867 28
2868 28
2869 28
2870 28
2871 28
2872 28
2873 28
2874 28
2875 28
2876 28
2877 28
2878 28
2879 28
2880 28
2881 28
2882 28
2884 28
2885 28
2886 28
2887 28
2888 28
