2048 2868
2 627
3 1587
2055 1544
8 2591
13 1040
2064 1222
2066 338
2068 111
2070 1931
23 84
25 1579
25 773
27 1695
32 2264
35 947
36 1787
2085 1805
39 1447
45 2787
2095 972
2101 289
54 1095
2110 2534
69 1381
2118 2696
2119 1434
2119 301
75 555
80 279
81 2617
2130 982
2130 718
2133 2557
86 2439
88 1001
2144 674
2146 615
105 1696
2155 1141
112 2230
113 1817
2167 1668
121 2845
124 883
124 1894
2176 2738
2177 948
2177 932
2192 2875
151 1737
152 2863
2201 411
154 2816
154 2697
155 1838
162 2328
165 757
166 2490
2217 1315
2219 1396
172 1271
2225 2530
179 726
2228 1083
2231 619
185 1376
191 691
2243 1908
375 2274
2255 1487
212 1483
218 2880
218 2581
2267 1085
223 2477
224 2793
2276 2032
230 2572
235 1454
2284 515
2285 2000
2292 738
245 736
2297 2401
2297 1098
252 974
2303 883
260 1541
2316 2464
270 2325
2319 607
2326 2650
279 2874
279 2787
284 608
286 1220
293 1784
293 2566
297 1342
2348 384
301 716
302 868
305 729
308 1684
308 486
309 1305
309 741
316 1450
394 1848
319 772
2371 1450
324 1037
325 566
327 374
2387 1402
340 1341
340 1142
341 2714
2391 1780
2395 1335
348 2606
2397 841
2397 1778
350 942
354 697
354 1271
359 2887
362 544
363 1946
2412 1959
2416 690
2792 815
2420 747
377 1961
381 2693
2795 2718
2436 2680
2442 600
2444 2136
2448 2454
2449 1632
407 982
2461 862
2463 909
416 1474
416 2687
71 968
2479 1367
2480 1145
2491 1951
444 1250
2495 1213
2496 1843
449 1221
2498 654
2503 1009
2507 1692
2509 989
464 2039
2516 1617
2523 1934
2524 1679
2527 1228
2129 1038
2537 799
2538 636
2543 866
2549 752
502 1335
503 1045
2556 936
2556 1110
2561 2701
2565 679
2566 1859
528 604
2136 650
536 1924
542 1726
2596 651
2601 1615
2601 783
2604 888
2607 1480
2611 1646
568 1787
2621 858
2631 1447
587 1477
588 1858
588 1036
2639 1857
2639 938
2640 1384
2640 977
2662 1675
2670 1631
2677 830
2153 1175
636 941
640 1068
2749 2038
648 1529
2700 1721
2710 1796
2712 947
2713 1914
670 1214
2720 685
2160 1334
674 1672
675 1737
676 1008
690 1220
695 1452
2744 1228
700 1713
701 1267
2761 1147
715 1206
724 1261
2169 2850
2778 2849
734 1305
744 1838
745 943
746 1359
755 1074
2809 2825
2824 1355
780 2349
785 927
2835 1267
2844 1565
800 1858
2849 1625
2850 1778
816 2603
823 1667
2883 1374
2886 1268
847 2266
866 1948
2878 1400
902 1695
933 1740
951 1597
955 1255
1000 1520
1009 1093
1877 1577
1024 1674
1058 1490
1068 1632
1080 1978
1101 1527
1104 1717
1107 1732
1118 2018
1127 1829
1135 2367
1143 1300
533 1373
2584 1727
1186 1616
1237 1854
1246 1290
2260 1641
2260 1893
1277 1974
2603 1696
1286 1883
1289 1467
1294 1512
1308 2010
1338 1528
1342 1865
1373 1374
1394 2010
2161 1627
1451 1574
1472 2702
1494 1546
1505 1581
1510 1836
1549 1628
2655 2025
1626 1880
1632 2042
1643 1858
1663 1742
1702 1819
2341 1927
1834 1854
1882 1965
1941 2022
1966 2016
