1 51
1 4
1 266
1 140
1 269
1 273
1 279
1 153
1 159
1 168
1 170
1 300
1 301
1 179
1 55
1 184
1 188
1 74
1 204
1 79
1 208
1 218
1 99
1 228
1 238
1 113
1 115
1 247
1538 17
2731 26
1867 23
1543 17
8 387
8 648
8 525
8 529
8 531
8 532
8 533
8 665
8 668
8 413
8 670
8 671
8 419
8 420
8 549
8 678
8 679
8 681
8 429
8 564
8 570
8 699
8 320
8 630
8 455
8 461
8 469
8 348
8 739
8 614
8 615
8 361
8 495
8 370
8 643
8 374
8 634
2569 24
11 16
1039 16
16 1344
16 1412
16 1110
16 1032
16 1185
16 906
16 909
16 1422
16 784
16 913
16 1043
16 1176
16 1049
16 1434
16 1051
16 1242
16 1183
16 800
16 1057
16 930
16 1179
16 1316
16 806
16 1063
16 1193
16 811
16 1324
16 1325
16 1327
16 1200
16 818
16 820
16 825
16 1226
16 1467
16 1084
16 829
16 830
16 1087
16 960
16 961
16 907
16 1092
16 1268
16 967
16 1352
16 1481
16 1098
16 843
16 1186
16 1507
16 976
16 1106
16 851
16 980
16 1109
16 854
16 1465
16 856
16 858
16 1167
16 863
16 864
16 867
16 996
16 997
16 870
16 1512
16 1120
16 1130
16 1184
16 1446
16 1133
16 880
16 883
16 1140
16 1397
16 1271
16 1017
16 1530
16 1525
16 1125
23 2178
23 2307
23 2436
23 2309
23 2312
23 2315
23 2188
23 2391
23 2064
23 2193
23 2194
23 2196
23 2197
23 2199
23 2500
23 2459
23 1925
23 2080
23 2340
23 2085
23 2342
23 2469
23 2347
23 2220
23 2478
23 2354
23 2023
23 2398
23 2486
23 1958
23 2232
23 2362
23 2235
23 1852
23 2494
23 1973
23 2208
23 2243
23 2372
23 1992
23 1865
23 2123
23 2511
23 2531
23 2517
23 2263
23 2136
23 1871
23 1850
23 2270
23 2341
23 2017
23 2146
23 2407
23 2405
23 2008
23 2151
23 2408
23 1980
23 2155
23 2156
23 2416
23 2291
23 2421
23 2424
23 2297
23 2042
23 2300
23 1918
23 1919
24 2597
24 2568
24 2537
24 2538
24 2608
24 2548
24 2616
24 2553
24 2555
26 2818
26 2692
26 2694
26 2855
26 2764
26 2732
26 2701
26 2765
26 2706
26 2739
26 2782
26 2738
26 2793
26 2748
26 2749
26 2750
26 2815
28 2883
28 2862
1566 17
1568 17
1572 19
1579 17
1581 17
1586 17
19 1793
19 1794
19 1732
19 1830
19 1607
19 1800
19 1828
19 1804
19 1677
19 1764
19 1750
19 727
19 1819
19 1663
1609 17
1611 17
1612 17
1619 17
2653 25
1637 17
1555 17
2667 25
2677 25
2679 25
20 17
1659 17
2666 25
1693 17
1717 17
1725 17
1544 17
1569 17
1657 17
2681 25
1679 17
1604 17
1738 25
2675 25
1533 17
17 1706
