1 515
1 262
1 523
1 398
1 323
1 533
1 535
1 281
1 286
1 291
1 561
1 552
1 554
1 456
1 562
1 52
1 439
1 572
1 573
1 447
1 578
1 195
1 581
1 583
1 200
1 590
1 467
1 468
1 597
1 470
1 216
1 477
1 222
1 351
1 352
1 492
1 119
2 640
2 648
2 633
2 645
2 647
4 32
4 672
4 684
4 690
4 668
4 733
4 734
5 800
5 816
5 7
5 777
5 778
5 750
5 751
5 752
5 817
5 819
5 756
5 761
5 59
5 810
6 897
6 898
6 1033
6 11
6 1047
6 1004
6 1053
6 1094
6 934
6 1063
6 989
6 840
6 824
6 956
6 1085
6 1035
6 836
6 838
6 1096
6 994
6 84
6 983
6 987
6 1116
6 861
6 945
6 866
6 996
6 870
6 872
6 907
6 878
6 883
6 890
7 1536
7 1538
7 1549
7 1589
7 55
7 62
7 1603
7 1609
7 84
7 1624
7 1640
7 105
7 1645
7 1136
7 1649
7 1139
7 1658
7 1149
7 1152
7 1667
7 1156
7 1670
7 1160
7 1170
7 1683
7 1174
7 1689
7 1181
7 1694
7 1697
7 1188
7 1194
7 1197
7 1720
7 1210
7 1723
7 1216
7 1228
7 1230
7 1744
7 1747
7 1238
7 1240
7 1756
7 1146
7 1247
7 1248
7 1249
7 1762
7 1257
7 1259
7 1775
7 1320
7 1271
7 760
7 1273
7 1277
7 1290
7 779
7 1297
7 1300
7 1301
7 1303
7 1306
7 1311
7 1319
7 808
7 820
7 1332
7 1341
7 1351
7 1363
7 1414
7 1417
7 1437
7 1440
7 1446
7 1450
7 1461
7 1470
7 1485
7 1498
7 1506
7 1514
7 1519
7 1525
7 1527
7 1532
7 1535
8 1788
9 897
9 1924
9 918
9 2311
9 392
9 1930
9 2188
9 910
9 1901
9 2322
9 2198
9 1816
9 2202
9 2075
9 1946
9 2082
9 2011
9 2085
9 2214
9 1833
9 1927
9 904
9 2099
9 2228
9 1958
9 948
9 1979
9 1084
9 2116
9 839
9 968
9 1865
9 2251
9 847
9 2257
9 2003
9 2261
9 2134
9 1844
9 2267
9 2213
9 2277
9 998
9 2279
9 1980
9 2283
9 364
9 877
9 2286
9 2160
9 2036
9 1909
9 1991
9 1961
10 1424
10 2370
10 2371
10 2341
10 2450
10 2444
10 2402
10 2434
10 2352
10 2417
10 2386
10 2419
10 84
10 2358
10 2420
10 1436
10 2396
10 2397
10 2334
10 2399
11 2560
11 3072
11 2566
11 2571
11 3090
11 2588
11 2598
11 2610
11 2614
11 2618
11 3145
11 2636
11 2640
11 2642
11 3156
11 3163
11 2655
11 2659
11 2662
11 2664
11 2670
11 3184
11 2675
11 3189
11 2678
11 3194
11 2683
11 3264
11 3202
11 2696
11 3218
11 3222
11 3225
11 2716
11 2717
11 2719
11 3235
11 678
11 680
11 2734
11 2736
11 2737
11 1205
11 2742
11 3273
11 699
11 1216
11 3272
11 713
11 3276
11 2765
11 2766
11 3283
11 725
11 3288
11 3109
11 1252
11 1767
11 1260
11 2797
11 2798
11 3311
11 3317
11 762
11 2817
11 772
11 2826
11 2831
11 2845
11 2860
11 2864
11 818
11 2871
11 2360
11 3295
11 2886
11 2895
11 2914
11 2918
11 2921
11 2419
11 2941
11 1407
11 2946
11 2951
11 2955
11 2961
11 2962
11 2974
11 1350
11 2633
11 2550
11 3017
11 3019
11 3065
11 2527
11 3152
11 3046
11 2542
11 2548
11 3062
11 2644
11 2556
12 3465
12 3341
12 3352
12 3355
12 3486
12 3494
12 44
12 3374
12 3505
12 3358
12 3382
12 3385
12 3386
12 3387
12 3516
12 3389
12 3400
12 3404
12 3537
12 3415
12 3528
12 3440
12 3449
12 3452
13 3843
13 3717
13 3602
13 3732
13 3738
13 3612
13 3613
13 3621
13 3622
13 3626
13 3637
13 3642
13 3643
13 3650
13 3652
13 3658
13 3660
13 3790
13 3791
13 3664
13 85
13 3799
13 3806
13 3749
13 3813
13 3698
14 3904
14 3952
14 131
14 3883
14 3919
14 3856
14 3857
14 3924
14 3861
14 3958
14 3897
14 3900
15 3971
15 4004
15 3975
15 3986
15 3999
15 3967
16 4228
16 3590
16 4012
16 3722
16 4238
16 3344
16 3730
16 4117
16 3613
16 3615
16 4131
16 3748
16 4136
16 3499
16 4140
16 3375
16 4146
16 4147
16 4148
16 3777
16 4040
16 4041
16 4044
16 3405
16 4046
16 3789
16 81
16 3669
16 4183
16 4047
16 4190
16 3813
16 4240
16 3557
16 4203
16 4207
16 4220
16 3349
17 4608
17 4481
17 4226
17 4613
17 4609
17 3340
17 4365
17 4366
17 4397
17 4371
17 4245
17 4630
17 4621
17 4253
17 3807
17 4570
17 4387
17 4391
17 4141
17 4145
17 4402
17 4405
17 4408
17 4282
17 4283
17 4412
17 4545
17 3525
17 4551
17 4298
17 4343
17 4303
17 4627
17 4433
17 4437
17 4311
17 4313
17 4314
17 4623
17 4316
17 3422
17 4575
17 4579
17 4329
17 4519
17 4338
17 4467
17 4468
17 4598
17 4215
17 4344
17 4602
17 4476
18 4704
18 4801
18 4803
18 4644
18 4710
18 4646
18 4711
18 4747
18 4722
18 4659
18 4756
18 4787
18 4694
18 4696
18 4763
18 4798
18 4735
19 4833
19 4931
19 4964
19 4933
19 4870
19 4993
19 4968
19 4969
19 5002
19 3915
19 4986
19 5018
19 4925
19 4944
19 4946
19 4819
19 4966
19 4919
19 4890
19 4829
20 57
20 5030
21 5249
21 5252
21 5383
21 5388
21 5314
21 5649
21 5395
21 5505
21 5272
21 5273
21 5530
21 5147
21 5407
21 5280
21 5409
21 5448
21 5489
21 5544
21 5545
21 5162
21 5547
21 5550
21 5297
21 5044
21 5045
21 5047
21 5172
21 5179
21 5058
21 5446
21 5063
21 5064
21 5322
21 5431
21 5197
21 5072
21 5073
21 5331
21 5332
21 5209
21 5210
21 5629
21 5085
21 5345
21 5350
21 5223
21 5225
21 5442
21 5229
21 5231
21 5616
21 5105
21 5651
21 5364
21 5242
21 5494
21 5481
21 5624
21 5114
21 5418
22 5664
22 5684
22 5685
22 5662
22 5695
23 5760
23 5761
23 5729
23 5744
23 5745
23 5749
24 5888
24 6024
24 5900
24 1551
24 5777
24 5911
24 2728
24 811
24 1965
24 5942
24 5820
24 5828
24 5957
24 332
24 5968
24 5842
24 83
24 4062
24 5984
24 5863
24 5864
24 5997
24 5873
24 5874
24 5882
24 766
25 6400
25 6401
25 6530
25 6059
25 6095
25 1543
25 6504
25 785
25 6030
25 6510
25 6161
25 6547
25 6420
25 6421
25 6422
25 1176
25 6553
25 6426
25 4380
25 6557
25 6174
25 799
25 6512
25 6535
25 6566
25 6513
25 6044
25 2887
25 2734
25 6109
25 6577
25 6066
25 6323
25 6302
25 3045
25 6204
25 1983
25 6464
25 65
25 6466
25 3915
25 6343
25 6474
25 6347
25 6478
25 6029
25 6430
25 3406
25 6360
25 6362
25 6057
25 6237
25 6238
25 6239
25 6497
25 6267
25 6244
25 6245
25 3302
25 487
25 6248
25 6076
25 3308
25 6098
25 6254
25 6511
25 6384
25 6385
25 3442
25 6388
25 6120
25 6263
25 6520
25 5780
25 529
25 6395
25 784
25 6101
26 6592
26 6597
26 6600
26 649
26 2381
26 6589
26 4062
26 3899
26 5917
26 6590
27 6608
27 6602
27 6605
28 2051
28 3716
28 6973
28 646
28 7047
28 6920
28 7165
28 4622
28 3565
28 3483
28 3342
28 6915
28 6678
28 6935
28 6808
28 3807
28 7067
28 6684
28 6685
28 6686
28 6945
28 6818
28 6875
28 7077
28 40
28 6956
28 6830
28 6959
28 6960
28 4403
28 6838
28 7113
28 6712
28 3551
28 7043
28 6717
28 6846
28 6977
28 3139
28 7005
28 6856
28 6860
28 3393
28 4171
28 6732
28 7001
28 6991
28 6736
28 6739
28 4565
28 470
28 6744
28 6745
28 6883
28 6619
28 6621
28 7155
28 3426
28 4475
28 7080
28 6631
28 6634
28 7019
28 7002
28 3507
28 6639
28 6768
28 6952
28 6899
28 6772
28 6645
28 6647
28 7075
28 377
28 6651
28 3534
28 6762
28 6910
28 7039
29 7233
29 7206
29 7245
29 7214
29 7182
29 7260
30 7299
30 7301
30 6601
30 7280
30 7267
30 105
30 6263
30 56
32 672
32 688
32 698
32 713
33 3392
33 7361
33 7330
33 3499
33 7045
33 4038
33 103
33 7370
33 7371
33 6242
33 7311
33 4400
33 7346
33 7156
33 7317
33 7382
33 7353
33 3706
33 7167
33 7328
34 6785
34 4611
34 4228
34 6794
34 7559
34 4233
34 4106
34 3467
34 7436
34 7693
34 4622
34 7439
34 7440
34 4242
34 7555
34 6677
34 7574
34 7562
34 4120
34 7577
34 7706
34 2843
34 7580
34 7453
34 4510
34 7457
34 6818
34 7494
34 7721
34 7466
34 6955
34 6700
34 7597
34 4270
34 7581
34 4400
34 7729
34 6835
34 7476
34 6584
34 6969
34 4362
34 3391
34 7744
34 7618
34 7620
34 7736
34 7622
34 7487
34 7752
34 7625
34 7498
34 7723
34 6989
34 4175
34 7683
34 7608
34 7636
34 4110
34 7511
34 4568
34 3711
34 7503
34 7517
34 7390
34 7520
34 7394
34 3430
34 4327
34 7656
34 7657
34 7728
34 7458
34 7532
34 7662
34 7421
34 7485
34 7540
34 7670
34 3447
34 7672
34 7423
34 4349
34 7660
34 6783
35 7905
35 7909
35 7815
35 7851
35 7822
35 7791
35 7793
35 7790
35 7897
35 7889
35 7900
35 7870
37 8072
37 8202
37 8026
37 3619
37 8229
37 8119
37 8120
37 8255
37 8128
37 8258
37 8131
37 8008
37 8139
37 8034
37 8014
37 8143
37 8273
37 8282
37 8029
37 8032
37 8289
37 8290
37 8187
37 8164
37 8145
37 8041
37 8170
37 8048
37 8306
37 8053
37 8169
37 8185
37 8127
37 8316
38 5028
38 8327
38 2825
38 8330
38 8395
38 8366
38 8337
38 1554
38 8403
38 8341
38 8374
38 8344
38 57
38 6266
39 6530
39 1773
39 3337
39 8461
39 5357
39 1552
39 8465
39 1687
39 4123
39 796
39 8480
39 802
39 3363
39 8485
39 4141
39 3118
39 1263
39 1588
39 3382
39 6077
39 8511
39 4034
39 2627
39 8518
39 1222
39 5580
39 2636
39 3025
39 1368
39 1636
39 3343
39 8413
39 7778
39 1507
39 1252
39 2405
39 8422
39 3281
39 8425
39 8426
39 2413
39 8430
39 8431
39 3451
39 4092
40 8577
40 8710
40 8719
40 8687
40 7320
40 7343
40 8613
40 8623
40 8625
40 8627
40 6839
40 8760
40 8647
40 2632
40 7375
40 8658
40 8539
40 3807
40 8550
40 8680
40 2923
40 8559
40 8689
40 8690
40 8563
41 4485
41 8710
41 7687
41 6280
41 8585
41 8590
41 8730
41 8610
41 8611
41 8743
41 7343
41 8624
41 7346
41 7347
41 52
41 6709
41 8768
41 65
41 8772
41 6597
41 8790
41 8791
41 8792
41 8795
41 5085
41 8671
41 4196
41 8677
41 4326
41 1642
41 8688
41 5367
41 6268
41 6762
42 8929
42 8866
42 8804
42 8805
42 8907
42 8877
42 8880
42 8884
42 8917
42 8823
42 8920
42 8857
42 8923
42 8892
43 8960
43 9089
43 8963
43 9509
43 9478
43 9225
43 9482
43 8971
43 8972
43 9230
43 3117
43 5905
43 9363
43 9492
43 9390
43 9241
43 9368
43 9011
43 9243
43 3496
43 9434
43 9502
43 9017
43 9121
43 8994
43 9051
43 8996
43 9395
43 8998
43 9585
43 9000
43 9523
43 9258
43 9587
43 9516
43 9261
43 9006
43 9501
43 9123
43 9137
43 2739
43 53
43 56
43 9250
43 4154
43 9605
43 9276
43 9162
43 9535
43 9280
43 5823
43 9160
43 6474
43 9122
43 9423
43 9424
43 9169
43 9507
43 9486
43 6614
43 9047
43 9303
43 2651
43 9566
43 9055
43 9570
43 9571
43 2532
43 9062
43 9319
43 9448
43 105
43 9195
43 9359
43 9326
43 9213
43 9329
43 9551
43 9459
43 9460
43 7744
43 9467
43 9084
43 8957
43 9519
44 4225
44 6658
44 9863
44 4077
44 9994
44 7563
44 4492
44 6091
44 3471
44 784
44 9873
44 3474
44 5782
44 9623
44 9625
44 10095
44 4125
44 9758
44 8504
44 4130
44 9635
44 9892
44 9765
44 9996
44 9639
44 9643
44 4397
44 10034
44 10032
44 9778
44 9971
44 4277
44 9782
44 4169
44 4119
44 9960
44 4154
44 9917
44 9662
44 3391
44 9794
44 6723
44 10102
44 3526
44 3399
44 10058
44 4151
44 9679
44 3536
44 4408
44 4081
44 9941
44 3542
44 3544
44 7332
44 10074
44 7515
44 9696
44 1040
44 10083
44 9700
44 10085
44 9702
44 3560
44 2537
44 9706
44 9798
44 9781
44 4078
44 111
44 9841
44 4211
44 4084
44 3445
44 9974
44 10020
44 9807
44 1727
44 4220
44 9854
44 9918
45 4224
45 10113
45 10372
45 10373
45 10118
45 10376
45 10249
45 9738
45 6155
45 10382
45 9871
45 7715
45 10387
45 10132
45 10135
45 10180
45 10267
45 10274
45 675
45 10276
45 6950
45 10407
45 4008
45 10411
45 10171
45 10417
45 10291
45 7348
45 10294
45 8147
45 10296
45 3001
45 4154
45 10299
45 10122
45 4414
45 4161
45 10178
45 3139
45 7492
45 10231
45 4173
45 7352
45 6995
45 10325
45 2040
45 8410
45 10298
45 4082
45 3555
45 10342
45 10129
45 3433
45 10223
45 10225
45 3442
45 7507
45 10174
45 6263
45 10360
45 4350
45 9779
46 3712
46 3839
46 3588
46 3845
46 10503
46 10540
46 3543
46 10637
46 4077
46 10513
46 10642
46 4022
46 10606
46 10671
46 10653
46 3807
46 3745
46 3663
46 3751
46 3676
46 3775
46 3755
46 4140
46 10670
46 10543
46 3633
46 10546
46 10547
46 3764
46 10422
46 10423
46 3768
46 10553
46 3531
46 3423
46 3644
46 10557
46 10686
46 10687
46 10432
46 10720
46 3778
46 10563
46 3781
46 3787
46 4169
46 10443
46 10444
46 10594
46 10703
46 3613
46 10705
46 10450
46 10709
46 10583
46 3673
46 3407
46 10460
46 10461
46 10591
46 10464
46 10466
46 3660
46 4581
46 10471
46 10601
46 10605
46 2286
46 3573
46 10486
46 10618
46 3707
46 3838
46 10495
47 4016
47 738
48 10784
48 10745
48 10792
48 10733
48 10740
48 10775
48 10777
48 10779
49 10794
49 1340
50 2574
50 11281
50 6177
50 6180
50 11308
50 11309
50 11312
50 10802
50 11315
50 10805
50 10808
50 11329
50 2627
50 11336
50 11343
50 84
50 10846
50 2658
50 103
50 10868
50 5247
50 2695
50 3210
50 7314
50 10900
50 10917
50 1192
50 10921
50 10922
50 10931
50 10940
50 7363
50 2765
50 10960
50 7378
50 10966
50 11300
50 8412
50 10978
50 10985
50 10990
50 1263
50 2289
50 3319
50 11006
50 10796
50 8464
50 11039
50 8485
50 8487
50 11052
50 11314
50 8494
50 11055
50 11057
50 823
50 8513
50 11078
50 11081
50 11101
50 6497
50 11107
50 11118
50 11128
50 11129
50 11131
50 11136
50 11138
50 11141
50 11144
50 5010
50 11157
50 11167
50 9121
50 5029
50 11180
50 11193
50 11196
50 11198
50 1983
50 11210
50 11216
50 11231
50 11233
50 11235
50 11237
50 11246
50 2728
50 11252
50 11261
10931 100
52 11657
52 6288
52 11694
52 2839
52 11674
52 11675
52 4135
52 11688
52 686
52 11695
52 9776
52 3377
52 11635
52 8500
52 8504
52 11709
52 4158
52 4037
52 5966
52 80
52 8529
52 3667
52 11476
52 11734
52 11607
52 11608
52 11614
52 11617
52 11623
52 11760
52 11762
52 6899
52 11767
52 9341
53 12032
53 2053
53 12039
53 11916
53 11790
53 12013
53 12048
53 11921
53 11794
53 11796
53 11930
53 12017
53 11820
53 11950
53 9544
53 11580
53 11839
53 11976
53 11788
53 11850
53 11860
53 11861
53 11864
53 11867
53 5855
53 12005
53 12006
53 105
53 12012
53 11885
53 11889
53 12024
53 11967
53 382
54 5028
55 12160
55 6788
55 6149
55 649
55 2314
55 2699
55 4108
55 12174
55 787
55 3566
55 2948
55 12059
55 12061
55 2847
55 12187
55 12198
55 296
55 7345
55 6706
55 2998
55 3177
55 3129
55 8458
55 59
55 2442
55 12097
55 12098
55 4422
55 9247
55 3273
55 9803
55 12112
55 2516
55 3167
55 12129
55 1252
55 3047
55 2940
55 3175
55 2924
55 109
55 3438
55 2545
55 116
55 1525
55 2807
55 2680
55 3194
55 6268
56 6400
56 9345
56 9477
56 9478
56 9479
56 9097
56 9226
56 3087
56 9560
56 5959
56 9237
56 9139
56 9118
56 3103
56 10503
56 9379
56 9381
56 9512
56 6702
56 12209
56 2739
56 12213
56 9147
56 3132
56 12260
56 2239
56 9153
56 12227
56 9415
56 9544
56 1867
56 9293
56 12235
56 6607
56 12241
56 9507
56 12217
56 9304
56 9316
56 9563
56 9051
56 9180
56 9439
56 9568
56 9569
56 7011
56 4196
56 9276
56 12266
56 9452
56 12243
56 12277
56 12280
56 9340
56 12211
57 12292
57 12303
57 13331
57 13333
57 12824
57 12314
57 12829
57 12320
57 12839
57 12328
57 12329
57 13354
57 13357
57 13470
57 12851
57 13492
57 10812
57 12862
57 13375
57 12356
57 12358
57 11336
57 12875
57 12879
57 12368
57 10843
57 12892
57 12900
57 4712
57 12905
57 12394
57 12397
57 12910
57 12904
57 12919
57 4728
57 13433
57 10944
57 12420
57 13166
57 12424
57 13451
57 13452
57 13506
57 4755
57 12437
57 12442
57 13468
57 11290
57 4766
57 12997
57 13474
57 12452
57 12466
57 13491
57 12468
57 12985
57 12986
57 4800
57 12481
57 12482
57 12485
57 10960
57 13522
57 13525
57 13017
57 13020
57 13021
57 12510
57 13537
57 12518
57 4713
57 12520
57 12525
57 12528
57 12536
57 13567
57 13063
57 13576
57 13272
57 13081
57 13597
57 13598
57 13445
57 13089
57 13092
57 11048
57 12591
57 13448
57 13621
57 12605
57 12606
57 13120
57 12609
57 13126
57 13640
57 13129
57 12618
57 13132
57 13709
57 13136
57 13649
57 12628
57 12635
57 13665
57 13668
57 11110
57 13161
57 13674
57 13031
57 11118
57 13544
57 12658
57 13459
57 13689
57 13180
57 13693
57 12670
57 13184
57 13189
57 12678
57 11073
57 12680
57 13193
57 13195
57 12685
57 12686
57 13722
57 13214
57 13216
57 13730
57 12707
57 5028
57 12870
57 13223
57 13737
57 5035
57 5039
57 12720
57 13748
57 12725
57 12726
57 13641
57 13242
57 12732
57 13642
57 12743
57 12744
57 13265
57 13267
57 12760
57 12762
57 13391
57 13382
57 13278
57 12767
57 13282
57 12776
57 12781
57 13295
57 13303
57 12796
57 13309
57 13310
58 13768
58 4491
58 2320
58 10898
58 1940
58 1845
59 1537
59 13803
59 5124
59 5769
59 13837
59 13838
59 5357
59 8467
59 791
59 13822
59 797
59 1569
59 2852
59 2982
59 8487
59 6578
59 4025
59 13773
59 13786
59 1603
59 2373
59 7366
59 6984
59 1229
59 8526
59 1357
59 3537
59 13778
59 13779
59 84
59 2005
59 8406
59 5466
59 13797
59 3552
59 1250
59 8421
59 4092
59 747
59 109
59 1263
59 3441
59 3442
59 3443
59 1269
59 8439
59 2388
59 13818
59 13819
59 4604
59 3709
59 8446
60 129
60 98
60 6921
60 3370
60 3394
60 3542
60 13848
60 6138
62 14339
62 14346
62 14222
62 14223
62 1172
62 14361
62 14239
62 14371
62 14245
62 14251
62 14380
62 14322
62 14254
62 14258
62 14268
62 14269
62 14281
62 14292
62 14295
62 14309
62 14186
62 14321
62 14194
62 14201
64 4772
64 11336
64 14603
64 11053
64 4663
64 11002
65 784
65 7384
65 14610
65 6292
65 14616
65 6202
67 10944
67 84
67 12547
67 3013
67 14598
67 5031
67 15081
67 12906
67 15088
67 11075
67 2644
67 11028
67 11177
67 1176
67 11353
67 11002
67 667
67 11260
67 12381
67 11326
68 3458
68 3345
68 4116
68 1569
68 15139
68 10020
68 3109
68 15148
68 15158
68 15162
68 15163
68 3644
68 4213
68 3521
68 4034
68 15173
68 15178
68 8528
68 4051
68 3542
68 3422
68 6625
68 15164
68 4079
68 3696
68 15093
68 15096
68 15097
68 3451
68 15100
68 4093
69 15360
69 15297
69 13166
69 15366
69 13063
69 12680
69 13067
69 12940
69 12301
69 15252
69 15381
69 15372
69 13657
69 13616
69 13723
69 12828
69 15332
69 11296
69 13488
69 12708
69 12709
69 12455
69 13636
69 13619
69 13639
69 15276
69 13485
69 15278
69 12848
69 15354
69 13235
69 15288
69 12854
69 12599
69 12984
69 12857
69 13553
69 13499
69 15293
69 12608
69 12993
69 13508
69 15329
69 12812
69 12746
69 15308
69 12494
69 13601
69 12368
69 15185
69 15314
69 12878
69 7511
69 15193
69 13402
69 15195
69 13404
69 12922
69 15283
69 12897
69 15291
69 13719
69 13629
69 12390
69 12391
69 13288
69 15356
69 15339
69 11346
69 10990
69 15229
69 15310
69 13041
69 15346
69 13753
69 13301
69 15336
69 12794
69 13308
69 13181
69 13653
70 15428
70 15413
70 15430
70 95
71 3471
71 5010
71 15511
71 15599
71 15517
71 10911
71 15523
71 15537
71 15538
71 4083
71 15544
71 3513
71 8379
71 4030
71 6207
71 10946
71 10311
71 15560
71 11978
71 15443
71 3413
71 15574
71 10840
71 15454
71 6495
71 15457
71 15459
71 15506
71 15471
71 9555
71 15481
71 15484
71 15485
72 15617
72 107
72 111
72 15615
72 15613
72 5247
75 15875
75 15876
75 7685
75 15890
75 15895
75 15900
75 15906
75 15911
75 15916
75 15929
75 15938
75 15942
75 15944
75 6730
75 15948
75 7762
75 15975
75 15976
75 9833
75 15805
75 6770
75 15995
75 7533
75 9879
75 15728
75 16051
75 4277
75 16057
75 15735
75 6872
75 16092
75 7121
75 16108
75 16109
75 16111
75 9979
75 16131
75 15620
75 16133
75 15625
75 15631
75 15634
75 15639
75 15641
75 15651
75 15654
75 15665
75 16179
75 15675
75 15684
75 15685
75 15688
75 15690
75 16207
75 16220
75 15711
75 15713
75 16230
75 15725
75 16239
75 16240
75 15730
75 15849
75 4485
75 4486
75 15756
75 15764
75 15766
75 7577
75 12186
75 15781
75 15796
75 16317
75 15810
75 15816
75 16336
75 16337
75 16340
75 16341
75 15830
75 15831
75 7134
75 15843
75 15847
75 16361
75 16367
76 16640
76 16514
76 16646
76 16649
76 16523
76 16525
76 16530
76 16405
76 16410
76 16538
76 16550
76 16555
76 16556
76 16564
76 16467
76 16597
76 16606
76 16610
76 16486
76 16487
76 16488
76 16402
76 16622
76 16505
77 16694
77 2247
77 16680
77 5802
77 16683
77 16653
77 16687
77 2194
77 16661
77 16662
77 981
77 16699
77 16693
78 16768
78 2306
78 387
78 16777
78 2187
78 16781
78 16784
78 16790
78 16792
78 1049
78 16798
78 10864
78 16809
78 2090
78 2732
78 16813
78 558
78 16816
78 2233
78 2108
78 1860
78 2038
78 1094
78 1057
78 968
78 1106
78 16723
78 980
78 1081
78 9048
78 16730
78 16731
78 16734
78 16737
78 2149
78 1084
78 9426
78 16750
78 879
78 16752
78 1065
78 2166
78 1015
78 11896
78 16724
78 382
79 16818
80 16828
80 66
81 6788
81 3335
81 16905
81 3468
81 3522
81 13842
81 3478
81 3525
81 3491
81 3492
81 4422
81 4009
81 3507
81 4149
81 6711
81 3514
81 7101
81 16830
81 3521
81 16834
81 3141
81 16838
81 4169
81 3402
81 2871
81 6995
81 16854
81 3428
81 16858
81 6366
81 16868
81 7785
81 16874
81 16877
81 4078
81 16879
81 7667
81 6773
81 16888
81 7418
82 6532
82 8465
82 2962
82 2836
82 772
82 16923
82 6044
82 6045
82 9776
82 9506
82 16937
82 4394
82 16939
82 17068
82 17069
82 16944
82 16949
82 9677
82 16964
82 6085
82 17094
82 17098
82 17100
82 4941
82 2986
82 16977
82 16983
82 16997
82 17127
82 7273
82 17006
82 17007
82 1905
82 17011
82 17142
82 6263
82 17016
82 15482
82 2429
82 3710
83 17387
83 17158
83 17159
83 17420
83 17165
83 17422
83 17424
83 17188
83 17319
83 17321
83 17331
83 17208
83 17339
83 17342
83 17219
83 17222
83 17227
83 17230
83 9935
83 17232
83 6097
83 17367
83 17244
83 7266
83 17384
83 17259
83 365
83 17390
83 17264
83 17395
83 17214
83 17398
84 18433
84 17922
84 2564
84 17928
84 2573
84 2574
84 18448
84 9746
84 10259
84 17940
84 18453
84 3417
84 18457
84 17435
84 4067
84 17953
84 3106
84 2595
84 17956
84 3334
84 17447
84 17451
84 1580
84 17965
84 1582
84 18479
84 18483
84 17461
84 2615
84 7604
84 17466
84 17468
84 17471
84 17984
84 577
84 3138
84 18500
84 1606
84 17482
84 9293
84 9294
84 3151
84 18000
84 4177
84 18275
84 1620
84 17887
84 17495
84 18008
84 18521
84 18522
84 17530
84 18013
84 18014
84 18570
84 17506
84 4195
84 10062
84 1637
84 18399
84 9831
84 3042
84 17513
84 3091
84 18036
84 2677
84 18550
84 119
84 1657
84 3194
84 2618
84 1661
84 18624
84 1154
84 17539
84 17028
84 17541
84 9353
84 17546
84 18059
84 18060
84 5051
84 18062
84 3215
84 18577
84 17554
84 17556
84 18587
84 2203
84 18076
84 18590
84 18080
84 4123
84 18596
84 17575
84 18089
84 18090
84 17579
84 1708
84 3245
84 2734
84 8496
84 2736
84 3253
84 1206
84 17592
84 15135
84 18620
84 18109
84 18112
84 18123
84 18117
84 18119
84 1736
84 17611
84 11554
84 18132
84 18382
84 6359
84 18569
84 7386
84 18140
84 17629
84 17630
84 736
84 1249
84 1250
84 8424
84 18267
84 17645
84 18159
84 4337
84 17650
84 17652
84 758
84 760
84 18169
84 762
84 3285
84 4353
84 773
84 17670
84 2689
84 11528
84 17964
84 5899
84 3202
84 782
84 3117
84 8466
84 18197
84 790
84 18207
84 17697
84 18224
84 2339
84 10020
84 8485
84 808
84 7388
84 8449
84 17711
84 816
84 819
84 3294
84 10039
84 2875
84 317
84 2878
84 17727
84 17728
84 17729
84 15170
84 12100
84 3398
84 17735
84 12106
84 331
84 11596
84 1357
84 334
84 2531
84 18574
84 2905
84 17754
84 1883
84 1885
84 1374
84 3557
84 17763
84 3431
84 18282
84 1387
84 18578
84 2926
84 3389
84 10097
84 3475
84 18292
84 17786
84 17788
84 17898
84 18303
84 3458
84 9707
84 17985
84 17801
84 9610
84 2967
84 2445
84 9965
84 2960
84 18321
84 1603
84 3406
84 18327
84 18141
84 2969
84 18331
84 17820
84 18334
84 2929
84 11682
84 18339
84 1445
84 2982
84 3559
84 18348
84 3501
84 3503
84 18354
84 4095
84 18356
84 17846
84 2999
84 2981
84 3515
84 17853
84 17854
84 17829
84 16832
84 3527
84 4553
84 18378
84 16843
84 18428
84 17870
84 3661
84 18386
84 17571
84 1358
84 4054
84 15155
84 9690
84 9691
84 17884
84 18599
84 1502
84 18341
84 17890
84 17891
84 9802
84 3170
84 18407
84 1532
84 1514
84 17387
84 2369
84 18415
84 4082
84 9715
84 18420
84 18422
84 18424
84 18212
84 3067
84 17916
84 18602
84 18431
85 18215
86 6145
86 2979
86 18726
86 15494
86 1889
86 8700
86 18698
86 6478
86 18704
86 18711
86 760
86 18652
86 18730
86 18718
88 18946
88 18819
88 18821
88 19078
88 18951
88 18824
88 19081
88 18954
88 10109
88 19181
88 19094
88 19100
88 18973
88 18850
88 14237
88 19058
88 18991
88 18993
88 18738
88 19123
88 18744
88 3791
88 18747
88 18876
88 19134
88 18751
88 19101
88 18886
88 18888
88 19145
88 19144
88 18511
88 18901
88 19065
88 2367
88 19034
88 19163
88 18910
88 3554
88 18791
88 19047
88 18925
88 18927
88 18930
88 18934
88 19064
88 18809
88 19135
88 18812
88 18941
89 9380
89 9222
89 9578
89 6317
89 9422
89 9423
89 9041
89 9080
89 9529
89 6140
89 6429
91 19458
91 19467
91 6668
91 19474
91 19479
91 19481
91 19490
91 19499
91 19521
91 9284
91 4166
91 19527
91 19468
91 19531
91 19532
91 10318
91 19538
91 3670
91 13915
91 7774
91 3681
91 10349
91 4212
91 19580
91 5247
91 19584
91 19589
91 6791
91 19592
91 13966
91 13933
91 3754
91 10433
91 14024
91 13001
91 4301
91 18640
91 10966
91 19679
91 19680
91 7632
91 19683
91 19698
91 19702
91 10490
91 7421
91 19711
91 8449
91 3798
91 10502
91 10506
91 779
91 790
91 2847
91 10026
91 19247
91 822
91 19255
91 19257
91 19267
91 4421
91 19280
91 19282
91 3422
91 7520
91 19299
91 19300
91 19303
91 3712
91 19323
91 19345
91 3480
91 19524
91 19296
91 19364
91 4010
91 19372
91 19380
91 19381
91 19385
91 19390
91 19408
91 19534
91 10518
91 4580
91 19453
91 1526
91 19447
91 19449
91 19452
91 7677
92 19971
92 19846
92 19847
92 19852
92 13454
92 19743
92 19861
92 19863
92 19871
92 19881
92 19885
92 19888
92 19896
92 19771
92 19778
92 19908
92 19782
92 19724
92 19918
92 19822
92 19928
92 19962
92 12896
92 19819
92 110
92 19954
92 19955
92 19829
92 4218
92 19967
92 19947
93 11137
93 11141
93 19980
93 19981
93 19986
93 10902
93 19995
93 4640
93 20006
93 5032
93 11305
93 20010
93 13376
93 20000
93 12611
93 13002
93 10960
93 11350
93 11353
93 10944
93 13536
93 15082
93 5034
94 20225
94 20100
94 20229
94 20230
94 20110
94 17300
94 20121
94 20122
94 20127
94 20129
94 20131
94 20132
94 20262
94 20135
94 20018
94 20278
94 16991
94 20157
94 20040
94 20041
94 20171
94 20172
94 20045
94 20181
94 20185
94 20061
94 20191
94 20195
94 20075
94 20219
95 3846
95 3598
95 14136
95 10702
95 10520
95 1593
95 3839
95 10717
95 10558
95 10687
96 3458
96 7607
96 3460
96 4631
99 20619
99 20622
99 20752
99 20625
99 20759
99 20634
99 20637
99 20772
99 20645
99 20651
99 20782
99 20784
99 20789
99 20808
99 20810
99 20812
99 20696
99 20702
99 20707
99 20727
99 20604
99 20607
100 20834
100 1983
100 20870
100 20871
100 1580
100 20778
100 4140
100 20881
100 20856
100 20841
100 11352
100 20857
100 3451
100 8796
100 18205
100 20874
100 3384
101 20884
101 20885
103 15491
103 20902
103 6475
103 4140
103 722
103 20878
103 529
103 2867
103 9047
103 7068
103 20893
103 20907
105 9344
105 9602
105 9604
105 20997
105 9222
105 12254
105 21001
105 21003
105 9100
105 8973
105 9453
105 9232
105 9112
105 9108
105 6550
105 21016
105 9271
105 9498
105 9372
105 16675
105 9124
105 8956
105 9126
105 9383
105 9132
105 9202
105 12206
105 12220
105 9136
105 9009
105 8969
105 9144
105 12219
105 9148
105 9025
105 9227
105 9412
105 20937
105 9546
105 9143
105 9549
105 18249
105 9229
105 9040
105 12259
105 5974
105 12247
105 9048
105 9252
105 9178
105 20958
105 20961
105 9058
105 9339
105 9189
105 9190
105 2408
105 20969
105 9450
105 20973
105 367
105 20976
105 8946
105 12275
105 9095
105 9432
105 9080
105 8953
105 8955
105 12284
105 12285
105 382
105 9087
106 21042
106 21043
106 10023
107 6177
107 15554
107 9124
107 21062
107 6289
107 1804
107 1583
107 2384
107 529
107 13938
107 340
107 6081
107 21076
107 21114
107 6495
108 18347
108 6020
108 21129
108 17546
108 9740
108 17805
108 21136
108 3218
108 21268
108 9365
108 21274
108 21276
108 21146
108 21150
108 17704
108 5803
108 17708
108 6317
108 5679
108 21173
108 18614
108 21175
108 21258
108 18357
108 21185
108 21192
108 17609
108 1463
108 17999
108 21202
108 18387
108 344
108 18139
108 21217
108 17901
108 2749
108 18423
108 17784
108 1529
109 10519
109 4581
110 21484
110 21388
110 21392
110 21524
110 21399
110 21406
110 21411
110 21413
110 21423
110 21296
110 21297
110 21299
110 21302
110 21306
110 21308
110 21324
110 21326
110 21329
110 21458
110 21460
110 21461
110 21464
110 21356
110 21357
110 21372
110 21501
110 21503
111 772
111 1580
111 2574
111 6280
111 2361
111 6266
111 21533
111 21535
112 21568
112 21697
112 21652
112 21636
112 21649
112 21576
112 21681
112 21546
112 21675
112 7986
112 21640
112 21650
112 21587
112 21620
112 10741
112 21654
112 21591
112 21625
112 21562
112 21563
112 21564
113 21761
113 14470
113 21767
113 21768
113 14474
113 21786
113 21787
113 14499
113 14504
113 14509
113 14523
113 21731
113 21711
113 14545
113 14491
113 14425
113 14543
113 14557
113 14431
113 14562
113 14435
113 21734
113 21735
113 14574
113 21747
113 14452
113 21752
113 21758
115 22320
115 1201
115 1660
115 1326
115 720
115 1713
115 1779
115 1527
115 1761
115 1564
117 14818
117 6435
117 6084
117 6021
118 9352
118 5892
119 1154
119 8451
119 2838
119 17926
119 769
119 17839
119 777
119 18570
119 3211
119 22402
119 22414
119 18448
119 786
119 18579
119 790
119 2967
119 1688
119 14326
119 17455
119 4124
119 18053
119 1413
119 17568
119 752
119 2594
119 17563
119 18054
119 22403
119 2861
119 8494
119 18479
119 17711
119 2866
119 17587
119 2997
119 2617
119 22387
119 17802
119 17653
119 17824
119 3268
119 18128
119 22342
119 12129
119 17740
119 2764
119 17634
119 18127
119 17488
119 22353
119 1507
119 18517
119 17494
119 18520
119 1290
119 18275
119 17886
119 17808
119 2658
119 17891
119 17508
119 18241
119 2408
119 2537
119 17516
119 22381
119 750
119 22383
119 8432
119 2803
119 756
119 22389
119 22390
119 18424
119 18169
119 17786
119 18171
119 3197
120 3522
120 22469
120 2887
120 3496
120 15529
120 11084
120 22449
120 16856
120 22429
120 11198
122 22496
122 130
122 22499
122 22502
122 22503
122 4842
122 893
122 22480
122 7291
122 7292
122 16733
123 22567
123 22535
123 22540
123 22542
123 22547
123 22552
123 22527
21866 114
126 19200
126 22729
126 22732
126 22735
126 22708
126 22717
126 22718
128 22922
128 22925
128 8462
128 22931
128 22805
128 22939
128 22940
128 22943
128 22947
128 22948
128 8487
128 820
128 22837
128 22966
128 22968
128 22973
128 22980
128 22983
128 22860
128 22986
128 8524
128 22991
128 22894
128 753
129 23298
129 23171
129 8709
129 23303
129 23353
129 23054
129 23314
129 16787
129 23062
129 23319
129 6680
129 666
129 11666
129 7066
129 23365
129 3616
129 19490
129 23075
129 8740
129 13842
129 4394
129 7154
129 23342
129 23092
129 2485
129 4150
129 23223
129 2361
129 23229
129 23413
129 23398
129 23363
129 3203
129 8630
129 8774
129 23112
129 9803
129 23372
129 23119
129 11384
129 10322
129 23123
129 23124
129 8974
129 4182
129 23225
129 9944
129 23332
129 10202
129 4047
129 11364
129 6629
129 23270
129 616
129 2665
129 23277
129 23318
129 23155
129 23301
129 2723
129 9833
129 23032
129 23036
129 7166
131 23554
131 23557
131 23564
131 5011
131 23572
131 23451
131 5022
131 23456
131 23585
131 23459
131 9252
131 23590
131 23592
131 23582
131 23607
131 23480
131 23488
131 23619
131 23623
131 18251
131 23501
131 19925
131 23588
131 23514
131 23526
131 22630
131 23528
131 7273
131 23537
131 23542
131 22647
131 23549
131 23551
216 125
16669 104
16684 125
51 8707
51 8712
51 2569
51 3083
51 2579
51 3094
51 8727
51 3102
51 3109
51 8747
51 2604
51 3119
51 3122
51 6709
51 3127
51 2632
51 9292
51 2637
51 2643
51 2647
51 2649
51 11364
51 614
51 11370
51 2667
51 10348
51 2674
51 11380
51 2680
51 11408
51 11411
51 11415
51 3225
51 2715
51 2722
51 2724
51 4264
51 682
51 2755
51 2760
51 7369
51 11468
51 2771
51 11480
51 3292
51 11485
51 3300
51 11498
51 1778
51 11508
51 11513
51 11515
51 11516
51 3325
51 11522
51 776
51 2830
51 2607
51 11553
51 11557
51 2855
51 11484
51 6964
51 11577
51 3388
51 2884
51 11589
51 11595
51 2893
51 11602
51 11604
51 2901
51 2908
51 2914
51 2938
51 6378
51 2947
51 2955
51 2956
51 2976
51 6570
51 8619
51 8624
51 8637
51 2501
51 2506
51 3019
51 11597
51 8658
51 11428
51 3036
51 8677
51 2534
51 8700
51 8683
51 2542
51 3055
51 6652
51 1877
21833 114
63 14562
63 14546
63 14443
63 14445
63 14414
63 14543
63 6256
63 14481
63 14482
63 14452
63 14486
63 14553
63 14522
63 14494
63 14559
12288 104
66 14725
66 14982
66 14727
66 14984
66 14860
66 14862
66 14738
66 14868
66 14997
66 14870
66 14872
66 14747
66 14938
66 14754
66 14756
66 14758
66 14887
66 1195
66 15023
66 14896
66 14769
66 14900
66 14775
66 15035
66 14922
66 15072
66 14915
66 14665
66 14666
66 14923
66 14668
66 15053
66 14672
66 14677
66 15062
66 14810
66 14683
66 15071
66 14944
66 14690
66 14819
66 14692
66 15014
66 14822
66 14952
66 14968
66 14713
66 14843
66 14716
90 10057
90 16899
98 20480
98 9985
98 16899
98 20485
98 3679
98 9223
98 14091
98 4233
98 3525
98 3479
98 20494
98 10157
98 4626
98 7062
98 4119
98 7066
98 3483
98 10271
98 10145
98 9251
98 20465
98 7468
98 6962
98 3502
98 4274
98 20531
98 4276
98 20534
98 20463
98 6836
98 13882
98 20575
98 20541
98 20544
98 20417
98 3523
98 4406
98 7366
98 3529
98 20428
98 10061
98 4559
98 3664
98 20434
98 4366
98 20429
98 4447
98 4320
98 6241
98 20454
98 3430
98 7655
98 20456
98 20412
98 13804
98 4157
98 20464
98 4209
98 4339
98 7160
104 9153
104 8969
104 9227
104 9230
104 9360
104 11795
104 6292
104 9237
104 8982
104 8985
104 9120
104 9505
104 551
104 2728
104 9258
104 9131
104 9010
104 12247
104 9097
104 9528
104 12217
104 9147
104 9148
104 20926
104 20929
104 9283
104 9287
104 12233
104 12234
104 6607
104 20951
104 9569
104 9559
104 12264
104 9065
104 3132
104 9278
104 12280
104 9084
104 893
104 5920
679 97
750 97
13941 61
22011 114
1130 97
1160 97
22664 125
1387 97
22079 114
1405 97
1442 97
1599 97
1603 97
1738 97
9943 61
5927 114
1671 97
61 7683
61 10116
61 7435
61 3598
61 6802
61 14049
61 4247
61 14106
61 7579
61 13984
61 13985
61 10209
61 13860
61 10149
61 14119
61 4008
61 10285
61 10162
61 14003
61 13877
61 13879
61 14011
61 14014
61 3391
61 14112
61 14148
61 14177
61 12105
61 14050
61 7761
61 14162
61 14164
61 14037
61 14166
61 7000
61 14116
61 14053
61 13920
61 10465
61 13922
61 13925
61 13931
61 13938
61 13944
61 14076
21945 114
22186 114
10242 114
18600 97
16755 127
124 22581
2325 125
10846 87
2680 114
22187 114
11246 114
3357 114
114 21894
114 22027
114 17678
114 22034
114 22163
114 22038
114 22039
114 22304
114 5666
114 21796
114 22181
114 6570
114 22002
114 21809
114 21810
114 22068
114 15160
114 21812
114 22090
114 21822
114 11711
114 21952
114 21825
114 21954
114 21827
114 21958
114 22218
114 21840
114 5713
114 21846
114 21976
114 21979
114 22236
114 22238
114 21855
114 22240
114 21862
114 22225
114 21993
114 22129
114 21874
114 21877
114 3962
114 21930
3542 130
3558 130
3644 130
125 21057
125 22658
125 22596
125 22597
125 22610
125 22674
125 12113
125 22642
125 22614
125 22618
125 3868
125 22653
127 22758
130 7744
130 6704
130 6677
20331 97
20332 97
20333 97
20337 97
20358 97
20367 97
5034 97
5037 97
97 20355
97 7205
97 20390
97 20392
97 7230
