4 10909
11 9739
13 10441
17 22828
22 6353
26 13586
31 12815
32 20453
32 23494
34 1856
57 15067
61 18032
61 3145
62 13347
64 20470
66 7571
69 5573
70 73
72 2306
72 21908
76 15250
77 575
80 21256
81 17934
84 13471
88 16732
89 2457
90 19474
90 3027
90 12852
93 2789
94 5361
97 20039
99 5771
101 13917
107 11593
107 11813
114 21597
114 21701
117 7397
130 9405
131 18850
131 18653
135 19155
137 16318
137 7031
140 1256
144 7354
144 9652
155 21154
157 13464
158 839
161 8646
165 7680
165 14627
165 1084
174 8758
174 6022
175 21229
180 10379
182 10531
187 5496
192 19765
194 875
195 23611
196 9511
206 3112
208 19699
209 21971
211 21961
212 5162
212 17623
214 7989
215 20604
217 14978
223 13651
227 23184
235 1643
236 1086
238 15317
240 17264
245 10362
247 9061
247 20519
249 11424
253 11056
253 9610
258 9775
260 2357
263 20303
269 10852
278 10593
280 19195
284 9153
284 18190
285 13429
287 2354
289 23401
289 6229
291 17713
291 21345
294 3226
297 6559
300 22031
308 3603
308 10989
311 434
312 12904
316 11009
318 12221
318 17294
321 21834
324 20100
325 15878
326 11604
329 12917
335 14990
338 1860
339 1009
340 19265
340 15221
342 7352
346 18520
348 8751
353 20237
355 17437
360 11050
361 2697
366 7394
369 19090
369 3694
374 10474
377 14702
388 10864
397 11938
405 8237
408 15730
411 13092
415 7423
416 16804
416 5748
419 17041
420 12731
425 22595
426 18843
427 3413
432 22161
433 562
433 13262
440 6134
442 14339
445 17706
448 14330
450 3598
455 6957
455 17486
456 18639
459 22026
460 18125
464 17097
465 1491
466 2409
466 12423
474 16540
476 14097
482 19818
485 22861
486 21756
487 1546
491 2604
494 16978
497 12107
497 11535
504 2597
507 21422
515 2197
520 22584
524 21162
525 18802
527 22206
529 14725
532 4284
545 15718
548 8681
552 14342
557 6350
558 11645
561 1833
571 6253
571 13567
572 5150
577 16581
578 15464
583 1218
585 19863
587 18194
590 15157
590 13519
597 13712
598 21871
601 18383
606 2012
610 21503
611 1348
615 16948
615 17366
616 17517
619 20011
620 23053
621 4221
625 2391
626 6615
628 17855
629 5529
636 7051
638 17947
643 7955
645 12708
649 20845
653 9687
654 3272
661 7378
665 22386
668 13093
669 13384
671 6776
680 13016
682 11941
682 3222
697 5734
698 21852
707 23487
709 11786
712 14510
713 7386
715 21097
719 3076
724 5861
727 14446
729 13329
736 4451
736 20823
738 19835
739 21667
740 15722
745 13125
750 5301
750 20702
750 8127
752 14715
752 13591
765 21284
770 5541
772 10087
785 10832
789 18393
795 15377
796 18306
797 11062
798 6764
799 8255
810 14586
810 22780
823 4597
827 22640
829 14088
833 10745
836 14587
850 3943
858 7655
859 22260
859 14046
860 12956
866 22410
867 14102
883 15608
885 10392
889 5775
891 21628
892 15374
896 17768
896 8932
899 2354
906 7787
918 4225
919 4029
920 19776
921 20341
924 15127
927 6844
930 19108
934 3867
935 5276
936 7930
938 8559
939 19327
943 18305
944 12152
949 10704
950 16425
953 8829
958 14817
958 19508
958 8942
960 22490
968 16110
971 6739
972 7049
976 19448
976 23033
977 15097
978 12802
981 1048
981 11858
990 3181
995 9930
997 23562
998 3891
1006 5314
1007 18941
1008 4793
1011 18111
1012 10992
1013 19618
1016 1493
1018 7629
1020 19289
1023 3313
1025 15662
1027 22573
1031 8317
1032 6928
1032 18676
1035 6874
1039 21513
1045 22090
1046 17697
1047 21454
1052 5669
1054 18326
1056 13447
1061 23500
1062 1711
1067 3638
1073 11994
1074 17351
1075 15704
1077 7929
1077 10513
1077 2015
1080 8804
1083 5976
1104 18839
1106 13927
1109 9072
1109 18678
1113 19718
1114 12680
1116 7206
1117 21478
1122 7593
1123 14856
1123 22134
1124 9714
1127 6821
1128 22624
1130 22505
1130 19213
1131 6424
1131 10754
1132 8142
1134 4881
1136 13435
1137 19367
1141 10395
1148 4029
1152 15681
1162 17731
1164 19059
1168 10492
1173 7699
1179 9413
1180 14455
1181 8202
1181 8189
1183 15715
1183 16885
1189 2426
1190 4976
1191 14871
1192 13433
1193 8401
1195 8872
1199 5432
1201 16786
1202 16096
1204 17106
1208 18348
1212 6578
1214 9696
1217 22049
1219 9591
1220 7777
1220 9781
1220 20574
1232 7859
1239 16875
1242 3861
1248 17758
1253 11931
1256 22351
1257 14584
1257 17225
1258 22900
1259 19522
1260 5586
1264 17915
1265 3361
1273 19710
1275 4452
1276 6598
1279 15632
1282 12913
1282 2301
1284 17287
1285 15811
1288 11469
1293 4451
1298 18698
1301 13026
1304 15055
1307 5181
1307 21621
1311 19051
1313 3762
1314 12809
1314 10031
1315 7261
1316 9183
1317 14914
1317 2703
1320 22692
1323 10886
1331 17481
1332 19032
1332 15303
1333 17649
1338 12540
1343 14019
1344 8068
1348 21496
1352 6326
1356 8142
1360 11581
1364 3235
1368 9814
1370 7058
1372 22995
1375 3627
1380 20525
1385 15809
1398 17774
1401 20462
1401 6078
1407 19717
1412 19233
1416 21901
1420 6964
1427 4564
1428 20663
1429 3867
1432 2639
1435 2989
1437 2804
1439 19941
1440 18723
1447 18187
1449 5713
1455 11940
1457 10332
1460 14214
1466 10322
1467 23551
1469 14746
1472 12563
1472 22486
1474 3146
1488 1712
1490 7964
1494 4042
1495 12696
1497 8974
1499 21786
1509 3178
1516 23170
1517 15640
1517 18521
1522 14067
1522 2557
1528 7934
1534 16973
1536 17584
1536 14705
1539 3941
1542 13171
1542 10910
1553 15558
1559 22176
1560 14047
1562 16331
1562 15349
1565 15287
1566 2792
1566 9260
1571 9170
1571 12431
1573 10241
1584 22510
1586 12979
1591 2285
1591 13198
1592 7483
1593 13773
1598 13092
1599 8231
1608 22634
1612 20334
1614 1833
1615 17545
1619 1883
1622 8849
1622 15211
1626 7010
1632 19057
1635 23180
1640 15299
1649 2347
1655 17378
1657 21562
1659 5510
1663 20560
1665 5901
1668 20365
1669 15692
1670 14165
1677 17692
1682 17556
1687 6389
1694 18527
1696 13028
1697 19961
1699 21219
1700 17509
1706 3621
1710 4668
1712 18973
1715 18278
1718 21662
1719 5037
1721 14138
1721 13204
1722 3931
1727 10001
1730 9265
1731 9188
1731 8109
1731 7239
1732 18319
1733 21195
1737 5200
1739 11440
1743 13582
1745 3317
1746 11615
1747 6707
1748 17404
1750 16944
1751 4322
1753 19356
1755 3442
1761 20904
1765 18883
1766 10650
1768 19419
1769 21099
1770 21372
1774 20871
1777 16993
1781 14111
1785 14475
1786 17914
1789 6153
1790 2028
1793 19930
1794 7306
1795 2458
1795 19863
1796 2286
1797 5641
1800 6095
1807 15904
1808 9453
1826 6933
1831 16035
1833 19549
1839 5547
1840 15840
1842 6113
1842 5479
1849 8942
1851 4388
1856 15493
1859 23594
1864 3638
1865 11690
1871 5519
1872 18150
1878 8674
1885 12309
1886 9704
1886 20356
1892 10299
1905 18431
1907 23310
1912 10652
1917 16209
1918 2439
1926 8003
1934 7294
1935 7123
1936 16696
1936 5686
1937 7170
1937 20933
1942 5885
1944 13551
1949 5068
1950 7985
1951 8457
1961 10021
1972 10962
1973 14435
1974 16128
1974 13107
1980 6157
1991 7369
1991 9030
1992 20298
1996 23380
1998 3854
2002 18290
2003 14302
2005 8118
2005 3855
2009 10306
2009 3942
2011 14104
2013 18814
2013 15887
2019 3835
2020 18001
2025 4847
2035 22583
2054 18350
2057 7189
2057 14173
2059 6190
2060 17131
2061 5702
2064 22127
2065 9186
2065 5036
2067 12195
2074 5261
2075 22812
2076 8433
2082 17948
2083 5962
2085 7033
2085 23514
2085 16059
2087 16855
2088 8605
2090 18440
2091 17432
2103 5497
2107 2992
2110 21119
2125 18112
2142 20547
2143 8449
2146 21483
2147 5988
2150 16850
2152 3098
2153 3896
2155 13354
2158 13375
2166 13455
2167 19515
2167 10390
2172 14831
2174 11276
2176 2300
2179 14636
2182 17009
2191 18973
2201 11033
2207 4264
2210 5127
2211 14523
2215 15312
2216 12179
2216 6255
2217 22406
2218 6609
2219 7222
2220 16985
2221 23601
2224 3859
2224 8901
2232 4584
2233 7134
2236 13776
2239 4868
2242 2774
2246 2822
2249 19429
2251 19527
2252 16370
2253 7410
2257 5339
2261 17748
2265 7778
2267 11661
2273 21412
2273 18581
2274 16221
2278 23308
2278 14628
2282 18019
2282 2919
2287 23259
2288 15723
2304 21297
2305 5775
2312 16033
2318 17659
2319 15594
2329 9937
2330 21838
2334 6302
2340 2764
2340 11807
2341 14424
2345 18028
2346 5851
2347 22993
2347 18301
2347 14903
2363 13355
2380 20488
2385 10960
2385 6851
2385 12235
2394 19182
2395 8312
2409 14203
2410 16665
2415 23476
2416 10398
2417 17507
2418 15909
2424 16536
2427 8100
2430 8106
2431 19225
2442 13742
2446 8367
2447 17854
2449 20723
2450 15370
2456 6484
2457 10335
2479 6594
2493 15001
2500 16790
2505 2623
2507 9163
2508 13452
2508 15119
2511 3995
2512 14736
2512 5877
2513 12202
2514 18110
2515 17670
2515 11495
2517 9406
2523 18346
2526 12938
2529 19060
2532 4087
2533 16139
2537 6095
2542 17454
2548 12648
2566 23034
2566 15815
2569 18502
2571 6091
2572 19425
2573 3371
2576 19271
2588 6339
2592 18535
2594 10763
2596 20223
2599 21971
2600 14279
2601 13940
2605 4354
2606 22082
2607 2662
2613 12824
2613 5138
2622 19148
2624 23566
2627 12942
2629 6400
2634 13286
2650 11322
2656 4802
2664 4824
2667 16248
2681 9213
2684 20958
2686 10067
2688 3114
2693 6549
2696 11017
2698 8874
2703 9602
2707 22023
2710 11852
2714 6770
2716 8603
2717 4627
2719 15551
2721 7784
2723 11156
2729 4292
2729 15750
2731 11663
2744 15022
2748 18260
2748 15189
2748 21214
2749 11553
2752 14247
2759 17486
2759 12886
2767 6430
2770 4747
2770 18270
2770 16663
2775 21311
2777 23351
2782 8972
2783 22513
2794 17555
2795 6019
2799 5333
2801 21061
2805 6158
2808 20432
2811 10966
2815 3886
2818 11223
2818 8407
2825 13669
2829 7689
2830 17289
2830 18459
2832 19185
2840 14666
2840 17350
2841 4114
2842 20342
2849 8876
2850 22682
2851 9409
2854 15426
2862 20832
2868 8955
2876 5418
2877 14401
2878 22165
2881 22170
2884 4456
2892 14722
2895 8479
2906 3951
2915 9285
2916 14350
2918 22579
2918 7045
2924 22126
2926 11838
2937 21540
2939 21712
2939 3809
2939 5467
2942 10672
2958 22515
2961 10660
2961 17566
2966 7403
2973 16396
2975 13595
2976 7488
2986 12801
2993 4127
2998 6975
3002 22455
3006 16262
3007 7171
3009 8996
3013 9598
3015 4733
3018 13729
3020 22750
3023 17783
3024 11812
3025 17434
3030 9544
3036 13956
3036 7028
3042 13101
3042 4431
3044 11589
3047 17821
3055 17292
3060 17400
3061 16153
3064 12289
3065 6412
3067 20728
3067 15771
3073 8161
3077 19247
3078 17476
3083 15714
3084 15680
3091 21272
3092 15120
3093 9771
3093 3107
3099 5947
3100 15995
3107 20856
3108 8527
3113 9245
3119 19047
3124 22259
3128 22337
3129 8631
3130 19030
3134 15169
3134 12563
3134 23127
3136 7515
3139 19564
3141 18564
3143 13675
3150 18033
3150 20585
3154 5536
3160 10754
3160 21354
3160 17111
3170 15112
3178 17172
3178 3846
3188 7210
3191 10792
3191 23504
3194 19584
3203 18443
3207 4841
3209 23069
3212 16595
3229 4591
3231 4740
3233 9195
3235 15797
3236 23150
3242 14163
3243 15202
3244 17756
3249 20600
3251 9289
3257 19340
3261 14449
3261 5421
3261 13703
3262 7294
3264 17609
3264 16942
3273 13150
3274 14701
3278 3863
3280 18913
3285 16740
3290 9901
3303 10611
3306 13656
3311 12181
3320 16277
3328 8784
3330 21278
3331 15856
3334 5082
3334 11926
3338 18133
3342 14036
3344 18290
3354 5674
3360 10935
3369 5048
3376 13020
3380 6945
3385 16495
3390 9820
3395 12044
3395 7413
3397 19529
3415 22206
3417 5162
3418 20670
3422 15206
3423 19989
3425 16956
3426 15954
3430 5624
3432 15917
3435 21813
3440 18278
3442 14915
3446 7334
3449 18315
3450 13293
3450 8775
3453 22696
3454 21865
3458 17444
3459 4045
3465 4144
3474 16070
3475 4405
3477 20576
3477 8492
3478 22624
3487 17050
3489 8627
3490 10755
3494 9143
3497 9474
3499 20677
3499 5399
3500 12978
3500 14375
3513 14255
3516 5390
3520 21431
3521 23010
3522 6444
3535 7214
3536 11785
3536 22812
3538 8482
3538 17715
3539 11336
3539 19261
3540 13683
3549 14849
3549 14883
3553 6668
3574 4132
3579 19955
3587 14841
3587 21405
3588 16478
3591 9028
3596 4015
3599 11606
3605 23617
3605 16398
3608 10055
3614 9517
3615 16659
3617 20917
3622 12106
3623 15040
3625 18146
3627 3784
3628 19288
3631 17640
3632 10201
3632 19023
3633 18503
3639 6560
3640 23583
3644 15167
3648 8287
3650 22669
3659 12939
3661 5464
3664 11708
3666 20305
3669 20657
3678 9623
3679 6405
3681 9266
3689 10774
3691 11273
3694 23131
3696 4368
3698 7344
3699 22760
3711 20694
3712 9857
3722 21401
3723 5317
3727 15656
3728 20990
3732 10438
3735 16034
3739 23217
3739 9772
3741 8054
3745 19092
3751 19431
3761 12008
3766 19908
3770 5966
3773 4938
3774 10407
3776 17582
3782 5220
3782 10327
3785 20616
3787 7966
3792 10295
3794 21620
3796 17917
3803 13888
3804 22514
3807 4381
3808 3898
3808 5303
3814 11334
3814 6230
3816 21717
3820 19922
3821 9695
3822 14923
3826 13455
3827 8018
3831 13901
3837 5539
3842 18216
3843 4115
3845 10540
3850 10540
3853 5852
3856 17662
3859 16369
3859 14811
3862 8748
3866 16900
3869 16135
3879 19624
3879 12619
3880 18716
3887 11247
3892 5265
3896 19668
3899 12728
3901 23342
3901 10470
3904 17558
3907 17866
3911 12352
3912 16200
3913 5554
3925 13539
3931 15350
3933 9532
3934 8167
3935 17120
3936 9976
3936 11812
3937 13418
3943 12009
3955 15657
3957 13426
3959 22096
3962 11661
3964 7120
3966 5981
3967 21056
3969 18302
3976 12420
3982 12546
3982 19854
3982 9238
3986 4899
3986 19653
3986 16230
3993 18355
4002 22231
4004 19602
4008 5654
4009 8430
4013 11419
4015 10487
4016 8976
4016 12922
4019 21749
4025 9456
4027 6036
4032 19066
4035 12479
4038 16560
4040 11460
4046 4221
4046 15926
4046 5239
4059 13622
4060 20906
4061 14023
4063 21215
4070 20503
4075 6573
4080 20915
4087 13501
4088 9532
4092 21275
4092 13447
4096 12528
4100 4800
4106 17065
4110 19820
4112 8865
4114 7228
4115 7561
4119 6270
4120 9663
4121 18725
4125 6928
4125 23308
4125 11511
4129 13948
4132 19130
4135 6882
4139 10006
4141 15633
4150 15184
4151 14676
4153 19918
4164 10129
4170 19694
4172 7672
4172 19684
4173 8709
4174 15943
4188 21465
4192 22973
4195 14666
4196 15091
4196 11470
4199 22446
4203 10791
4206 14832
4207 11127
4211 22450
4212 4835
4212 9799
4222 7960
4222 9592
4230 22488
4245 7728
4246 19505
4250 19554
4251 16059
4260 22570
4273 8059
4275 17526
4281 6092
4288 23368
4294 5207
4309 6478
4311 12228
4312 17807
4313 12065
4320 18312
4321 19817
4327 4463
4332 15200
4333 17182
4339 13329
4344 17216
4351 7189
4357 9685
4359 6905
4359 21407
4364 14781
4366 6220
4367 8478
4369 21933
4373 21227
4374 18139
4380 18071
4387 20907
4387 9117
4390 21056
4393 15760
4396 22028
4397 23004
4402 17370
4402 12166
4407 16408
4415 19059
4418 19001
4423 16899
4425 11489
4428 17485
4429 17733
4430 15004
4430 13382
4432 19951
4438 13889
4442 17116
4442 22287
4447 23312
4450 7460
4451 7692
4453 10021
4461 17370
4462 20607
4464 16328
4473 17213
4477 22462
4480 13077
4487 15315
4493 5638
4494 20690
4498 22925
4512 12897
4517 6091
4518 7211
4523 21694
4527 17362
4543 6641
4543 10582
4548 4710
4549 21881
4554 12562
4556 12086
4559 12416
4560 9643
4561 11520
4561 19485
4566 11533
4571 10293
4572 13152
4582 12825
4584 19184
4597 23618
4600 9623
4601 16306
4602 5808
4603 23193
4608 21075
4608 5590
4609 10059
4612 21498
4629 20404
4629 5812
4631 14695
4632 8285
4638 17184
4640 11917
4641 15383
4643 11051
4646 20247
4663 5425
4663 8223
4666 16895
4667 17086
4669 8493
4672 8147
4672 11228
4673 15358
4673 12870
4674 21295
4675 5340
4676 9883
4681 8702
4684 9785
4686 15392
4694 8920
4702 13363
4703 7561
4708 19482
4710 4779
4713 12336
4720 13761
4723 17125
4724 12718
4725 17902
4743 21774
4744 13078
4747 10615
4750 15833
4753 22054
4754 17356
4760 9646
4761 20613
4763 9997
4767 6897
4774 22049
4774 13174
4775 9565
4775 15166
4776 13945
4787 19679
4789 23141
4789 17206
4795 20798
4795 18215
4799 20616
4812 16355
4813 14174
4815 13365
4817 14877
4827 7777
4832 21921
4832 21474
4833 6525
4834 12705
4834 7050
4839 12494
4850 13143
4856 14014
4856 12702
4856 13719
4857 8578
4862 18314
4865 14286
4866 5635
4869 11929
4876 5431
4879 12208
4881 5049
4891 7776
4894 16206
4895 15852
4898 9756
4899 7532
4900 22254
4901 23621
4902 15361
4908 19446
4910 13817
4914 15682
4920 13457
4925 20394
4930 21469
4935 11000
4935 9037
4939 14223
4945 11446
4947 20060
4950 22063
4951 15549
4952 19707
4954 12493
4960 21700
4967 15007
4968 12911
4972 14570
4978 14104
4979 20970
4979 14135
4986 8322
4989 19202
5006 20103
5012 9675
5020 20793
5020 23138
5021 6132
5040 6968
5042 16959
5043 10620
5050 9524
5052 12660
5056 20061
5058 16633
5072 14161
5074 22942
5075 17817
5075 17421
5076 6534
5077 9624
5078 8977
5081 21172
5083 8819
5090 13539
5092 16385
5094 9765
5097 22500
5098 17388
5099 16217
5103 9010
5112 9689
5114 7448
5114 22811
5115 9316
5116 22029
5119 6784
5119 5579
5124 5433
5125 15368
5127 21960
5132 22619
5133 15844
5134 8959
5140 13026
5143 8649
5144 21495
5152 13728
5152 14568
5152 13195
5159 5939
5159 11695
5161 20782
5166 19793
5167 21720
5167 23329
5170 19566
5178 20203
5179 12733
5179 22005
5180 8163
5191 16552
5207 14007
5209 11566
5215 14463
5218 11850
5218 14054
5220 8736
5220 18273
5221 9235
5221 14231
5228 22476
5232 15654
5233 19369
5240 23527
5241 10571
5244 17893
5246 16660
5249 14129
5250 5953
5255 17054
5256 12997
5264 9088
5268 5792
5271 8517
5271 9334
5276 6484
5278 10873
5281 9663
5282 6064
5286 17292
5299 21439
5301 5576
5302 6274
5302 17135
5312 20848
5320 18595
5323 16097
5327 23283
5329 17118
5332 12675
5336 12325
5337 22429
5343 9303
5351 8420
5352 21729
5353 17182
5355 22497
5358 16582
5363 11448
5372 6106
5373 16054
5375 20531
5384 16733
5389 11880
5393 14270
5394 13013
5401 12758
5405 14220
5406 9471
5409 19112
5414 18783
5417 5576
5421 18401
5428 20728
5433 7370
5443 9202
5453 14649
5462 20364
5466 23379
5467 23004
5471 17143
5473 6959
5475 18174
5475 9983
5476 9009
5476 17068
5483 8805
5490 14469
5492 19226
5495 18060
5498 8377
5498 21057
5499 21779
5502 8778
5504 16289
5509 11297
5510 18367
5513 14111
5519 10599
5528 23312
5537 14191
5539 16765
5545 7314
5548 11633
5553 9890
5554 9531
5554 19996
5555 15715
5555 13591
5557 18447
5558 17184
5562 22461
5566 23433
5574 20914
5578 10066
5579 17443
5585 14465
5592 8724
5597 15658
5597 5927
5598 9985
5601 21416
5607 7775
5608 9148
5609 16119
5613 13318
5621 23134
5622 12868
5628 16731
5633 19897
5641 18264
5644 15946
5646 10179
5652 12043
5662 12599
5664 12804
5678 22023
5683 18553
5684 16541
5689 11657
5691 7612
5698 15266
5707 21370
5711 7969
5721 14760
5721 14897
5729 22453
5737 21768
5750 14899
5751 7751
5753 5807
5756 11176
5757 9238
5764 19924
5769 13247
5770 19562
5778 16200
5778 12978
5782 14468
5783 21388
5792 15544
5794 18581
5797 17906
5805 7034
5806 20966
5809 20302
5810 14860
5810 11326
5817 7946
5821 22729
5821 20020
5822 8431
5824 17174
5825 6082
5827 7220
5834 10992
5834 21345
5847 14438
5851 5856
5853 21880
5857 6699
5862 6866
5862 6243
5867 17058
5874 23472
5874 15595
5897 9026
5902 20033
5907 15518
5917 12547
5920 20835
5924 13847
5925 14368
5930 22852
5934 21663
5937 19149
5939 6082
5939 18974
5942 8643
5944 23160
5947 8460
5947 8355
5947 17118
5956 12611
5958 14121
5959 9762
5962 12400
5963 13603
5963 23308
5969 16938
5974 9729
5975 7666
5986 12373
5988 10322
5988 11582
5990 12431
5992 11216
5993 9781
5998 22030
6006 19488
6008 14322
6013 14714
6016 8202
6017 12164
6020 14440
6021 22186
6023 17107
6032 18044
6033 13780
6040 10875
6048 21336
6053 17792
6062 14955
6064 13165
6076 10102
6079 14099
6080 15689
6080 23233
6086 14472
6086 17282
6086 10118
6089 12911
6090 14658
6094 18063
6094 14207
6097 15095
6100 19726
6107 7314
6107 15406
6109 11429
6109 9774
6111 8269
6116 12354
6122 6144
6123 17023
6131 11863
6136 13148
6138 22384
6141 10458
6141 19303
6154 9066
6173 10264
6178 13418
6181 21757
6184 19204
6184 21702
6191 8932
6193 10408
6198 22971
6201 17757
6202 20591
6209 17064
6211 6626
6215 16345
6217 10359
6221 22965
6223 20943
6224 10063
6225 15918
6229 6358
6234 10364
6236 7947
6237 19408
6240 7290
6242 21548
6243 11419
6245 13115
6246 15837
6247 21440
6247 11409
6255 19749
6259 21081
6259 16679
6265 15784
6269 15928
6273 19730
6278 10877
6291 8753
6301 10375
6302 19665
6302 17562
6315 12023
6316 18952
6329 11115
6338 18939
6339 20308
6344 20513
6346 21991
6349 18150
6351 20192
6351 17084
6355 11206
6358 15185
6360 22437
6364 13710
6368 14843
6371 22992
6373 22972
6374 19324
6374 17420
6383 22183
6385 22716
6389 8399
6391 17295
6395 21343
6401 15407
6402 22289
6414 15472
6423 12637
6425 16320
6426 11671
6433 19113
6441 23503
6446 20940
6448 16962
6452 23400
6459 15512
6466 10232
6466 22396
6467 16642
6469 13500
6472 7937
6472 23538
6476 20019
6480 12086
6484 6862
6488 16535
6493 8389
6499 7515
6502 12266
6506 18956
6507 19811
6515 23280
6524 20188
6526 23594
6536 23179
6544 9407
6545 15755
6545 22902
6554 7683
6556 20540
6556 18167
6557 15872
6564 14800
6566 9914
6570 18403
6570 19951
6582 6605
6596 20067
6596 15557
6600 21261
6606 9478
6607 10917
6610 19671
6613 12820
6617 10342
6618 12711
6620 7809
6630 13289
6630 14940
6632 17439
6633 17089
6646 23313
6650 16259
6652 10647
6653 16345
6657 12749
6659 19990
6663 11817
6664 10253
6669 12428
6710 8980
6713 19581
6717 18644
6733 11939
6738 12921
6738 15893
6752 9498
6757 9117
6759 17099
6759 22677
6760 7467
6765 13466
6769 12655
6772 10743
6783 19098
6788 15411
6801 17318
6802 8496
6813 14875
6814 13749
6814 19325
6826 18336
6831 21193
6834 10173
6849 21336
6854 9256
6855 23504
6875 16708
6876 16520
6885 20665
6886 12327
6896 10133
6898 8024
6903 6915
6910 16948
6916 14335
6920 14805
6922 13955
6923 9842
6925 8792
6927 14254
6928 12408
6942 9667
6952 7041
6954 16360
6956 23263
6957 14951
6960 16876
6964 23190
6969 20083
6977 12003
6977 21711
6983 16715
6988 19957
6990 9711
6991 9271
6992 10281
6992 16250
7006 22428
7006 11014
7017 20992
7020 21841
7023 13202
7023 18779
7023 11830
7031 15293
7033 8091
7036 13019
7046 18748
7047 22997
7051 14736
7051 9521
7053 23386
7056 11798
7058 18182
7060 15665
7062 7065
7072 13792
7079 19482
7083 16159
7084 9337
7090 8203
7091 13344
7091 9682
7091 20603
7102 11505
7102 19291
7105 20857
7107 23264
7108 9196
7123 14704
7132 21023
7135 20488
7148 20473
7157 11479
7159 9383
7160 18324
7169 18439
7173 7527
7179 23154
7179 21891
7199 9905
7201 15420
7203 8140
7211 8069
7215 14694
7220 21989
7231 8200
7232 23531
7234 14973
7235 15274
7248 19432
7248 11938
7248 11989
7251 16345
7252 9931
7254 18058
7257 14282
7271 8105
7271 15082
7276 18302
7282 13428
7284 17126
7289 7531
7294 16567
7296 16300
7302 15073
7302 20642
7304 10214
7326 15066
7328 8222
7340 8191
7341 7716
7347 13337
7356 12280
7356 14389
7360 11901
7365 12250
7369 9223
7375 22984
7376 11265
7383 13437
7386 12190
7390 16692
7392 15520
7401 20776
7404 11311
7410 21934
7412 16244
7417 22632
7419 15996
7422 14574
7423 12467
7431 18056
7431 17470
7437 8687
7438 8519
7449 21733
7450 7786
7452 10472
7468 15481
7480 11032
7481 14406
7482 22388
7484 21826
7487 21663
7498 15462
7504 13721
7506 18944
7508 10938
7508 23286
7509 10367
7510 22899
7512 12080
7526 13429
7528 23182
7532 15087
7533 9651
7534 14040
7537 22384
7537 12898
7541 13742
7542 9823
7549 9839
7550 23541
7556 13588
7561 7992
7566 17818
7578 13700
7581 18387
7585 9772
7602 20641
7603 22770
7605 16649
7607 10112
7610 15706
7615 21501
7634 12980
7638 14283
7638 21598
7657 15362
7660 18724
7660 11285
7663 10222
7667 11300
7669 18228
7679 18056
7696 9818
7705 21190
7708 12665
7714 13510
7724 23575
7727 20954
7735 8882
7742 19456
7747 10178
7754 21080
7768 14639
7771 17831
7772 14941
7778 16641
7779 20747
7786 17133
7792 21657
7798 11299
7802 21638
7805 12776
7808 14074
7810 21630
7816 17393
7818 14921
7819 11201
7822 21836
7830 12119
7834 17047
7835 13157
7837 11212
7848 8011
7859 11081
7862 20899
7880 22842
7885 22240
7889 8096
7894 21050
7897 17665
7903 9626
7903 9557
7905 16413
7905 11006
7910 16038
7916 12250
7927 17088
7937 15873
7940 19011
7946 21964
7952 14169
7954 11016
7957 10292
7961 22740
7962 10771
7968 22799
7969 8361
7980 13778
7990 10608
7996 20226
7999 13577
8007 19647
8009 19884
8019 21904
8019 11129
8023 9326
8042 17855
8043 23000
8046 19468
8046 18295
8057 16047
8059 12746
8060 19550
8060 10287
8064 23352
8067 19765
8073 14348
8080 19635
8081 10080
8090 16733
8091 13974
8096 13771
8096 17063
8104 21308
8104 16100
8104 23089
8114 23082
8120 14625
8123 17511
8127 22768
8127 16660
8137 22929
8137 11530
8144 8978
8151 10973
8160 14136
8167 9108
8169 10289
8174 9077
8180 10824
8180 14240
8188 23185
8196 12873
8200 13977
8202 22656
8210 10272
8212 13783
8224 21150
8226 16814
8233 19455
8235 8810
8237 9248
8238 21384
8239 21298
8239 20564
8242 16325
8255 20925
8259 17354
8267 17404
8270 17637
8271 17334
8272 14342
8275 14267
8278 16104
8286 14560
8286 19971
8291 16796
8303 8554
8310 9785
8310 10143
8311 17983
8312 12684
8316 16396
8323 16855
8325 11946
8326 11738
8327 9305
8331 14852
8332 22430
8335 21745
8342 21576
8347 15386
8347 13555
8350 19689
8350 16810
8353 8416
8355 13214
8360 12587
8364 11548
8364 8452
8367 10085
8370 22876
8391 21908
8406 9811
8415 18348
8418 9784
8446 23024
8447 22677
8464 20011
8468 20744
8471 12211
8473 10782
8474 9912
8486 14506
8487 20215
8492 13621
8494 18744
8495 16506
8506 19950
8508 9682
8510 12542
8515 10143
8515 9255
8521 21270
8525 19166
8548 21587
8554 9597
8555 10322
8565 20740
8568 13083
8571 13075
8573 13782
8576 12777
8578 11348
8582 17579
8582 14804
8592 22437
8597 12640
8609 17813
8612 12792
8614 15677
8622 22419
8627 16651
8647 15296
8648 12827
8651 23279
8659 21466
8659 9637
8664 18977
8664 23279
8667 20478
8671 12000
8684 14707
8686 19331
8689 14296
8701 21644
8702 11617
8704 12980
8708 22733
8711 16308
8717 20932
8721 12901
8723 16936
8739 19563
8741 18025
8743 17823
8760 23080
8761 18856
8766 20942
8768 21994
8786 23085
8789 21872
8794 19223
8795 21679
8798 13261
8800 21782
8802 16601
8807 15518
8812 10192
8825 14985
8831 12805
8835 11026
8840 16443
8842 13897
8848 10709
8850 15088
8865 20878
8866 12487
8868 21285
8870 14934
8884 18042
8885 14312
8915 10682
8918 20493
8934 22618
8940 22273
8941 11516
8953 20421
8964 12306
8972 9986
8978 17404
8997 16049
8999 10898
9002 20924
9004 15704
9018 15967
9023 20519
9024 11612
9026 19593
9027 22681
9029 12046
9034 13034
9036 17551
9038 18488
9042 20009
9043 22314
9045 16159
9049 9982
9054 22372
9060 17277
9062 9182
9063 23573
9069 16154
9077 19717
9079 21952
9084 21163
9091 19855
9095 10376
9095 17994
9101 15262
9104 19983
9112 21019
9113 21956
9116 22129
9121 16098
9125 14640
9137 21988
9138 15291
9139 13513
9148 22515
9149 19804
9151 20500
9157 17820
9160 21995
9160 19501
9177 16171
9181 16499
9189 21327
9193 12443
9194 10971
9197 22191
9198 10401
9198 13977
9204 16746
9205 12118
9208 16849
9212 20107
9212 14581
9221 22201
9221 19811
9226 22461
9241 9874
9246 20501
9257 20009
9267 9364
9270 11635
9277 21866
9284 22694
9287 13580
9289 23263
9299 16442
9304 14022
9315 13426
9327 11814
9330 18049
9330 14867
9332 14566
9334 22062
9338 15688
9359 10434
9366 14926
9367 13294
9368 9412
9373 14826
9387 12135
9392 15081
9400 17089
9401 14752
9402 9545
9404 13103
9406 21249
9415 16984
9416 20802
9417 22477
9429 16813
9431 10585
9433 18982
9435 11966
9442 13101
9446 20876
9453 16524
9456 12588
9464 14946
9468 20274
9469 20542
9471 23097
9486 20077
9490 18574
9497 22195
9499 18610
9501 15286
9511 22184
9516 9875
9516 19407
9521 20085
9525 15527
9528 17058
9545 16199
9546 12488
9546 14288
9548 15680
9548 14772
9554 22439
9555 17034
9559 14636
9560 10752
9560 18241
9564 12513
9567 12319
9568 21527
9578 11714
9591 12360
9594 10745
9618 20622
9619 11993
9626 15694
9627 15136
9628 11859
9631 21756
9635 21970
9636 18273
9637 14046
9638 14482
9642 11750
9644 19961
9646 12468
9646 15263
9648 19681
9652 20436
9657 21770
9657 12437
9665 11493
9672 20373
9675 21771
9682 13772
9682 15990
9695 11131
9696 11323
9699 14646
9709 17692
9719 19416
9724 19658
9725 22641
9735 12984
9736 15625
9736 22081
9748 16730
9748 14893
9760 15351
9772 14993
9777 17796
9780 10099
9782 13305
9782 19051
9788 19367
9789 21918
9794 17655
9810 23353
9827 15078
9832 20569
9832 19666
9833 12416
9834 23533
9836 18501
9843 12598
9845 15176
9847 21027
9848 12447
9849 13219
9854 19600
9854 12110
9856 11097
9856 9943
9858 10737
9858 13004
9862 11914
9871 10347
9873 12689
9880 14820
9889 21343
9891 20354
9901 11370
9904 22072
9905 21220
9907 20355
9929 13311
9936 22771
9950 11392
9958 22616
9962 17895
9970 16596
9986 15201
9987 10979
9989 11833
9989 12524
9998 17490
10001 11415
10002 15215
10026 22156
10026 14110
10027 17117
10038 11359
10041 23425
10041 11934
10045 21579
10051 15368
10054 14773
10062 21439
10070 17956
10071 12016
10072 10548
10082 22917
10088 19458
10091 11008
10091 19264
10096 21119
10097 18433
10098 20516
10103 10979
10104 15199
10105 16402
10106 18595
10108 19746
10110 14082
10115 10942
10116 22251
10138 18298
10138 16223
10149 10498
10151 17927
10152 11155
10156 19447
10186 19420
10189 21706
10191 13008
10193 22799
10213 23451
10214 19415
10221 21960
10227 22876
10230 17136
10247 21662
10252 21311
10254 22880
10254 14092
10256 23049
10257 23107
10259 19845
10268 16475
10274 10605
10287 16442
10290 14327
10294 11576
10300 16714
10330 23099
10332 11734
10335 12432
10344 13447
10355 14523
10360 21134
10364 23125
10375 20297
10380 19205
10384 15635
10385 23125
10391 20283
10395 16394
10396 13857
10412 23382
10418 15727
10419 18961
10422 11932
10424 16827
10432 13910
10441 12841
10460 22864
10460 16270
10467 11166
10468 12894
10472 19074
10487 19130
10495 18746
10495 15053
10497 20197
10500 17386
10506 18154
10514 18741
10518 15743
10523 16111
10536 13700
10545 16411
10545 23477
10546 16889
10549 10709
10552 20790
10564 16154
10564 18267
10570 13702
10573 18334
10578 13497
10581 12329
10582 12472
10586 11363
10594 14890
10605 15649
10619 15909
10628 15979
10633 20191
10639 17496
10639 20559
10649 14865
10651 20608
10658 11232
10666 16058
10673 16637
10702 22921
10713 19086
10715 15588
10715 11807
10717 14382
10718 16489
10734 15226
10741 18085
10745 22793
10751 21134
10756 19295
10782 18415
10783 14716
10786 17745
10789 14267
10790 13671
10799 18380
10811 20011
10812 11969
10816 16619
10817 16229
10826 22681
10828 15018
10836 18555
10837 20335
10842 13449
10855 15939
10858 13226
10868 11395
10871 14839
10882 16871
10885 16894
10887 21592
10902 15902
10919 13514
10941 18752
10953 14648
10955 20203
10967 14898
10974 15607
10983 11477
10985 18016
10986 20277
10989 17715
11010 15447
11022 23621
11023 22007
11029 16517
11038 23166
11041 16600
11044 12516
11052 23080
11053 18240
11066 21479
11071 19838
11077 17762
11078 11862
11080 22945
11086 16065
11091 20530
11113 19590
11115 15705
11120 20174
11127 12184
11131 18060
11131 17820
11141 13247
11149 17474
11156 11934
11169 20688
11172 16079
11172 15191
11190 19881
11195 18412
11195 16877
11198 11744
11202 20366
11211 16527
11219 23363
11227 18342
11240 13006
11242 22622
11246 14144
11256 15936
11259 14657
11262 19918
11268 23040
11283 11486
11285 20161
11285 17526
11287 19255
11295 19471
11298 15233
11301 15734
11306 13696
11314 18935
11319 22359
11322 22761
11324 14186
11325 17398
11328 23035
11333 20547
11334 11961
11334 12466
11342 20761
11344 17179
11352 15494
11354 17103
11360 17636
11361 21581
11368 19672
11369 13851
11373 12825
11378 21255
11381 20470
11397 15168
11409 19746
11411 20978
11414 17260
11416 21256
11416 14652
11427 15154
11431 22222
11439 14192
11441 13742
11443 16754
11467 11724
11467 17957
11468 13766
11472 21822
11489 19413
11504 20462
11505 19439
11520 14537
11523 16074
11523 16220
11529 17566
11539 15809
11539 20161
11557 14586
11558 20996
11565 15011
11565 22893
11591 17327
11592 12675
11600 13326
11603 17178
11605 15916
11617 20994
11623 22299
11624 20771
11626 18135
11629 12321
11632 13920
11635 23276
11635 19511
11636 12563
11639 20109
11639 14742
11643 18634
11669 12429
11674 13586
11680 16739
11685 20715
11688 14824
11714 15916
11728 21406
11729 14461
11734 17849
11738 23311
11743 20017
11744 19984
11751 20053
11766 17392
11767 22599
11770 19728
11787 19683
11803 20589
11805 16096
11811 21388
11822 22001
11830 14273
11834 12854
11842 14322
11845 14150
11845 13527
11853 19460
11862 14201
11880 14130
11887 20398
11894 22788
11905 16357
11906 23163
11907 13284
11908 17820
11911 23452
11911 15054
11913 14197
11914 13317
11926 13206
11927 16411
11928 16055
11930 23171
11936 13977
11952 13228
11953 22776
11962 13408
11968 19646
11974 21481
11976 15669
11988 22079
11991 21579
12005 17774
12005 18239
12012 17151
12015 16387
12019 14392
12021 19917
12037 15222
12044 13925
12046 19398
12047 19054
12060 12259
12062 19131
12073 14625
12084 14251
12085 22123
12089 20125
12107 16792
12109 13989
12115 14904
12126 15359
12137 13034
12142 20464
12145 16042
12146 13591
12147 22395
12164 21889
12174 13515
12177 19129
12182 23359
12183 23252
12185 23030
12197 21190
12200 13708
12210 15693
12221 14415
12229 21255
12232 18055
12240 19969
12242 22526
12253 12392
12255 13397
12259 22324
12262 23182
12263 19008
12271 18913
12278 15525
12279 20794
12281 17003
12283 20434
12286 20302
12319 15890
12319 14213
12323 16334
12329 16383
12329 15311
12336 22821
12339 19295
12344 17882
12347 22166
12355 19263
12356 17608
12364 14380
12365 17785
12380 17426
12382 16240
12384 13758
12390 23377
12390 17381
12394 23494
12400 19842
12403 22789
12408 19462
12418 14588
12440 13176
12450 18802
12451 19882
12451 18341
12463 16663
12472 14795
12481 23489
12487 21226
12496 17117
12508 14881
12511 16433
12511 16654
12518 17142
12526 19878
12539 17803
12541 22937
12546 17231
12558 18223
12565 19187
12569 16436
12585 20266
12592 22449
12596 15245
12597 19703
12603 19394
12612 22488
12630 17089
12634 13611
12637 14970
12643 14305
12643 19884
12647 22889
12656 21419
12659 13410
12668 19346
12671 18123
12672 14572
12691 13535
12700 13081
12705 14958
12708 19551
12709 18380
12725 13321
12736 21812
12745 14871
12759 20162
12762 16337
12762 19756
12788 19095
12789 17833
12796 19931
12811 17668
12818 18725
12831 14598
12839 16735
12844 21576
12846 23282
12859 15600
12863 14733
12864 22907
12865 17769
12883 14113
12883 14091
12886 18451
12897 13543
12905 18805
12924 18035
12925 17937
12934 18051
12934 21756
12936 19818
12940 14414
12941 20084
12946 13141
12947 17556
12951 21396
12960 22835
12993 20665
12996 14604
13007 23469
13008 19999
13008 20605
13011 15452
13012 13564
13019 16235
13023 20340
13028 13473
13030 17860
13035 17434
13036 17526
13046 19416
13051 14913
13060 22845
13064 13966
13075 18009
13084 13184
13085 20898
13087 19778
13103 17894
13114 23381
13123 22368
13123 15210
13133 20645
13134 16667
13139 19115
13153 14062
13160 21026
13173 23435
13182 20120
13184 20547
13189 20682
13189 22903
13190 20702
13199 18970
13208 18135
13211 22345
13211 20420
13233 21304
13243 16608
13254 14861
13266 14907
13271 17639
13285 19681
13291 20683
13296 17038
13300 16096
13309 19607
13311 21208
13312 21929
13314 13348
13319 23347
13325 17747
13334 17116
13341 22586
13343 20567
13359 21185
13360 22089
13378 17272
13383 18951
13390 15286
13398 18453
13399 21665
13402 16154
13407 17892
13407 18165
13415 16883
13415 21667
13420 21847
13422 17034
13430 17836
13445 17448
13448 20447
13449 17843
13454 19126
13463 15217
13466 21563
13492 15711
13509 19422
13521 20972
13531 22683
13534 22053
13538 17284
13539 15042
13546 17029
13554 23311
13582 20392
13583 18411
13604 18144
13620 18337
13636 19023
13647 14105
13652 15916
13656 18398
13665 15628
13667 22457
13670 19155
13682 15602
13685 18106
13686 19592
13692 16676
13696 19770
13700 14435
13705 19257
13708 18421
13713 18075
13724 22745
13726 19082
13728 21863
13729 13828
13732 22858
13733 13884
13734 17897
13741 19563
13745 14756
13749 20042
13753 17019
13756 20258
13765 17676
13774 20743
13786 21364
13791 14960
13800 19380
13804 22966
13810 15892
13822 20051
13836 15202
13838 15022
13840 22716
13847 23045
13847 22070
13848 18493
13852 23393
13854 22630
13856 20844
13861 22708
13863 19105
13867 21925
13871 21537
13874 19891
13883 19692
13885 19515
13909 17440
13909 20073
13909 18692
13909 14685
13912 21471
13914 14739
13918 18050
13928 17677
13929 16582
13933 15296
13937 16891
13941 17542
13943 16164
13943 18903
13945 18583
13949 23440
13955 18995
13962 21585
13970 14352
13976 19455
13977 21286
13980 14391
13981 22458
13982 20401
13996 18615
13997 23368
14006 16257
14014 22843
14014 17316
14021 14250
14026 21540
14042 19593
14069 22670
14077 18532
14084 14097
14090 20877
14093 23627
14095 20225
14101 16066
14102 16740
14110 15210
14119 19003
14123 17735
14126 14137
14126 17354
14149 18151
14192 15660
14193 16534
14201 17944
14201 21017
14211 14914
14211 15788
14218 19818
14221 21259
14240 20870
14261 17677
14265 15091
14267 19022
14276 19118
14277 14983
14280 20141
14284 16736
14287 20965
14322 21506
14326 17761
14327 18174
14373 15646
14374 22011
14381 15203
14383 16952
14384 20424
14393 16883
14394 18405
14397 19996
14402 14445
14403 19706
14414 20255
14419 20468
14430 14951
14436 17181
14440 15894
14446 21482
14446 20126
14464 22371
14466 18416
14468 17426
14471 17810
14472 21776
14479 23059
14484 18955
14491 15733
14491 23119
14494 18796
14508 17529
14510 14991
14522 19723
14530 17959
14547 15234
14560 21600
14584 23470
14598 20807
14605 18554
14606 20260
14606 17775
14611 18479
14613 19114
14630 19910
14651 20846
14664 18684
14669 16557
14676 21010
14679 18527
14696 19429
14702 15233
14763 15300
14765 22580
14765 22286
14773 21507
14792 23388
14798 18445
14815 21179
14824 18585
14825 15724
14826 23499
14827 20783
14829 16286
14843 20778
14844 22526
14853 16836
14854 17356
14871 22965
14873 17384
14893 16170
14911 18393
14914 18749
14914 16517
14918 17797
14928 19027
14929 22771
14931 21418
14935 21415
14959 22483
14970 21072
14970 18094
14971 16781
14990 16483
15018 16676
15030 22268
15037 15847
15043 17703
15065 20779
15068 22348
15094 15193
15101 17970
15120 22745
15124 18498
15127 21027
15131 19869
15136 15509
15137 21826
15139 21812
15141 16150
15142 23170
15144 16374
15149 17497
15162 16957
15182 18234
15191 17633
15197 22598
15204 22654
15206 22475
15210 16263
15211 23176
15218 19966
15220 21438
15228 17938
15233 17337
15234 23302
15266 17411
15272 16180
15282 16142
15292 16551
15293 18337
15310 17419
15311 17986
15311 20047
15313 21217
15319 20499
15322 15578
15322 23548
15338 17147
15346 22772
15347 17570
15363 17722
15364 15437
15377 23361
15381 18371
15392 16645
15402 18880
15448 18348
15452 21926
15459 18516
15464 19470
15470 19388
15472 20437
15491 18502
15496 17704
15502 21084
15504 15974
15511 22669
15517 17432
15523 17668
15541 22373
15547 16367
15560 20488
15572 18910
15575 22596
15577 22510
15586 23243
15603 19003
15622 15849
15626 23585
15628 15855
15634 17106
15649 22206
15650 19508
15655 23390
15656 18940
15663 15687
15670 19699
15709 15785
15710 19076
15711 22174
15713 21045
15724 21448
15728 15870
15746 23585
15750 21772
15751 18206
15752 18530
15757 17932
15761 20245
15767 20175
15783 17932
15790 18244
15791 23400
15806 15933
15809 18954
15819 22788
15825 16400
15829 20691
15837 17973
15847 18996
15849 16545
15895 19825
15898 23337
15902 18131
15903 19750
15905 15992
15928 18041
15932 20139
15941 23179
15965 19687
15988 19857
15992 20853
15996 21080
16005 18319
16030 20889
16032 17470
16036 21524
16037 20325
16039 23029
16056 17036
16058 19233
16086 22727
16093 21557
16098 22777
16113 17294
16122 22773
16124 19636
16134 22690
16140 21889
16140 17701
16149 18750
16166 19695
16168 19865
16171 23230
16174 16322
16203 19667
16212 17330
16219 22459
16223 17387
16234 21173
16245 21460
16260 17211
16263 19438
16285 21771
16285 18998
16299 21989
16311 22726
16323 18664
16325 22436
16325 23063
16341 23052
16350 19726
16388 17470
16389 21255
16391 22374
16392 23306
16413 23566
16419 19242
16427 23031
16428 19787
16440 22731
16448 20987
16453 19021
16457 22457
16459 20271
16491 23405
16498 17227
16512 21846
16514 17234
16518 19076
16524 18110
16527 23255
16539 16692
16542 21598
16569 21788
16572 22234
16633 16698
16647 17173
16653 19544
16664 22970
16672 21212
16690 23513
16696 19778
16700 18775
16708 22178
16736 19616
16747 22011
16751 17435
16754 21113
16754 22604
16771 17186
16783 19134
16809 20414
16819 21060
16828 19069
16840 22577
16840 18219
16857 23441
16863 21204
16869 22174
16875 22426
16880 21687
16883 17441
16888 19618
16897 21647
16905 22448
16918 17929
16944 19924
16948 17943
16951 20987
16957 17679
16978 17007
16993 23389
16994 19089
17024 20792
17026 22134
17036 21113
17044 20034
17054 22688
17071 21629
17086 19656
17095 20379
17119 23271
17122 17318
17125 22292
17127 19798
17135 19961
17138 18942
17163 19863
17194 23080
17231 18341
17234 21471
17237 19934
17238 20524
17257 21827
17275 17421
17277 19966
17278 20910
17300 20092
17314 18830
17315 20661
17332 17473
17332 17722
17368 18191
17389 22171
17400 17615
17401 17453
17411 20843
17418 18295
17428 20860
17444 19936
17448 20007
17450 22509
17458 22657
17462 21308
17475 18266
17481 19603
17498 23251
17504 21596
17532 20288
17549 17823
17553 21486
17584 18214
17591 17936
17593 21117
17600 18164
17603 19718
17611 17968
17666 23363
17678 22403
17689 21402
17724 20844
17728 20380
17733 20485
17736 22735
17741 22325
17754 18727
17755 23528
17769 20503
17795 20751
17812 22257
17814 18260
17822 18123
17826 20210
17837 17900
17845 22057
17870 23399
17883 20339
17892 21402
17908 19390
17911 17947
17946 18874
17961 21149
17986 21335
17992 19862
18013 20162
18054 21780
18068 18645
18069 19970
18075 22977
18093 20460
18099 20741
18104 22843
18109 21625
18123 20769
18137 19587
18157 21110
18159 22182
18177 21158
18183 22516
18224 23348
18235 21765
18247 22753
18261 22280
18279 23277
18288 21449
18292 21181
18297 19162
18308 19909
18323 20015
18326 18972
18329 21378
18342 22736
18343 19299
18370 22102
18379 22662
18390 18651
18422 18529
18422 19631
18437 20623
18459 20777
18484 21298
18489 20357
18495 19409
18504 23489
18508 19932
18509 21809
18520 18720
18536 22034
18557 19659
18566 20458
18571 22487
18574 18825
18592 22842
18600 23590
18606 19890
18626 18702
18643 22477
18663 20374
18669 21490
18675 22013
18679 23375
18689 20916
18729 19323
18786 20515
18791 19148
18803 20889
18818 19913
18822 19053
18834 22051
18836 20582
18839 21846
18847 19890
18861 21153
18866 20096
18883 21567
18912 22796
18923 19590
18943 23010
18957 19985
18965 22281
18979 21438
18990 19725
18994 20907
18998 20300
19004 21231
19029 23492
19091 23555
19092 22413
19105 19408
19122 20341
19141 22311
19143 21782
19146 20647
19167 19311
19168 20905
19178 19840
19222 19473
19244 21911
19255 21382
19294 19358
19320 20033
19322 20008
19335 22820
19356 23377
19357 20194
19367 21549
19397 22984
19406 19736
19414 21642
19419 23266
19422 23202
19485 23576
19489 20843
19529 22943
19532 21474
19588 21120
19592 21811
19596 20811
19598 20394
19613 20471
19617 22400
19648 21870
19677 22400
19678 22228
19679 21167
19718 21599
19722 21454
19746 21733
19752 21249
19754 23363
19773 20738
19774 21969
19777 20620
19788 20240
19793 23131
19805 20614
19811 20694
19822 20313
19828 19908
19858 21419
19871 22291
19884 21654
19889 20209
19892 21659
19901 20163
19960 21067
19961 20307
19987 21607
20003 22941
20012 23187
20021 22510
20066 21540
20110 22622
20145 23567
20167 21338
20172 23479
20184 22672
20190 21312
20204 21272
20214 21681
20219 20754
20239 21868
20239 20852
20278 20312
20300 23370
20305 23197
20309 20545
20319 20460
20328 21251
20343 22276
20400 21099
20429 23273
20445 21145
20473 21201
20473 20522
20485 23196
20573 22451
20609 22749
20610 21850
20620 21749
20657 21115
20682 21455
20709 21901
20786 22887
20795 23516
20797 23611
20808 21697
20813 21332
20858 21300
20868 22475
20869 22621
20873 23006
20880 21395
20883 21570
20887 21408
20992 22034
20995 22778
21047 22246
21077 23371
21092 23074
21124 22543
21182 22410
21237 23506
21278 21314
21353 23405
21386 23565
21397 22519
21432 22972
21499 21758
21538 23219
21580 21989
21663 23232
21672 22669
21674 22530
21698 22500
21709 22574
21719 23421
21722 22968
21742 22631
21813 23420
21841 23067
21908 22948
21936 23274
21943 22311
21995 23309
22002 22473
22007 23071
22111 22904
22195 22287
22211 22620
22276 23561
22308 22908
22350 23194
22354 22475
22359 22957
22436 23556
22453 23296
22614 23196
22754 22792
22819 23244
22997 23446
23396 23568
