1 480
1 481
1 2244
1 801
1 616
1 1241
2 3
2 4
2 2055
2 748
2 743
2 2188
2 749
2 750
2 751
2 752
2 1490
2 1528
2 570
2 1807
2 127
3 4
3 2055
3 748
3 743
3 2188
3 749
3 750
3 751
3 752
3 1490
3 570
3 1807
3 127
4 689
4 1380
5 488
6 18
6 451
6 277
6 540
6 1822
6 91
6 553
6 554
6 685
6 558
6 568
6 571
6 572
6 575
6 579
6 1479
6 1993
6 204
6 589
6 848
6 722
6 731
6 1499
6 1627
6 492
6 1406
8 1826
8 2245
8 620
8 621
8 654
8 45
8 752
8 1842
8 755
8 756
8 792
9 669
9 656
9 715
9 1798
9 681
9 10
9 1131
9 748
9 749
9 750
9 655
9 1200
9 1201
9 658
9 1139
9 661
9 982
9 216
9 751
9 892
9 1290
10 1798
10 1290
10 655
10 656
10 17
10 658
10 661
10 669
10 1959
10 808
10 809
10 1200
10 1201
10 715
10 1235
10 982
10 216
10 217
10 1131
10 1139
10 758
10 681
10 892
11 643
11 644
11 1413
11 361
11 588
11 334
11 1391
11 912
11 727
11 216
11 1380
11 1402
11 1371
11 345
12 257
12 476
12 2052
12 1413
12 2049
12 1930
12 599
12 14
12 472
12 1939
12 1710
12 495
12 664
12 665
12 666
12 1903
12 1950
12 290
12 2211
12 1828
12 1705
12 173
12 2222
12 687
12 219
12 695
12 696
12 697
12 698
12 571
12 572
12 446
12 447
12 840
12 802
12 848
12 470
12 727
12 600
12 218
12 1499
12 220
12 221
12 222
12 1888
12 1889
12 486
12 230
12 231
12 1391
12 1907
12 116
12 1065
12 2233
12 1402
12 1918
13 1700
13 38
13 423
13 1418
13 14
13 1615
13 1969
13 1892
13 1980
14 2113
14 373
14 2189
15 1981
15 2246
16 2179
16 1798
16 1930
16 2189
16 1810
16 1939
16 2069
16 2201
16 1711
16 1821
16 1950
16 2080
16 2211
16 1885
16 1831
16 1961
16 2092
16 431
16 1842
16 1972
16 2103
16 2234
16 1853
16 1982
16 2113
16 1862
16 1993
16 2124
16 2223
16 1874
16 2005
16 2135
16 442
16 2015
16 2146
16 1895
16 2026
16 2158
16 2058
16 1907
16 2036
16 2168
16 1786
16 1918
16 2047
17 19
17 769
17 1413
17 1235
17 551
17 1185
17 711
17 557
17 718
17 18
17 1139
17 2071
17 1852
17 382
18 772
18 19
18 797
18 798
18 799
18 800
18 752
18 802
18 1828
18 1829
18 1831
18 553
18 558
18 1972
18 568
18 1982
18 579
18 584
18 589
18 420
18 1627
18 236
18 112
18 113
18 249
19 513
19 579
19 553
19 589
19 558
19 568
20 2247
20 1929
20 1045
20 1046
20 1047
20 21
21 2247
21 1929
21 1045
21 1046
21 1047
22 1024
22 51
22 258
22 387
22 1157
22 1031
22 904
22 779
22 268
22 1165
22 1040
22 920
22 279
22 1048
22 1056
22 1185
22 936
22 1065
22 1195
22 368
22 947
22 1076
22 1204
22 1722
22 955
22 1087
22 32
22 962
22 1347
22 97
22 1096
22 973
22 334
22 1105
22 1123
22 982
22 345
22 1114
22 1175
22 378
22 990
22 912
22 928
22 357
22 999
22 892
22 1131
22 1008
22 1139
22 1017
22 1274
22 1275
22 1148
22 895
24 368
24 792
24 783
24 2033
26 1890
26 1891
26 70
26 107
26 108
26 783
26 27
26 1086
27 1413
27 783
27 2211
27 1831
27 808
27 809
27 1972
27 695
27 696
27 697
27 698
27 571
27 572
27 1086
27 578
27 580
27 70
27 840
27 848
27 1235
27 727
27 1499
27 1890
27 1891
27 1391
27 1982
27 2233
27 1402
28 783
28 29
28 1423
29 2082
29 712
29 783
29 1490
29 1423
30 712
30 682
30 789
30 783
31 33
31 783
33 449
33 783
35 1105
35 84
35 85
35 86
35 87
35 88
35 89
35 1114
35 2013
36 1824
36 1563
36 1380
36 1413
36 1670
36 2091
36 2093
36 1454
36 1999
36 1202
36 84
36 334
36 86
36 727
36 88
36 89
36 87
36 1391
36 1402
36 345
36 85
37 482
37 483
37 484
37 485
37 38
37 87
37 556
37 1613
37 84
37 85
37 1558
37 1367
37 88
37 89
37 730
37 86
37 2021
38 482
38 484
38 485
38 556
38 1613
38 84
38 85
38 1558
38 87
38 88
38 89
38 730
38 86
38 2021
39 40
39 2248
39 1458
39 1339
40 2248
40 1458
40 1339
41 278
41 280
41 793
41 794
41 797
41 798
41 799
41 800
41 72
41 52
41 60
41 1856
41 450
41 453
41 455
41 456
41 457
41 715
41 1228
41 592
41 83
41 353
41 354
41 355
41 356
41 358
41 97
41 359
41 2164
42 791
7 224
7 225
7 2245
7 1734
7 683
7 684
7 145
7 214
7 223
45 418
45 1826
45 654
45 752
45 1842
45 792
45 249
46 545
46 463
46 848
46 945
46 373
46 375
46 441
46 287
46 541
46 543
47 568
47 441
47 579
47 589
47 558
48 771
48 781
48 1297
48 1298
48 1299
48 293
48 294
48 295
48 296
48 297
48 298
48 299
48 301
48 302
48 50
48 318
48 319
48 320
48 321
48 2249
48 1871
48 2012
48 734
48 745
48 625
49 1568
49 132
49 133
49 1286
49 1287
49 135
49 50
49 134
50 134
51 32
51 1472
51 1275
51 357
51 2250
51 368
51 1489
51 1274
51 1947
51 1694
51 1471
52 258
52 1798
52 797
52 798
52 799
52 800
52 420
52 1831
52 1195
52 60
52 450
52 97
52 72
52 715
52 1228
52 592
52 722
52 83
52 724
52 725
52 726
52 353
52 354
52 355
52 356
52 358
52 359
52 360
52 723
52 2164
53 2251
53 1798
53 1935
54 755
54 756
56 1244
56 1498
56 1867
56 2252
57 257
57 1793
57 400
57 401
57 495
57 666
57 667
57 1698
57 431
57 1848
57 58
57 59
57 580
57 840
57 2253
57 848
57 440
57 1499
57 476
57 442
57 478
57 486
57 230
57 231
57 1903
57 1909
57 506
57 507
57 1791
58 1793
58 230
58 1710
58 666
58 495
58 1698
58 2211
58 2222
58 1848
58 59
58 580
58 840
58 2253
58 848
58 667
58 476
58 357
58 486
58 231
58 1903
58 368
58 1909
58 1791
59 1793
59 1698
59 667
59 580
59 262
59 230
59 231
59 840
59 486
59 2253
59 1903
59 848
59 1909
59 1848
59 495
59 476
59 666
59 1791
60 258
60 748
60 797
60 798
60 799
60 800
60 72
60 1856
60 353
60 1224
60 715
60 1228
60 592
60 722
60 83
60 97
60 354
60 355
60 356
60 358
60 359
60 360
60 1388
60 749
60 750
60 751
60 2164
62 65
62 466
62 99
62 61
62 1614
63 65
63 1699
63 1739
63 1614
63 2211
63 1013
63 2199
63 1820
64 65
64 831
64 1614
64 2161
64 2199
2113 90
2113 116
66 553
66 812
66 2047
67 774
67 775
67 776
67 777
67 1296
67 291
67 1831
67 812
67 558
67 1842
67 568
67 577
67 579
67 1606
67 589
67 1748
67 93
67 1758
67 1760
67 1762
67 1767
67 1768
67 879
67 2024
67 116
67 1272
67 380
68 262
68 1930
68 1939
68 1710
68 1950
68 2211
68 808
68 809
68 812
68 685
68 2222
68 219
68 695
68 696
68 697
68 220
68 218
68 1499
68 476
68 221
68 222
68 1907
68 504
68 1918
69 403
69 148
69 663
69 666
69 802
69 2211
69 551
69 808
69 809
69 812
69 306
69 179
69 820
69 827
69 835
69 71
69 840
69 73
69 74
69 2124
69 848
69 1235
69 599
69 600
69 1499
69 370
69 1065
70 514
70 515
70 516
70 1413
70 449
70 1930
70 523
70 524
70 525
70 783
70 1939
70 558
70 662
70 1304
70 1822
70 1444
70 1831
70 808
70 809
70 685
70 1326
70 1327
70 1456
70 712
70 1842
70 1950
70 439
70 568
70 116
70 571
70 572
70 1086
70 448
70 577
70 579
70 1862
70 840
70 589
70 2254
70 848
70 1874
70 1235
70 727
70 1499
70 1885
70 1890
70 1891
70 1380
70 1765
70 1895
70 107
70 108
70 1391
70 1649
70 1907
70 1423
70 1402
70 1918
71 835
71 264
71 73
71 74
71 812
71 687
71 848
71 840
71 370
71 2124
71 820
71 827
71 2211
71 1499
72 258
72 772
72 1413
72 1972
72 1982
72 1856
72 450
72 97
72 1224
72 715
72 1228
72 592
72 722
72 83
72 727
72 729
72 353
72 354
72 355
72 356
72 360
72 1380
72 109
72 1391
72 496
72 497
72 2164
72 1402
73 386
73 835
73 840
73 812
73 74
73 2124
73 687
73 848
73 370
73 820
73 697
73 2233
73 698
73 827
74 803
74 812
74 808
74 2124
74 687
74 848
74 840
74 370
74 1235
74 820
74 809
74 697
74 835
74 827
74 2211
74 1499
75 812
75 2157
75 2159
75 472
75 893
75 446
75 447
2124 61
77 845
77 78
78 609
78 91
78 721
79 453
79 455
79 456
79 457
79 787
79 788
79 793
79 794
80 1070
80 1071
80 1072
80 785
80 1074
80 1075
80 788
80 787
81 1986
81 579
81 1988
81 1831
81 553
81 650
81 589
81 558
81 2192
81 248
81 658
81 787
81 788
81 245
81 1993
81 568
81 1853
81 1987
82 386
82 790
82 787
82 788
82 501
82 502
82 503
82 789
83 258
83 1413
83 729
83 1224
83 1856
83 97
83 715
83 1228
83 592
83 722
83 727
83 356
83 2143
83 353
83 354
83 355
83 1380
83 360
83 109
83 1391
83 2164
83 1402
84 1563
84 1670
84 555
84 1454
84 368
84 85
84 86
84 87
84 88
84 89
84 92
85 1563
85 1670
85 555
85 1454
85 368
85 86
85 87
85 88
85 89
85 92
86 555
86 1670
86 368
86 1454
86 88
86 89
86 87
86 1563
86 92
2135 114
2135 115
2135 23
88 1454
88 555
88 1670
88 368
88 87
88 89
88 1563
88 92
89 1454
89 555
89 1670
89 368
89 87
89 1563
89 92
90 257
90 1798
90 769
90 266
90 525
90 1681
90 284
90 285
90 2084
90 1445
90 1446
90 1447
90 553
90 519
90 684
90 558
90 175
90 562
90 568
90 394
90 448
90 579
90 1993
90 589
90 1290
90 1627
90 92
90 622
90 753
90 245
90 1705
90 249
90 892
91 1413
91 522
91 533
91 1817
91 1818
91 796
91 1822
91 1824
91 1831
91 808
91 809
91 44
91 571
91 572
91 589
91 717
91 848
91 721
91 722
91 1235
91 727
91 1499
91 92
91 122
91 719
91 609
91 1380
91 492
91 1391
91 116
91 121
91 1402
92 288
92 1481
92 492
92 722
92 721
92 1490
92 87
92 1468
92 2068
93 263
93 1419
93 1809
93 1817
93 2200
93 665
93 667
93 669
93 286
93 166
93 1065
93 43
93 687
93 2228
93 1592
93 1853
93 1734
93 840
93 848
93 721
93 344
93 1383
93 600
93 124
93 1391
93 370
93 1139
93 116
93 250
93 1788
94 578
94 251
94 166
94 840
94 95
94 848
94 1845
94 2200
94 1499
94 1941
96 2211
96 100
96 285
96 166
97 32
97 1024
97 357
97 1031
97 368
97 1017
97 1761
97 1157
2146 23
99 65
99 166
99 552
99 2026
99 2219
99 1900
99 1901
99 1614
99 2141
99 2199
99 506
99 2139
99 2140
99 61
101 1382
101 1866
101 1995
101 1934
101 1521
101 1340
101 509
102 716
103 353
103 420
103 104
103 106
103 716
103 205
103 1748
103 894
104 716
104 106
104 1748
104 894
105 1413
105 802
105 291
105 420
105 1577
105 554
105 2227
105 1214
105 1606
105 2255
105 1617
105 1490
105 340
105 727
105 1242
105 1243
105 733
105 1380
105 1893
105 1894
105 488
105 252
105 127
105 1391
105 112
105 113
105 498
105 2163
105 2036
105 373
105 374
105 375
105 1402
105 1659
105 1660
105 2047
106 716
106 1748
106 894
107 620
107 1875
107 1413
107 716
107 108
107 621
107 558
107 1872
107 1873
107 1235
107 1748
107 1380
108 1380
108 1413
108 716
108 558
108 1872
108 1873
108 1235
108 1748
108 1875
109 1290
109 1675
109 1195
109 701
109 703
109 704
109 705
109 706
109 707
109 708
109 709
109 710
109 711
109 714
109 715
109 716
109 717
109 718
109 724
109 725
109 726
109 728
109 729
109 358
109 359
109 723
109 1748
2158 23
112 544
112 545
112 375
112 1831
112 715
112 663
112 306
112 113
112 340
112 599
112 2132
113 544
113 545
113 375
113 1831
113 715
113 663
113 306
113 340
113 599
113 2132
114 513
114 557
114 288
114 165
114 552
114 1705
114 685
114 2225
114 2226
114 2227
114 449
114 840
114 848
114 1490
114 340
114 982
114 783
114 620
114 115
114 373
114 1748
114 250
116 1391
116 1667
116 263
116 399
116 656
116 1603
116 276
116 431
116 1817
116 792
116 537
116 795
116 669
116 543
116 545
116 411
116 1606
116 806
116 1831
116 1834
116 1543
116 557
116 687
116 1968
116 2098
116 2099
116 693
116 568
116 442
116 1086
116 577
116 2117
116 801
116 1993
116 375
116 369
116 848
116 722
116 340
116 470
116 655
116 1887
116 208
116 1765
116 519
116 380
116 1490
116 1647
116 753
116 1522
116 372
116 609
116 1272
116 250
116 892
116 1402
117 671
117 252
117 498
117 2255
117 1490
117 755
117 756
117 2036
117 127
117 1660
117 2047
2166 115
119 120
119 1427
119 900
121 522
121 492
23 800
23 419
23 1545
23 1546
23 2189
23 783
23 1961
23 1810
23 2201
23 442
23 431
23 797
23 798
23 799
2189 65
25 1185
25 802
25 772
25 1798
25 904
25 783
25 784
25 1972
25 1175
25 591
25 752
25 1982
2200 95
2211 65
2211 100
165 115
166 98
166 100
166 95
2225 115
2226 115
179 76
2233 76
32 512
32 1024
32 258
32 387
32 456
32 1157
32 1031
32 904
32 779
32 140
32 770
32 1040
32 920
32 1175
32 1048
32 793
32 794
32 1131
32 1567
32 928
32 1185
32 936
32 1065
32 1195
32 726
32 1841
32 947
32 1076
32 1204
32 1722
32 955
32 1087
32 1056
32 962
32 1347
32 455
32 1096
32 457
32 973
32 334
32 1165
32 1105
32 723
32 724
32 725
32 982
32 345
32 1114
32 378
32 990
32 912
32 226
32 1123
32 357
32 892
32 999
32 1008
32 1139
32 368
32 1017
32 1274
32 1275
32 1148
32 253
32 895
34 968
34 969
34 783
211 98
236 115
76 698
76 1065
76 599
76 812
76 306
76 697
76 600
76 1010
76 403
76 695
76 696
76 666
76 663
249 115
250 115
251 95
263 98
263 100
44 609
44 1380
44 1413
44 1831
44 522
44 492
44 717
44 719
44 721
44 722
44 727
44 1817
44 1402
44 1391
44 1818
273 65
285 100
288 115
312 65
55 459
55 1509
55 1510
55 711
55 1579
55 2252
55 559
55 570
340 115
61 65
61 486
61 1614
61 495
61 466
61 467
61 2139
368 87
370 65
373 115
376 120
65 577
65 1614
65 2199
65 731
434 118
442 100
449 115
519 100
87 555
87 1670
87 1454
87 1563
524 100
525 100
552 115
557 115
577 98
578 95
579 98
589 98
591 120
100 801
100 840
100 523
100 848
100 1408
100 1663
620 115
684 111
685 115
115 802
115 1705
115 2227
115 840
115 848
115 1490
115 1748
115 982
716 110
716 111
810 43
840 95
848 95
904 120
1170 120
110 1748
111 1748
1499 95
118 1924
120 2027
120 2028
120 2030
1845 95
1941 95
