1 1373
3 1238
4 352
4 482
4 2194
6 777
7 952
7 1948
9 517
10 777
10 484
10 1078
11 1690
12 1464
12 892
15 1320
15 1932
16 1205
17 643
20 852
21 1878
22 905
22 1940
22 1489
23 945
23 372
25 702
27 691
27 1157
28 625
28 2243
31 901
32 2210
33 1746
34 1153
34 2285
34 2294
35 1092
35 302
36 2284
36 733
36 966
37 1610
39 337
39 1946
40 728
40 922
41 391
42 274
43 1480
43 1297
43 1429
44 1153
44 443
45 1306
46 1987
46 205
47 409
47 1421
48 1056
48 433
48 773
48 878
50 525
50 1933
51 1369
52 312
52 1993
52 2321
53 857
53 84
54 937
55 1659
56 330
57 1086
58 1075
59 585
59 1131
60 1057
61 680
63 1898
64 1358
69 664
69 2409
69 722
70 1859
70 2045
72 1376
72 1643
74 1608
74 2294
76 2176
77 1666
78 465
78 1213
80 1954
81 2016
81 1641
81 2266
81 1109
82 123
82 1133
82 1719
83 2150
83 1038
84 1625
84 1620
85 960
87 901
89 331
90 1147
90 2079
91 2279
93 265
93 1691
93 1628
94 2348
94 1885
94 2351
96 2178
96 262
98 238
100 937
100 898
102 2208
103 1320
103 679
105 562
106 1240
106 1209
107 1482
107 2388
107 831
109 409
109 2026
110 1039
112 705
113 2280
113 1267
113 862
115 266
115 954
115 215
116 2000
116 841
116 829
116 1289
117 168
118 1829
118 902
120 1680
120 2058
120 1934
123 1060
126 1917
127 298
128 976
128 1769
128 2198
129 787
131 912
131 2061
131 607
133 1594
134 986
134 2387
135 156
135 631
136 521
136 1276
136 159
137 754
137 1231
139 1561
139 2035
139 2404
140 789
140 797
141 1185
142 2219
142 2079
143 764
144 1281
144 274
145 1289
146 901
147 2314
147 964
148 1950
151 1640
151 719
152 1996
154 219
154 1406
154 1311
156 2338
156 1522
156 187
156 1109
157 1448
157 1529
159 2362
160 865
160 1638
161 916
161 949
161 1013
162 1914
162 459
162 1094
163 1013
164 561
164 1787
164 1094
165 1496
168 488
169 1683
169 1518
170 2169
170 1527
172 1819
174 2141
175 2425
175 1875
175 325
176 1585
177 1771
177 844
177 1805
177 415
178 345
178 2026
180 1225
180 586
181 1632
181 777
181 2112
181 2061
181 1777
182 1904
182 1764
183 2135
185 696
185 2065
185 371
185 311
186 800
186 402
187 1223
189 1546
190 675
191 1175
193 766
194 1128
194 844
194 797
195 1874
195 1989
196 1846
196 2303
197 2219
197 861
198 2425
199 633
199 1558
199 985
200 1118
201 1002
202 1270
203 2208
204 1960
204 348
205 1247
207 1476
207 2149
208 1985
209 648
211 1802
211 907
212 601
212 1241
213 1852
214 1113
214 1426
214 1767
216 880
217 2223
217 2143
218 625
218 366
219 1144
219 1441
219 1274
219 1767
220 599
221 2217
222 2274
222 1586
222 1666
223 269
225 2210
225 1084
226 1666
227 657
227 1805
228 802
228 1546
228 2022
229 1193
229 533
229 1854
232 373
233 2355
233 1198
233 1855
234 2289
234 2286
234 799
235 1151
236 1394
236 1578
237 2187
237 348
237 1997
237 902
240 1328
241 1809
241 677
242 451
244 313
244 2009
244 1255
244 1049
245 1297
245 1139
246 1098
246 2380
248 1761
248 868
249 1750
249 1326
249 935
250 660
250 517
250 399
251 1791
252 1476
253 2080
253 1129
256 659
257 1554
258 296
259 1860
260 1657
261 1260
262 2262
262 966
263 2250
263 1371
263 1532
264 1826
264 531
264 1764
265 1936
266 279
267 1881
267 2134
268 1397
269 2379
269 2227
270 657
270 583
271 1042
271 509
272 2376
272 2417
272 2103
274 1254
274 1031
276 1112
277 345
279 1648
283 1536
283 802
283 1371
283 1581
283 2398
285 1291
285 1507
286 1578
287 964
288 1083
289 1172
289 1291
289 460
291 2137
291 516
295 2001
295 2159
296 594
296 1759
299 374
300 818
300 2386
301 1360
301 1688
302 1293
303 2365
303 1493
303 1973
305 1020
305 924
306 2001
309 2035
310 1197
311 316
312 1401
312 538
312 389
313 2288
313 482
314 1017
315 1395
315 1972
315 1622
315 2271
318 1548
319 849
319 1437
319 654
321 862
321 1007
322 1223
324 634
324 1708
324 1198
324 775
325 1937
325 413
326 657
326 1539
327 1020
328 1412
329 1684
330 1172
331 960
331 2242
331 2396
334 1428
336 547
338 1998
338 2223
339 1197
341 1050
343 530
343 2276
343 1410
343 1981
344 522
345 402
346 2276
346 1621
346 1647
349 2250
349 1087
350 1016
350 738
350 1979
352 504
352 1235
353 1763
355 2033
358 2273
359 1528
359 1268
361 2386
361 2156
361 1014
363 1109
364 1521
364 1735
365 1810
365 1887
366 2032
366 1477
366 2086
368 1177
368 730
368 1311
370 2297
370 1178
371 1024
371 981
372 2172
373 1232
374 855
376 1137
376 1665
380 2322
382 923
382 996
383 1969
384 1375
385 2132
386 906
389 1881
389 2158
390 1009
390 2046
392 731
393 2176
395 1757
396 2298
397 1232
397 1049
397 915
397 1181
397 2013
398 1718
399 758
400 2083
400 503
402 1439
402 721
403 1122
406 617
406 2269
406 2009
407 1334
409 1063
409 1491
409 631
409 1247
411 2416
411 753
414 887
415 1505
416 818
416 2375
416 1732
416 535
417 1785
417 470
419 1692
420 2219
420 2324
420 870
421 2224
422 1126
424 1058
424 1499
424 1428
424 1866
426 2377
426 1263
427 1021
427 1935
428 2294
428 2166
430 599
431 1444
433 465
434 1388
434 555
434 972
436 1139
436 757
436 1654
439 821
440 1380
441 1539
441 1979
443 2016
443 770
443 1289
443 530
443 732
444 2099
446 2188
446 981
447 1995
449 2198
449 1589
449 1494
449 2181
450 2335
452 566
453 1462
453 950
453 511
456 1873
457 1986
457 887
458 2264
458 2397
458 2246
459 464
459 1309
459 1666
459 2381
460 1850
460 2300
460 668
460 501
461 1956
462 1690
462 1171
464 1579
464 663
467 1991
469 2337
471 665
472 637
473 1828
474 614
477 1280
478 966
479 1153
479 1156
479 2358
480 941
481 1153
481 1314
481 1425
482 2256
485 1532
485 1038
487 1411
488 1269
490 2038
491 562
492 1403
493 1167
498 760
498 1391
500 573
500 1047
502 823
504 1329
507 1717
508 1214
508 950
509 833
510 2271
511 1426
511 805
515 1939
516 1977
516 2179
516 791
519 1772
522 1476
523 616
523 2143
523 1351
524 1631
525 1657
527 2024
528 1290
528 2259
530 640
531 1653
532 1889
532 1571
533 1832
535 2356
537 2195
541 2157
542 1214
543 643
547 962
547 1331
547 1775
547 751
552 2362
552 2341
552 2374
553 828
553 1397
553 1518
553 1637
554 2140
554 1348
555 2164
555 1645
556 1154
557 1163
559 737
559 1182
560 1987
560 1830
561 2380
561 869
562 1461
562 2118
564 826
564 1636
565 2290
566 1042
567 2277
567 1422
569 2278
572 1307
573 1592
573 822
576 2198
577 829
577 2246
578 1193
579 1535
581 2171
583 2061
584 868
585 1961
585 749
585 1413
587 1946
587 2046
588 993
589 1854
592 1074
593 1822
594 1296
594 1395
594 1929
595 1559
596 2398
600 1986
601 1828
602 776
602 2323
602 1764
603 2184
603 938
603 2258
604 2380
604 741
605 1953
608 640
608 1567
610 975
612 1384
612 1226
613 676
614 1750
615 839
616 1621
617 1337
620 1673
620 1900
620 1326
622 1215
623 1236
623 1647
625 2128
626 2076
627 2203
628 652
629 2240
629 1777
629 1895
629 685
629 1437
630 2031
630 1831
632 1877
634 2306
635 1504
635 969
635 1450
637 2408
637 1294
638 745
638 1450
638 1739
638 2243
639 881
639 1932
639 901
640 1686
642 2216
644 1605
645 1580
645 1213
647 1138
648 2004
648 2335
649 995
649 1844
649 1991
650 1835
650 2011
651 656
651 1683
651 2391
652 1392
652 1385
656 819
656 1100
657 948
658 885
660 1064
662 1562
663 1339
663 1686
663 1775
664 1394
664 1699
666 1956
666 1837
667 1087
668 2000
668 717
672 2056
674 1968
675 1421
677 1669
678 1126
679 786
683 1415
684 1023
685 1470
687 1764
689 1360
690 712
691 1868
691 846
692 2154
692 956
694 1896
696 1834
696 1803
698 1332
700 1448
700 1902
702 2006
703 1905
704 2413
705 2321
705 1046
707 2413
707 2319
708 1541
709 788
710 2073
711 898
711 2411
711 1806
713 2379
713 2355
714 1354
717 1560
717 2360
717 2341
718 2187
720 1403
720 2327
721 1404
722 1875
726 895
727 830
728 1400
728 2150
729 1829
732 917
733 1922
733 1467
733 1511
734 948
735 1288
735 1842
736 1872
736 1330
738 2410
738 1315
740 1268
740 2151
741 2113
742 2104
744 746
749 2122
750 1336
750 828
753 1400
754 1621
756 931
757 1093
758 1040
758 2284
758 845
761 2000
762 1352
763 2150
764 1407
764 2276
764 1565
766 2393
768 909
776 1825
777 1941
778 1075
779 2073
781 1523
781 988
782 1568
782 2006
783 1902
785 1461
786 1680
786 935
788 2356
789 962
789 853
789 1477
790 1848
794 1885
796 1885
796 2151
797 1066
797 1879
798 1547
798 2301
799 1466
802 1492
804 1713
804 2405
805 1704
805 1996
810 960
810 2086
810 1175
814 957
817 2136
817 1148
818 1145
820 2351
823 901
824 2264
824 2157
825 1605
826 2178
826 2259
827 1344
827 1528
827 2415
831 1079
832 984
833 1527
834 1748
834 1749
835 1197
837 1476
837 1870
838 2275
840 1945
840 1436
842 890
843 2091
844 1508
844 1804
845 1681
846 2224
846 1090
846 996
847 2265
847 2211
848 1484
850 2097
852 1501
854 906
854 1157
855 1891
858 1816
860 1004
861 1632
861 1100
862 1210
862 2122
863 2414
864 1902
866 2206
867 2058
868 1852
868 1061
869 1643
870 2139
870 1989
871 1282
873 1143
874 2079
877 2170
878 1765
879 1208
880 1693
882 1843
884 1357
884 1535
888 2323
889 1265
889 1407
894 1995
895 1980
895 1382
896 1180
897 1061
898 1266
898 1237
900 1336
900 1800
901 2007
902 1570
904 2059
904 2243
905 1854
906 1897
907 1148
908 1946
908 1990
909 2260
910 1765
911 1354
911 2261
912 2068
912 1574
915 2025
916 1309
916 1462
917 1257
918 2189
919 1945
920 2064
920 1899
923 1144
925 2288
927 1097
927 1789
928 1980
929 1707
929 1685
930 1042
931 1483
933 1988
933 1973
934 1419
934 1228
935 1890
937 2275
938 1871
940 1072
941 2400
941 1394
941 2094
942 1964
943 2059
943 1671
945 1439
945 1414
947 1582
949 1114
951 1460
951 1877
952 1576
953 1784
953 2146
955 1636
955 2413
956 1961
957 1185
959 1184
960 2193
963 1296
964 1446
965 2416
965 1214
967 2293
972 1174
984 1133
986 2388
988 1505
989 1882
990 2332
991 1784
991 2070
992 2332
994 2001
995 1107
995 1252
995 1383
996 1832
996 1783
998 1288
998 1813
999 1111
1001 1274
1001 1236
1001 1610
1001 2254
1003 1403
1003 1023
1005 2107
1005 2020
1007 2350
1009 1290
1009 1378
1009 1062
1010 1978
1011 1416
1011 1968
1011 1058
1015 1463
1018 2113
1019 2222
1021 1489
1023 1110
1023 1943
1024 1051
1025 2005
1026 2055
1028 2407
1030 1283
1033 2376
1033 2124
1034 1506
1035 1277
1036 1476
1036 1671
1038 1112
1039 1063
1040 2093
1040 1927
1041 1827
1041 2019
1043 1576
1043 2132
1044 1102
1046 1147
1048 1354
1050 1814
1051 1854
1052 1322
1055 1589
1057 2192
1058 2393
1058 1415
1060 2354
1063 1656
1064 1944
1064 1849
1064 1242
1065 2150
1067 1104
1068 1726
1069 1920
1069 1291
1070 1171
1071 2149
1072 1815
1076 1345
1076 1665
1078 2000
1078 1874
1080 1641
1081 1495
1083 2120
1083 1356
1086 1857
1088 1124
1089 2417
1089 1254
1090 1994
1090 2293
1091 1377
1091 1324
1092 1900
1092 2302
1093 1877
1095 1833
1095 2387
1095 1588
1097 2128
1099 2366
1100 1843
1101 1530
1101 1708
1103 1563
1105 2291
1106 1933
1107 2076
1108 2425
1110 2312
1111 2096
1112 1347
1113 1472
1114 1280
1114 1926
1115 1833
1116 2389
1116 1583
1117 1134
1121 1818
1121 1766
1122 1166
1123 2400
1123 1222
1123 2327
1124 1322
1124 1364
1124 1853
1125 1696
1127 2191
1130 1642
1131 2075
1132 1573
1135 2081
1135 1476
1136 1602
1136 2115
1136 2127
1137 2032
1138 1936
1140 2296
1143 1588
1146 2096
1146 1307
1146 1723
1149 1711
1150 1866
1152 2191
1153 1296
1157 1270
1158 1492
1158 2030
1161 2182
1167 2403
1167 2175
1167 2063
1169 2332
1169 1926
1170 1946
1173 1407
1174 2394
1176 2163
1176 1549
1179 1531
1180 2382
1181 1973
1182 1491
1182 2390
1185 1873
1185 1332
1186 1757
1187 1756
1191 2234
1192 1691
1193 2384
1193 1416
1195 1709
1197 1523
1197 2291
1199 2257
1199 1633
1199 1393
1201 1868
1205 1805
1205 1415
1207 1273
1208 1484
1209 1799
1210 1761
1210 2103
1212 1497
1213 1273
1218 1488
1218 1505
1219 1803
1225 2015
1231 1362
1236 1556
1242 2391
1245 1338
1246 1826
1248 1581
1249 1403
1249 1638
1260 2150
1261 1882
1261 2246
1265 1400
1265 1907
1269 1438
1269 2390
1269 1837
1270 2000
1273 1523
1274 1657
1276 1364
1281 1498
1281 2310
1282 1986
1284 2283
1284 1940
1285 1372
1285 1606
1286 1361
1286 1605
1295 2201
1298 2400
1299 1651
1299 1902
1302 2149
1305 1970
1307 2074
1308 2205
1309 2240
1310 2212
1311 1709
1313 1551
1315 1387
1316 2049
1316 1750
1317 2040
1317 2291
1320 2413
1324 1565
1325 1912
1326 1661
1329 2328
1330 1424
1330 1697
1331 2030
1334 1356
1335 2313
1335 1863
1336 1400
1338 1994
1338 1588
1340 2267
1341 2176
1345 1951
1346 1533
1351 2017
1354 1806
1356 2421
1357 2422
1358 2410
1358 2339
1363 1810
1364 1795
1365 2098
1365 2419
1365 2220
1365 1747
1368 1647
1369 2039
1370 1439
1372 2094
1373 1844
1375 2329
1379 2155
1380 2345
1382 2033
1383 2048
1384 2144
1384 1802
1384 1509
1384 1922
1386 1427
1386 1471
1387 1908
1388 2240
1388 2278
1391 2129
1393 1815
1395 2025
1396 2349
1396 1430
1397 1746
1407 1764
1410 1958
1412 2008
1412 2397
1415 2189
1419 2062
1421 1490
1421 1916
1423 1621
1427 1809
1428 1640
1430 2168
1430 2384
1434 1619
1440 2165
1442 2374
1443 1475
1443 1901
1447 2161
1447 1790
1450 2033
1451 2317
1452 2312
1452 2318
1461 1669
1464 1499
1470 1591
1472 1546
1472 1550
1472 2415
1473 1538
1474 1845
1478 1615
1481 2346
1481 1954
1481 1727
1485 1597
1487 2305
1493 2372
1494 1976
1498 2205
1499 2155
1500 2202
1501 2425
1502 2304
1507 2056
1508 2305
1509 2011
1511 2410
1512 1556
1522 2365
1524 1605
1525 2335
1526 2175
1529 2068
1529 1751
1530 1914
1531 2042
1532 2256
1535 1654
1537 2379
1541 1705
1542 2083
1543 1885
1544 2310
1552 2260
1555 1717
1565 2134
1567 1965
1571 2382
1572 1611
1573 2029
1574 2303
1576 1810
1577 2004
1582 2070
1586 1603
1587 1821
1589 2207
1590 1676
1590 2341
1592 1896
1593 1597
1596 1796
1596 2159
1598 1744
1598 1879
1599 1909
1600 2383
1606 1985
1607 1899
1607 2155
1607 1772
1610 1701
1610 2073
1620 2096
1620 2061
1623 2321
1623 1966
1624 1710
1625 2055
1627 2036
1632 1965
1632 1967
1634 2203
1634 2151
1637 2400
1638 1728
1639 1869
1643 1759
1644 2331
1645 2083
1645 2211
1653 2381
1654 2331
1658 2363
1660 2040
1663 1803
1666 2053
1670 2017
1671 2099
1674 1896
1674 1829
1678 2422
1679 2179
1684 2304
1688 2285
1691 1841
1695 2396
1696 1846
1696 1983
1699 1811
1700 2235
1700 2302
1704 2312
1705 2383
1706 1910
1710 1882
1710 1970
1713 2082
1721 2163
1721 2059
1723 1921
1727 2093
1728 2362
1730 1973
1732 2330
1737 1992
1738 2346
1739 2020
1740 1832
1741 2114
1741 2237
1744 2323
1744 2036
1748 2219
1748 2044
1749 1922
1749 2231
1750 2015
1752 2305
1753 2339
1755 1902
1765 2031
1766 2362
1767 2385
1767 2170
1769 2404
1776 2206
1777 2076
1778 1838
1778 1823
1785 2134
1787 2336
1787 2083
1792 2105
1793 1924
1796 2376
1796 1966
1803 2411
1806 2252
1808 1812
1810 2096
1814 2267
1815 1918
1816 2214
1820 2402
1825 2168
1825 1868
1830 2285
1834 2354
1834 1963
1836 2189
1846 2023
1849 2284
1852 2351
1854 1889
1864 1924
1875 2145
1877 2361
1881 2208
1885 2145
1888 1922
1889 2384
1893 2389
1894 1965
1897 2009
1901 2037
1907 2265
1909 2315
1913 2395
1913 2398
1921 1975
1925 2385
1934 2045
1937 2301
1939 2165
1941 2266
1943 2003
1943 2046
1944 2106
1948 2054
1951 2397
1951 2263
1952 2179
1953 2141
1957 2062
1965 2169
1967 2253
1969 1975
1980 2409
1981 1992
1988 2089
1989 2000
1995 2396
1997 2109
2005 2394
2009 2051
2014 2045
2014 2415
2024 2296
2027 2340
2034 2345
2051 2415
2052 2312
2056 2425
2069 2372
2087 2313
2088 2362
2100 2154
2101 2364
2101 2270
2103 2128
2104 2400
2106 2164
2112 2193
2124 2306
2136 2200
2149 2235
2151 2244
2156 2378
2156 2388
2162 2336
2162 2332
2166 2420
2180 2350
2181 2236
2181 2393
2191 2397
2197 2376
2205 2352
2217 2253
2223 2336
2224 2227
2228 2260
2241 2249
2275 2318
2287 2300
2288 2422
2305 2327
2320 2381
2325 2386
2331 2386
2351 2384
2368 2407
2381 2403
