8192 5156
1 10054
8194 3486
8195 794
8195 7826
4 9162
8 6093
8203 6628
12 7856
13 8286
16 2734
17 6243
19 2379
20 2928
8213 9789
22 5692
24 10611
24 271
8218 8717
28 10023
8223 2913
32 3737
8225 7939
34 5436
34 4822
35 6163
35 2579
8229 5213
8232 5782
8232 7887
41 4949
43 3282
45 3977
47 9222
8200 7645
8246 10314
8246 9141
57 3242
57 1852
60 3440
61 6264
61 8574
8256 2894
65 3964
66 8117
8259 5315
69 4016
71 7071
72 9419
72 9894
73 7299
73 5572
74 372
8268 4573
77 729
79 787
8273 8751
8274 2111
83 10572
8277 6282
8278 4159
87 633
87 2791
87 2423
88 4152
88 8379
90 1530
91 5553
93 2068
94 8876
96 6640
8290 6154
8290 2614
8291 7299
8292 7840
8292 4595
102 671
8295 6046
104 10344
104 6770
106 6723
109 4667
110 6122
111 7847
113 7769
115 10632
115 4153
8309 5175
8310 4232
8310 8481
8311 1414
120 3207
121 10323
121 7167
122 6410
8315 10165
8316 1142
8318 1845
128 6265
131 2511
132 8545
134 7905
134 7674
134 8886
136 7083
136 2246
8329 7443
138 2460
140 6438
142 673
142 9905
143 9056
143 2461
144 8029
145 646
8457 7273
8342 6383
153 6787
8346 6140
9583 6340
8348 10320
8348 5873
160 9840
8354 3490
8354 9755
8355 7618
165 6530
8359 4115
8361 747
170 10116
8363 5649
8364 1539
8365 1958
8366 10170
8366 4455
8367 5986
176 7628
8369 5121
178 5696
178 10135
8730 4342
180 7940
8373 1440
8373 8666
8373 2204
182 9384
182 994
8375 7040
8380 2470
189 225
8382 5620
8382 7541
193 8776
8390 2666
201 8010
203 9256
207 5720
211 1994
211 6707
211 4900
213 4753
216 9376
8410 8927
219 6534
220 4244
8413 10644
8413 332
8414 6484
8414 694
223 3319
224 9232
226 10286
8420 5742
229 3812
230 3851
231 10314
232 10017
8428 8872
8429 9605
239 4938
240 4759
8434 4921
8434 6778
8434 9078
243 7075
244 3345
245 3862
247 9865
247 4885
248 1196
248 3381
250 9705
250 1348
8443 2650
8444 959
254 9963
8447 7057
8447 507
8450 8759
260 381
262 3145
1409 923
265 3118
266 9542
267 4657
269 5549
272 351
273 7479
274 2903
279 9455
281 7056
8474 9453
283 9084
283 3510
284 4452
287 4761
288 5776
289 9174
290 2096
293 9580
295 8335
297 6075
298 495
299 648
8492 3324
301 1342
8495 9200
8495 6522
305 3908
310 5255
311 1133
319 9355
9611 2369
9611 6991
8516 3372
325 3032
326 430
8519 4451
8520 6313
8520 3394
331 2659
332 6005
8526 7967
335 761
337 1312
337 3946
338 4229
339 9192
8537 6633
8537 9146
8537 2167
346 6556
8539 8127
350 3688
352 3086
8545 4606
8546 8164
355 8812
356 7373
8549 4710
8550 7082
8550 7262
359 9387
8552 1358
361 7647
362 3436
8555 7418
366 8964
367 7311
371 7253
372 8122
377 6249
381 627
384 3729
8577 6812
386 3817
387 6965
9833 5893
392 7876
393 6937
8587 5092
8587 1445
8258 2874
8590 3722
400 761
8594 5619
406 2138
8600 7769
416 7232
417 5574
8614 2107
8614 3406
8615 7046
8616 10621
425 4318
427 7383
8620 2054
8624 9422
8625 10679
8625 3455
435 5267
8630 2510
8265 6035
8632 4833
8632 2683
441 3340
442 4316
443 5844
8636 8753
8266 6269
8266 1671
8638 1666
9632 5606
8642 5898
8643 3026
8644 3683
8645 4706
454 5593
455 8985
457 6377
8653 2859
462 2528
462 5953
462 4909
8655 2433
8655 1915
8656 6565
466 851
466 5588
8659 7786
8660 5767
469 6311
8662 8182
8664 3419
9563 3928
476 3291
477 10275
478 9385
479 2002
480 6912
480 7394
8674 3288
486 1332
487 1310
8681 5467
490 9604
492 1110
6563 3754
10382 10299
495 5096
495 8868
8688 4005
8691 6140
500 5176
500 9049
500 6458
500 5237
503 1955
506 9282
507 1274
507 1612
508 4342
9642 6028
8706 1579
8709 1117
8710 1892
519 945
519 2225
8712 7799
8715 6423
524 4365
8717 5840
8717 5035
8717 7580
8719 1050
530 2803
530 3116
531 841
8725 6222
8726 8759
535 5511
536 3963
538 10225
8731 2440
540 7112
8734 6159
544 3430
549 1567
550 829
551 2526
8747 2532
8750 9027
559 7061
563 10561
563 10665
8756 4488
8756 8087
8759 980
8475 3162
571 4434
8288 5880
8770 8372
8771 9209
580 5912
582 8186
589 6767
589 3007
8926 6611
591 4745
592 7739
593 9028
8788 9978
597 10602
597 5550
8790 8608
600 5091
602 7830
603 10346
9658 9577
9658 7637
8799 4872
8802 8658
8802 7307
8969 5784
612 1343
8805 2595
8805 6037
8806 7981
8806 10430
618 855
8811 10216
8812 10610
8812 4005
8813 10118
8814 2867
624 5651
625 7308
626 9924
632 9427
633 7121
8826 10176
8826 5913
636 6321
636 5746
8831 2378
8833 3990
642 7348
643 7298
645 9776
655 7736
659 5752
6023 2412
8302 2939
8857 7123
666 5502
666 1270
10115 7529
8861 1624
8861 7558
8862 1595
8862 3631
671 800
671 4316
672 1512
673 3970
674 2928
674 3044
8867 2376
8869 3733
8871 2608
8874 7428
8874 9703
9672 6315
9672 6307
9672 6332
9672 4477
8882 988
691 3137
8887 2409
696 879
696 9413
696 831
697 6094
699 10351
8893 5608
702 6180
704 6092
704 4373
8897 5892
8899 880
709 7603
709 4900
711 8858
712 10168
712 5308
713 6068
714 4503
716 9290
717 9335
8312 2422
8915 9836
8916 2352
8916 6425
8916 1461
8313 2167
8920 7333
8922 4693
8923 4160
8924 860
8924 7670
8925 9683
734 6329
734 6276
735 6371
735 2293
736 1647
737 6805
8930 8901
8931 1360
740 6918
741 6662
742 3312
743 5560
743 6600
743 395
744 10225
745 8030
745 7566
746 5916
747 4017
748 2580
8942 7727
751 2431
8945 981
8946 9989
9683 7013
757 6842
757 3723
757 6700
759 9576
8953 1503
8954 4480
764 4836
8959 6403
8960 4571
8961 6903
770 9743
771 9454
772 1893
774 5128
774 5828
776 2380
777 3150
8970 4229
779 4562
779 9182
8972 890
8974 2827
784 4227
9688 5736
786 1531
787 1606
8983 6028
792 3626
793 1326
794 7577
795 9729
796 10368
9690 8118
798 9592
8991 4592
8994 2294
804 3075
807 4664
808 7194
9001 1579
810 4431
812 1077
9005 5850
814 9595
9008 7945
9009 7099
9009 7669
819 1511
823 3872
823 10665
823 4979
824 2886
825 9970
827 4468
827 7949
9022 3174
833 1060
9026 6120
838 9456
838 1436
9031 4050
843 5269
9037 5341
847 8086
849 9064
850 7215
9044 3501
854 3731
858 4502
860 9303
9053 8666
862 9316
865 8757
9058 7851
867 2846
9061 5386
870 8633
9065 3058
9703 5890
9068 7361
877 2401
878 5820
9071 2016
9071 1425
881 9736
881 4138
4243 3029
884 1333
9077 7986
9077 2310
9080 3214
9080 2909
9080 1190
893 6090
895 1057
901 5262
903 6861
904 7835
906 4612
907 1339
9101 2793
910 6294
9103 10224
9105 1169
914 7737
917 5965
5407 5648
8345 1270
9114 9069
9114 4694
9118 6167
927 2831
9120 5204
8487 2366
9123 9310
5617 9378
936 9168
936 5389
938 7200
939 9345
9136 6949
9138 2331
9139 9844
948 9541
948 3622
9141 3858
9144 7115
954 9595
955 5920
955 10408
956 6914
9150 5042
9152 9848
8352 7284
9154 3411
9156 6483
9157 3133
9158 1068
967 4941
969 10566
970 3977
971 5155
974 2574
976 5070
977 6476
9171 4289
983 7375
9177 9882
986 5533
9179 1776
988 2053
9722 1170
992 1755
993 3456
993 3702
9187 5913
997 10141
999 9482
9192 3497
1002 9336
9195 3800
9196 8913
9196 6748
9201 5439
9201 4383
1012 5540
1012 5719
1014 2710
9207 3401
1016 2864
1016 7234
1017 7116
1019 4823
1021 2718
1022 8041
1026 9387
9220 4865
1033 9637
1034 10619
9228 4327
1037 6797
9230 1713
1039 2984
1040 4410
1041 2083
1042 8840
9236 2145
9237 7553
1048 5113
1048 4522
1049 5126
9245 2625
1054 2814
1055 6016
1055 9794
1055 6294
1058 5620
1061 10432
1063 1092
9256 3668
1065 4620
9735 6071
1071 4824
1071 3487
9264 1809
1073 3533
9268 2325
1079 5421
9275 1281
9278 2920
1087 4768
1088 7424
1088 2459
9281 4314
9739 6027
1092 4140
9285 1099
9287 9595
9288 3053
9292 6367
8220 5550
1103 5321
9298 10035
9301 4283
9303 5072
1112 4125
1112 5510
1113 2344
9306 8405
1117 2921
1119 3834
1120 7271
1121 2042
1121 8155
1124 6604
1125 7161
9318 9500
9318 1548
9321 6711
1131 9360
1132 10346
1134 6731
1136 7201
1136 6548
1136 3918
9329 10637
1138 3115
1140 2632
1140 9835
1142 4246
9336 5680
9336 2793
9338 2188
1147 5702
9342 2939
9342 4221
9343 5186
9343 6947
9345 10216
1155 4845
9348 3243
9348 2460
1158 1720
1160 6418
9353 7625
9353 2629
1167 8168
9362 1963
9365 6765
1176 1846
1178 9601
1179 4938
1181 8191
9375 3963
1188 2464
9381 2578
1194 6770
1196 5341
9389 3164
9389 9175
9391 9226
9391 3727
1202 6444
9395 1987
9395 7404
9395 1527
1204 2895
1205 2410
9401 1663
1210 2155
1210 10334
1213 5146
1214 7119
9407 6182
9409 10008
1218 6171
1223 2927
1225 7748
1227 6372
1229 5561
1229 6623
1230 3177
9424 7346
1233 5495
1236 6487
9429 7826
1238 1953
1241 4247
9434 7441
1245 1533
1245 9837
1246 6341
1250 4954
1251 2982
9444 3638
1256 2254
1257 7674
1261 4904
1261 6102
9454 5740
9455 6416
9455 6927
1264 6285
1266 1872
4307 7607
4307 4343
1270 4865
1270 6460
1271 4909
1271 1822
1274 10518
1276 5666
9770 1331
8405 3934
1282 1724
1284 10033
1284 9603
9478 10219
1288 4268
9482 4975
9483 4866
9486 5413
9488 4133
1297 4504
1299 7969
9497 8772
9497 8476
1311 4739
1311 3764
9776 7589
9509 6882
9512 8466
1323 8076
9520 4232
9520 5387
1330 4136
1334 4113
1336 10036
9529 5971
1338 7465
1343 2692
8416 2719
9539 5572
9541 6387
9542 2772
9542 2085
8417 10171
1353 4606
1355 4657
9548 3144
1357 6754
9553 7912
1362 2794
1367 9840
1371 10513
1371 7055
9569 2106
9569 3779
9569 10098
9570 3110
8422 4919
1382 2771
1384 3105
9578 987
1387 3338
1387 9586
1389 3345
9582 4555
9582 4798
9789 4649
9590 1547
1402 2762
9595 4633
9601 1969
9607 7085
1416 2345
1419 4666
9612 4489
9613 4201
1426 4308
1427 3244
9620 5523
9620 4254
8431 3973
1438 4426
9797 7971
9797 5278
9633 5555
1450 9982
9643 9309
1452 8127
9648 4577
1457 3951
9650 5947
9323 2713
1465 10556
1465 2549
1466 5109
9659 2978
1469 1830
9662 6351
1471 6504
9668 7290
1480 3220
9804 3787
1482 3930
9675 5505
9677 7934
9678 6316
9680 7444
9681 2653
1491 2584
1493 6130
1494 6815
1495 3560
1495 7151
1496 10616
9689 8024
1498 7497
1499 4528
1499 3614
8442 6528
8442 9273
1503 5541
1503 9359
9696 2585
9697 3077
9699 4257
9699 4842
9700 4986
1516 1959
9709 6837
9714 4742
9716 5364
9716 7479
9718 6393
1528 6625
9721 6105
1531 7708
1531 6190
1533 7672
1533 5979
1535 4421
1537 9913
1537 8415
1539 3425
1540 10528
9733 4700
1542 5176
1543 2426
9736 10585
1549 5850
1553 5707
1557 4046
1560 5083
8452 2370
1562 7903
9757 6628
9757 10103
9758 7596
1567 5920
1570 3224
9765 6427
1574 6744
9767 1865
1578 1988
1584 9159
1587 7412
9780 10155
9780 5124
9781 10466
9782 3587
9782 1203
1591 8107
1593 7631
9786 6373
1595 3281
9788 1997
1597 3882
9794 4143
8459 8671
1604 1961
1604 6597
1604 7569
1605 3091
1607 3804
9801 2353
9803 1000
9803 7914
1613 7366
1615 6327
1617 3202
1617 2471
1618 3297
9815 2599
9818 4822
9819 5715
9819 6999
1628 2818
1629 3616
1630 4620
8464 8057
9826 4627
1635 10544
1635 6822
1639 6517
1641 6154
9836 7587
9836 9732
9836 2597
9841 3034
9842 4671
9843 4892
1655 3475
1656 9491
1656 7246
9851 3451
1660 2361
1660 8113
1660 3441
9853 4923
7867 7073
1666 5635
9860 9979
1670 4753
1670 1970
9864 7630
9873 6600
1682 10323
1683 3178
1683 4758
9876 8016
9877 1976
9878 8112
9880 2604
9883 8145
9884 4959
1693 9903
1694 2983
9888 5829
9888 2023
1697 10532
1699 10068
1699 9972
9892 5430
9893 10489
9894 6609
9894 2594
1703 1971
1703 3365
9898 5280
9898 5630
9899 2027
1710 2738
1714 10608
1714 5930
1715 2606
9908 7474
9914 5829
9920 5244
9921 3010
9921 1823
9926 7152
9926 8515
1735 5982
9928 7320
1738 5410
9847 4351
1740 6297
1740 10155
1741 2634
9935 5316
9935 3494
1747 6210
1751 6179
1753 6726
9948 1981
9953 6809
9954 10315
1764 3830
1765 1955
9958 3015
1769 8051
9963 6693
9964 10576
9965 2021
1774 4983
9971 7411
1781 5752
1782 10203
9976 7219
9978 2927
1790 4205
8491 7741
1798 3666
1799 10099
9992 8781
1801 6745
1803 3576
1803 4645
1803 4118
1805 4322
1810 4839
1812 2644
1814 4648
1815 5525
1817 5385
1818 2940
1819 8026
1822 6738
1823 3729
10021 3291
1830 5183
10023 4724
1834 7683
1834 5015
9863 3841
10029 5795
1839 7942
1839 6598
1843 7328
1843 6985
1673 2228
10040 3119
10041 6540
10043 3509
10044 989
1853 7635
1854 1946
10048 6872
10049 2580
10051 3885
1860 3836
1862 6940
1867 10343
10060 3339
10061 3264
10061 9229
10062 10229
10066 6513
3043 5747
1876 3463
1877 3569
10070 4604
1879 5796
1880 7555
1882 10612
1885 6342
10078 8224
10079 6246
10079 10231
10080 5924
10086 6229
10087 2161
8792 5584
1897 4034
1898 2896
1898 2452
8305 6963
9874 5171
1904 2405
10097 7579
1912 3117
10105 7509
1915 3879
1916 4628
1917 2441
1917 10125
1920 4024
1921 6266
10114 10217
10114 919
1923 5537
1923 6196
1923 2047
1924 10293
10120 3572
10122 7817
1932 2143
1933 7896
1934 5271
1935 8285
1939 5193
10132 8070
10132 4679
1941 10387
1944 10671
10137 7060
1950 9137
1951 10289
10152 4986
1962 7571
10156 4183
1966 10341
10160 5900
1971 7293
10165 5090
1977 1992
1979 3865
1980 8699
1980 2861
1984 2159
1987 3155
1991 3926
1992 8858
1992 7861
1992 7935
1994 3692
1998 6284
1999 4104
2001 4337
9891 7931
10196 4238
2005 10246
2008 4835
2009 6481
2010 3339
2013 6079
2014 9576
2016 6992
2016 9180
2020 3913
2020 6705
2022 9180
2024 4666
10218 3608
2030 1235
10225 4407
2034 3238
8531 7017
10228 6921
2038 2837
2041 3378
2043 6457
2045 3424
10238 3392
10240 7533
10161 10237
10242 8330
2051 9505
2051 5822
10244 4975
2055 10448
2056 5672
10249 3523
2058 7347
10253 10637
10253 3726
10253 2751
2065 2580
2066 4736
7171 3773
2068 4778
2069 6696
10263 6940
10266 3692
10266 9525
2075 2449
2075 9151
8538 7223
10273 6680
2082 4427
2086 4273
2088 3904
2095 6069
10289 4258
10291 7744
10294 10006
10294 4055
2104 5791
10297 4312
10297 8976
10297 5026
2106 4075
2108 1195
10301 5625
2112 8592
9072 7358
10306 5163
2115 3472
10308 6020
10311 6181
10317 3997
8548 6337
2140 5480
2140 3796
2140 2949
10334 5000
2144 6955
2146 7011
10340 4739
10344 3623
2153 7106
2156 5911
2157 6341
10350 3566
10351 4169
10356 8988
10356 4228
10356 4751
2169 5752
2169 5085
2170 4731
2171 2390
8554 3163
10368 7789
10369 5758
10373 8939
2182 7819
2184 7694
2187 4711
2189 7417
2190 4310
10385 7584
2194 3693
2197 10470
2199 5347
10392 7139
2204 10201
2204 2595
10397 5955
2206 6123
10399 5370
2209 3799
2211 10450
9070 4052
10418 3616
8563 9260
2229 3540
2230 7279
2230 3007
10424 3035
10424 4159
10426 8191
2236 2727
9930 4195
2239 6123
9931 7956
2245 3448
2247 4862
10440 5949
10444 2755
10444 7909
9895 5888
9895 4379
9933 4286
10451 2803
2262 6852
2264 2886
10458 4080
2267 6738
2268 3045
8742 4662
2275 10046
2276 2880
10469 7724
2280 6705
2281 3673
2282 3197
10475 6017
2286 3719
10479 4132
2290 4789
10487 8578
10487 6997
10487 4982
2296 7271
2296 6495
9617 7770
10491 2748
2301 3296
5845 10607
2304 5875
2304 6011
2305 6746
10499 10564
10501 5262
2312 7224
2313 2651
9943 4250
2317 2971
2319 3233
2323 7341
2324 9352
2325 3184
10518 3537
2327 6476
2330 4030
2333 4589
2334 2502
10532 2596
2341 2681
2347 2732
2348 6312
2348 3113
10541 4863
2356 5657
2356 3341
2358 9531
2362 6775
10555 2444
10556 4308
2365 7477
2368 5532
2372 4218
10565 2565
2375 4700
10574 6331
2383 7353
2383 6890
2386 6428
2387 10127
10580 5043
2391 4570
2391 10059
2391 8935
10584 5287
10588 4025
9957 10124
2402 3906
2403 6611
2404 6946
2405 4214
2406 3136
10599 10202
2411 2438
10607 4719
10610 5881
10611 2542
10613 3961
10616 7595
10616 6830
2425 2615
10621 3486
10622 5867
2432 8067
10627 5078
8598 8669
10631 6419
10631 4094
2441 4913
2441 6701
10635 7684
2446 5064
10642 4145
9966 5039
10648 4040
10650 5306
2459 3771
2459 6990
10658 3115
10661 6828
2472 6545
2472 7118
10666 8105
10667 8728
10668 6643
2477 2903
2480 3921
2482 8592
10675 4121
10680 7088
9974 5427
2509 4633
2510 3592
2510 5774
2514 3287
2516 7344
2530 3185
2533 5017
2535 6650
2538 2731
2539 5263
2542 3555
2544 9204
2548 10594
2548 4932
2552 4482
2554 7223
2558 5197
2560 7510
2565 6497
2567 6147
2568 2592
2569 5560
2570 7888
2575 3288
2585 3312
2589 3193
2589 3182
10601 3264
2601 2984
9991 4436
2611 6429
2612 4942
2614 10335
2629 6153
2631 6044
2644 3644
2644 5862
2645 7614
2648 864
2659 780
2660 6719
2662 3320
2666 4088
2666 6978
2675 4739
8818 6870
2682 4340
2685 6731
2697 6852
2698 5758
2700 5397
2702 6524
2704 6180
2705 6577
10009 6082
10009 4356
2715 5244
2716 3944
2719 7633
2721 4696
2736 5341
2744 6263
2751 7045
2752 7089
2753 2863
2754 5148
2755 7470
2761 4440
2761 3249
2778 4086
2779 7276
2779 4706
2779 6164
2781 6577
2784 7420
2787 7659
2789 5905
2793 3801
2795 5338
2796 9098
2800 7060
2802 4665
2803 4287
2804 5087
2805 6027
2806 3525
2809 7499
2810 4742
2815 3256
2817 6548
2819 5653
2819 4358
2822 2878
2826 3762
2830 1349
2830 4343
2835 7498
2837 3723
2838 4274
10031 3674
8666 6691
2851 6497
2851 6839
2852 3014
2856 10505
2858 7136
2862 3241
2863 10145
2875 4537
2875 7785
2880 3788
2883 4632
2888 3255
2890 5099
10039 7847
2899 6413
2907 6118
8553 3747
2912 3469
2912 4038
2913 7414
2913 5358
8678 3448
2924 10428
2924 6101
2926 7548
2927 6155
2927 4643
2927 3230
2928 7247
2930 3196
2931 10482
2931 5734
2934 3504
2934 4185
2940 7870
8682 5313
2943 3092
2946 7624
2950 4765
2951 5998
3223 6527
2956 5748
2961 9352
2966 3146
2969 5526
2970 6600
2970 5889
2970 8058
2975 4156
2976 6589
2977 9128
2978 5700
2985 4836
2986 7564
2995 5721
8692 3211
3009 7943
3010 7111
3012 5227
3016 6272
3016 7834
3016 6395
4599 4124
3020 7545
3021 5043
3022 4511
3036 7509
3044 4793
8700 7544
3068 4600
3070 6455
3071 3320
3071 5315
3072 6900
3075 3881
3088 3808
3088 6478
3091 6501
3093 6873
3093 3419
3094 4695
10074 4848
3103 1907
3110 6555
3112 5098
3113 7513
3114 7921
3118 4202
3123 5251
3126 4708
3128 7605
3132 10439
3133 7521
3134 6923
3137 5720
3148 3786
3151 4765
3154 6703
3157 3571
3157 9246
3158 3440
3160 6551
3161 8021
3172 5296
3172 5904
3178 5958
3179 5496
3179 6899
3179 6924
8722 10212
3185 7667
10089 6492
3198 10304
3209 4978
3209 6826
3212 3316
3212 4958
3229 4462
3243 10401
3247 6456
3247 3385
5291 5773
3255 7149
3282 9161
3285 3898
3285 5074
8741 3319
3301 5754
10108 7234
3316 6132
3321 6184
3325 4967
3326 4297
3326 9425
3327 4046
3328 6701
3329 6983
3332 8990
3333 4730
3339 4989
3342 6013
3347 5593
3348 9206
10116 10136
9628 4140
3358 7713
3358 6404
3368 6806
3370 3580
3370 10045
3371 1262
10478 6964
3378 7301
3382 10335
3383 857
3393 6086
3398 7035
3398 7316
3403 7373
8760 5027
3416 4023
10127 6735
3422 7513
3427 6753
3431 7368
3443 3556
3447 6732
3448 7201
3449 10651
3453 7901
3453 10239
3455 5057
3458 10380
3458 6925
3478 7756
3478 5548
3480 7929
3480 9218
3489 10593
3490 5059
3492 6663
3498 6014
3500 2336
3504 4458
584 5857
3508 5189
3509 6007
3511 5665
3511 7310
3519 3620
3520 10420
3524 3928
10145 5076
3530 5275
3532 7966
8781 5348
3538 5928
3541 6063
3549 4724
3550 7450
3555 7837
3555 7607
3559 9359
10151 4321
3564 5140
3570 4054
3572 4336
3583 6995
3583 3646
3593 6030
3596 8102
3597 7196
3598 4899
3601 4692
3606 4209
3617 9140
8795 5302
10163 7168
3630 10208
3631 4466
3635 10197
3640 6984
3641 4538
3644 5424
3651 5968
3655 7183
1976 5132
3668 4005
3670 7983
3681 6412
3685 9015
3688 9339
10172 5111
3692 9328
3704 4331
8307 4398
3720 8060
3721 6182
3723 4745
3724 7018
3725 7558
3725 6070
3727 4721
3731 6061
3737 4752
3748 5052
3752 5210
3757 4537
3768 5946
3772 3946
3774 4193
3775 6783
3777 6549
3782 9231
3791 8589
3796 4291
3798 707
3801 6550
3806 4359
3811 4382
3812 4797
3820 4200
10194 9576
3826 5232
3829 7708
3830 5540
3831 6554
3832 5584
3834 5744
3840 6503
3841 4042
3843 8332
3846 5364
3846 780
3846 6791
3854 5090
3856 4803
3874 4663
3876 5706
3877 10280
3879 7468
3881 4847
3892 4796
3893 4666
3901 4003
3903 5102
10208 5316
3911 4292
3927 4976
10212 9075
8847 5325
3936 9554
3948 7526
8851 6010
3960 4845
3963 6114
3964 5953
3972 6044
10222 9180
3993 8104
3996 6426
3999 7340
3999 6492
4001 5302
10226 7203
4014 6245
4023 6963
4025 5120
8863 5392
8863 10329
4029 8027
4029 6019
4031 4426
4041 7801
4042 4393
4045 6700
4052 4878
4056 5861
4062 5874
10235 7134
4071 6440
4072 5897
10237 4470
4080 4746
4089 7464
4095 9783
4100 5242
4102 4210
4116 4266
4127 4257
4134 9503
8881 7500
4136 7096
4155 5547
4164 5199
4169 7974
8888 7077
4192 9552
4194 6708
4196 6039
10257 4527
4204 4272
4210 6736
4210 10336
10259 7926
4221 6324
4222 6390
4234 7333
4237 6964
4239 8294
4241 7257
10563 6523
4253 6328
4254 6046
4265 5225
4267 5114
4268 4877
4278 4859
4285 4387
4287 7955
4293 6255
4301 7484
4304 7037
4326 6339
2087 5551
4334 7817
4336 5126
4348 4695
4351 5535
4352 4492
4356 5642
8919 10570
4366 6419
4366 7795
4370 6189
4379 5814
4390 5541
4391 4452
4395 5558
9421 5812
4405 5032
8330 8482
4410 5017
4412 5932
4413 8005
4419 6590
4431 8233
4432 4813
4433 5980
4437 4957
4437 5175
4438 5773
4441 7202
4445 2424
4445 6219
8935 8423
4464 8115
8936 6603
4469 6396
4474 4948
4482 5281
4483 5102
4487 5233
4499 8124
4500 8111
4504 4814
4505 4667
4506 6797
4508 5729
4522 7967
4523 4923
4529 5416
9741 8171
4537 9015
4538 4707
4539 5290
4541 5057
4544 6237
4552 6906
4552 6101
4555 5331
4556 6627
4566 7157
4574 7568
4574 8019
4575 7423
4583 5385
8956 4587
8336 5222
4590 7057
4591 4808
4591 7670
4591 4822
4594 7264
4594 6915
4597 3505
4603 4618
4608 6377
4610 6617
4611 10596
4613 7510
4615 6781
4615 7749
4623 6771
4623 6843
4627 5353
4628 7279
4634 6371
4641 7137
4651 9816
4651 6358
4654 6860
4662 8051
4671 5205
4684 5232
4699 5894
4700 7459
2149 6061
4721 6783
4729 5891
4733 7747
4734 7687
4744 6718
4748 7708
4751 5446
4755 7870
4757 4780
4765 5055
4765 5397
4768 6493
8987 5774
4783 6832
4784 7682
4786 5962
4795 5451
4798 7211
4798 9085
9619 6794
4803 5345
4806 6043
4806 7679
4816 7561
4820 5012
4829 10488
4829 7908
4838 5761
4841 6455
9002 7284
4862 5930
4865 10651
4869 8028
4873 7110
4876 6877
10398 9545
4882 7667
4885 7139
4897 8121
4900 5783
10374 7344
4908 6099
4910 6277
4911 7714
4914 6604
9011 6752
4917 5956
4919 7630
4934 6047
9015 5962
4969 6501
4970 7441
4975 5148
4981 6707
4983 5413
9025 8151
5007 6640
5007 5162
5021 5210
5024 5711
5026 5364
10396 6013
5034 7195
5034 7635
8435 7356
5043 9093
5045 5924
5051 6287
5054 5261
5055 5948
5058 6158
5064 5215
5072 7565
5074 7454
5076 6627
5077 6445
5079 6825
5085 6162
5087 10674
5102 6338
9043 6304
5108 5884
5123 5490
5125 8149
5129 5852
5132 6885
5138 6589
5146 6039
5147 5797
5148 5609
5150 5656
5153 9252
5158 5437
5164 7280
10509 5457
10509 7924
5173 5541
10420 10522
10420 7836
864 6699
5188 7493
5195 9075
5203 3839
5204 8045
9062 7210
5223 5960
5227 7352
5232 8711
5233 5792
5238 10617
5248 6365
5253 8005
5255 5643
5259 6101
5268 5447
5277 6671
5279 8086
10439 7326
7709 7555
5303 5311
5315 6227
5325 7048
5328 7315
5342 9528
5342 6373
5347 7526
5349 6658
9085 6659
5367 6080
9087 5932
5372 6450
8635 7679
5380 7253
5394 5447
5399 7026
5402 6709
5410 7894
5411 7722
9095 7178
9095 8031
5428 6922
5431 5828
5432 10554
5473 7299
5476 5627
5481 6644
5484 6708
5486 6534
5491 10638
5493 7802
5500 7791
5507 5600
5507 9166
5508 9463
7549 7381
5530 6269
5533 6959
5534 7984
5536 7440
5539 5935
5544 6343
5550 5725
5556 8045
10486 6218
5579 6686
5589 8013
5592 6142
5607 6816
10493 8162
5622 5747
5639 6328
5639 5860
5672 6584
5673 6289
5676 6964
5684 6717
5691 5730
5700 6145
5701 6143
5707 6039
5708 5750
5725 10084
5733 7762
5745 6339
5751 8440
5772 6776
5777 6567
5778 8891
10558 6712
10558 7426
10558 6773
5788 6298
5794 7569
5794 7611
5817 6723
5852 7258
9169 7723
5879 9316
5893 6797
5907 9250
5911 6771
5918 6008
989 6624
5936 6347
5937 10298
5943 7325
5951 7701
9473 10598
5982 4091
5985 7391
5988 2374
5998 7315
6003 6932
6005 6035
6021 6843
6040 7899
10564 6387
6049 6074
6051 6084
10567 7962
6062 10069
6063 7721
6067 7305
6067 7491
8551 6122
6077 6341
9208 9269
6100 6316
6101 7947
6103 6954
7842 7689
6114 7719
10578 6534
10579 6339
9214 7847
6135 8028
6137 6418
6138 7446
6165 6729
6171 7313
6173 8050
6175 6351
8279 7057
6188 7914
6192 9271
6201 6501
8661 9480
8661 6773
9226 9754
6206 8132
6224 6972
6225 7251
6231 6775
6247 7834
6252 8072
6257 8132
5143 7436
6293 7211
6309 7064
6312 6691
6314 7056
6321 7160
6328 6430
6336 7176
6336 6525
6360 7395
6370 6500
6370 7895
9255 7055
6382 6613
6436 9332
6451 7547
6452 7095
6463 7574
6472 7196
6472 6662
6479 9463
6482 7802
6492 7190
6496 8408
6509 7595
6526 7150
6537 7137
1090 6669
6549 6588
6576 6605
6589 8082
6601 9982
6626 7545
6630 8062
6687 9253
6714 7138
6716 7561
6730 7732
6734 8053
6735 7095
6751 7921
6751 7870
6774 7050
6788 8119
3863 7107
6800 7119
6827 6918
6830 8134
6837 7061
9332 7875
6846 6967
6849 10335
6857 8013
6867 7201
6870 7008
6876 7999
6879 7991
6886 7035
6892 7381
6896 7621
6903 8064
6952 7714
6967 8006
8963 9754
7069 8150
7097 7337
7128 7817
9380 10348
2420 7212
7190 7794
7202 7475
7247 7329
7273 7542
9410 7845
7326 7891
7328 7559
7341 7396
7345 7391
7347 7512
7364 8058
7364 7822
7365 3251
7390 7460
7412 9809
7445 7926
7460 7894
8432 8170
7493 7892
7601 7872
7617 9528
9471 7834
7701 7944
7732 8069
7776 8064
7928 9528
8037 8179
9816 8171
