8194 1985
4 1296
4 1625
8197 3549
6 2238
8205 4186
16 5609
16 5610
22 5612
23 27
23 31
24 29
25 201
25 1548
26 1633
26 1058
26 1284
26 39
26 1288
26 2315
26 1294
26 3792
26 1617
26 1044
26 1625
26 2458
26 1180
26 1085
26 1279
28 34
29 5613
30 1545
30 5628
31 34
31 1478
31 5640
31 969
31 194
31 1471
31 1439
31 1436
31 1469
31 1055
32 1545
32 34
32 197
32 38
32 39
34 1497
34 5643
35 1475
35 37
35 1542
35 1480
35 969
35 1497
35 570
35 1470
37 1542
37 39
39 1479
39 1471
39 346
39 1439
41 5249
41 805
41 5672
41 2604
41 4136
41 723
41 5653
41 344
41 4473
41 5660
41 5661
41 5669
42 43
42 44
43 1192
43 3069
43 3070
44 5686
45 46
52 56
53 5696
53 540
53 342
53 3099
53 1788
53 1790
54 172
54 879
55 613
55 1788
55 540
55 5711
55 59
55 3100
55 4125
55 1790
57 416
57 417
57 402
57 405
57 3944
59 416
59 418
59 5718
59 4125
59 1758
63 805
65 67
68 69
69 5740
69 5737
69 5739
69 4211
8262 3021
71 5745
73 74
8268 2515
8271 2072
80 2821
80 495
81 5754
82 83
82 316
83 4005
8276 3311
8277 2078
86 5754
90 1081
90 1586
90 2526
91 104
91 105
91 99
92 112
92 94
92 111
93 107
94 98
94 99
94 103
94 104
94 108
95 97
95 106
95 99
96 108
96 100
96 2293
97 105
97 98
97 107
97 100
98 104
99 104
100 107
101 104
101 108
102 107
104 105
8302 4787
112 5774
114 5689
115 409
117 124
119 1344
119 3038
8313 2127
123 5792
125 128
130 5800
130 132
131 5808
133 3299
134 5121
135 225
135 4252
135 5823
8330 2139
139 140
141 5649
142 147
143 2049
143 4482
143 413
143 2046
143 337
144 2049
144 148
144 3973
145 5832
148 149
149 4651
149 3973
151 411
151 4022
8346 2161
8347 2161
158 159
8354 2166
8219 2012
167 5891
167 4679
167 2476
167 5870
167 4657
167 5874
167 5876
167 727
167 5873
168 170
172 417
174 175
175 187
176 186
177 187
178 186
180 182
181 182
182 5903
183 186
185 5910
187 5347
8380 2201
8383 2204
193 197
194 195
8388 2209
197 1493
197 969
198 1544
198 201
198 5380
199 5921
199 1061
200 201
200 1550
201 1513
201 1478
201 969
201 5929
201 5928
201 2772
201 1497
201 383
202 5934
8395 2220
8396 3651
8396 2220
8398 2223
209 4081
8402 2411
211 3000
211 497
213 4122
214 3979
216 5118
10100 4578
218 5960
218 5963
218 861
218 5970
218 5980
218 797
219 1374
8412 2243
221 1374
225 760
225 796
226 5992
8419 3753
8427 2272
236 237
237 6012
237 893
8430 3166
244 6018
249 250
252 1324
252 1854
252 1326
254 4034
8235 5221
263 268
263 1316
8457 2303
266 275
266 6037
266 2143
267 3825
268 4284
8461 3423
271 6049
272 731
272 1093
274 6053
274 6054
274 6055
274 4722
274 2451
274 2804
274 2805
275 6062
276 6064
278 740
282 4320
282 6068
283 284
284 986
284 6071
8478 2335
288 1360
288 1059
288 6102
288 6081
288 1096
288 1289
288 6091
288 1358
288 1584
288 6088
288 1283
288 1204
288 6094
288 1206
288 6072
288 2363
288 1275
288 6077
289 6106
293 6107
295 296
295 6109
8495 2351
305 6114
8498 2354
311 6122
312 314
316 4675
316 5459
316 5549
316 6129
316 6131
316 6136
316 5438
320 479
8515 2369
325 326
9831 4141
332 335
333 422
333 424
333 334
333 340
333 341
333 408
335 3716
337 3973
340 640
344 6168
8540 2403
349 416
349 6176
349 548
349 550
349 6182
349 1841
349 402
350 351
350 359
351 758
351 759
352 4400
352 2996
353 2998
355 6196
355 6198
363 6216
363 6212
363 6214
363 2318
363 6213
368 6228
372 4628
374 6241
374 6242
374 4629
376 3471
379 381
383 1476
383 5614
383 5623
384 6249
385 390
386 3538
387 4006
388 3741
389 3947
391 3534
393 458
393 455
8587 2447
9624 3799
402 439
403 404
404 3099
405 414
406 1788
409 5689
410 1057
410 4010
410 660
411 3465
411 3243
411 4125
412 611
414 3466
414 1757
416 4453
417 3248
417 3466
418 5333
418 1789
420 5839
420 3535
421 3466
422 6295
426 6297
8620 2504
9550 3703
8623 2506
435 439
437 3404
438 3404
442 4533
444 510
449 453
450 451
451 1312
451 1315
451 3332
451 1800
451 1314
451 5453
452 1312
452 453
452 3983
8646 2541
8648 2543
457 6343
458 4306
458 587
458 6350
458 3835
9823 4125
9634 3816
462 1830
463 6357
464 465
467 468
468 3744
468 6362
8661 2557
471 6370
8664 2566
475 1716
480 487
481 487
482 485
484 560
484 6391
484 2459
484 6383
8678 2567
8682 2575
491 6405
492 1030
8685 4591
497 3648
497 4251
498 499
8692 2589
504 3883
506 6445
509 510
510 4922
8703 4406
512 6452
8708 3023
8708 2612
8708 2927
518 2571
519 4379
523 6465
523 525
524 1193
524 652
525 892
525 526
527 544
527 5717
533 545
533 543
535 6479
8728 2620
538 6483
539 690
540 545
540 541
540 4460
541 2600
541 659
544 3468
545 3099
547 6177
548 6484
548 5159
549 666
549 629
549 3247
550 6497
550 4046
550 629
551 3243
551 3468
555 6501
559 1514
559 6510
560 561
565 4206
8759 2666
568 6520
568 2235
568 3581
570 571
574 3709
577 578
578 6540
581 6551
582 5982
583 4292
583 5982
587 588
588 6557
591 592
592 636
592 660
594 5541
595 596
597 1524
599 6569
8292 2093
609 4192
610 4608
611 3538
612 615
612 4867
612 1758
612 3151
614 2816
614 2293
615 1952
618 619
618 620
8814 2730
9568 3734
626 6596
628 841
8297 2101
632 634
635 641
635 647
635 651
635 652
635 653
635 658
636 643
636 661
637 639
639 650
639 643
639 658
640 645
641 4094
642 643
642 660
643 3825
643 645
644 649
644 661
646 2017
646 1316
646 2557
649 652
650 657
651 2668
651 6627
652 3996
652 679
653 4631
656 5265
660 2596
660 2601
660 2589
660 2586
663 6648
663 5689
663 895
8856 2791
666 5689
666 3469
667 1089
667 1123
667 1514
667 1966
667 2096
667 1044
667 2107
668 4460
670 671
671 6665
671 5349
8873 4972
8876 2823
688 2328
8888 2833
701 704
8897 2845
8897 2966
9675 3885
708 709
709 1833
712 1514
712 6709
712 4246
714 4378
714 1627
8908 2859
8914 2860
723 6742
731 6749
8930 2878
740 5858
740 6760
740 6761
740 6796
740 6766
740 888
740 6769
740 6802
740 4500
740 6776
740 6778
740 4574
740 6783
743 744
745 5966
747 6807
749 3352
749 3389
749 750
750 3353
750 6814
750 6822
8943 2890
752 6824
8953 2893
8954 2893
763 6842
763 2447
764 2798
764 2799
767 2799
8967 2909
779 6723
783 6875
784 785
792 6883
794 795
794 6884
795 6886
795 4422
795 5223
799 6890
800 6891
805 2544
805 6915
805 6892
805 6893
805 6894
805 6895
805 1264
805 2326
805 2103
805 6906
805 5594
808 810
812 992
812 1298
812 1277
812 1702
812 1095
9007 2940
819 820
822 5623
9020 2958
830 831
3301 3811
836 6962
9029 2974
839 840
9698 3927
848 3695
851 6975
853 854
9049 3006
858 865
858 861
9051 3012
860 1758
861 6992
861 1121
861 1052
9055 3017
864 1358
865 3068
867 6997
868 870
9061 3026
870 7004
9068 3040
877 7013
878 7014
882 4801
882 1078
8339 2153
889 7025
891 1376
891 3288
892 893
893 894
894 895
895 6472
896 898
896 899
898 1445
898 2358
902 903
904 4240
8343 2372
908 1776
908 7044
908 2422
912 914
9105 3078
918 7051
921 922
923 7056
925 3179
926 928
926 929
9124 3103
933 7077
939 7081
9133 3119
943 1528
943 7085
944 1528
945 946
947 969
947 954
948 7097
948 2855
949 3366
949 2855
949 2252
949 2255
949 1365
949 3895
949 959
950 957
950 2855
954 1512
954 1516
954 1510
955 1216
955 968
955 7108
955 1997
955 966
956 958
956 966
957 3346
957 3895
958 1264
958 2857
958 963
958 965
959 1765
961 7115
962 1233
962 2122
962 1926
963 2129
963 2116
964 3293
964 7101
9159 3157
969 1474
969 1476
969 2737
969 1480
969 1484
969 1553
969 1490
969 1439
969 1471
972 1272
972 2689
972 1171
972 1165
973 974
974 7145
974 7140
974 7142
977 979
979 1962
979 1435
979 2108
979 2097
980 2113
982 983
987 2850
987 2654
989 990
993 7171
994 4321
994 4316
997 998
9191 3197
1000 7187
1001 5104
9194 3204
1004 7188
1005 5056
1005 1762
1005 1006
1006 1561
1006 1786
1007 1013
1008 1288
1008 5065
1008 1013
1008 1622
1009 1013
1009 2478
1013 1029
1013 1022
1015 7204
9209 3211
9210 3212
9211 3213
1020 1024
1020 1022
1020 1023
1021 4107
1023 1353
1024 1856
1024 1810
1024 7215
1024 7217
1024 7218
1024 1307
1028 1410
1030 1353
1031 7225
1033 7229
1034 7232
1034 7233
1034 7243
1034 7245
1034 7253
9227 3235
1037 1722
1037 1130
1037 2582
1040 1042
9233 3257
1043 7273
1044 1184
1044 1569
1044 1570
1044 1275
1044 1637
1044 2438
1044 1185
1044 1161
1044 1098
1044 7275
1044 1229
1044 3087
1044 1360
1044 1926
1044 2461
1044 1625
1044 1084
1044 7274
1044 1279
1045 3709
1048 7292
1050 7302
1051 1078
1051 1070
1051 1055
1053 1056
1053 1632
1053 1618
1053 1639
1055 2233
1055 5535
1056 4320
1056 1075
1056 1640
1056 1580
1056 3792
1056 1619
1057 4619
1057 1071
1059 1619
1059 1620
1059 1621
1059 1624
1059 1076
1059 2458
1059 1085
1061 1475
1061 1476
1061 1541
1061 1487
1061 1468
1061 1470
1062 7333
1063 2715
1063 1541
1063 3038
1068 1092
1068 1093
1068 1358
1068 2358
1068 2360
1068 2684
1068 6077
1069 1139
1069 6077
1073 1541
1074 2861
1075 1079
1077 7350
1078 1089
1079 1635
1079 5599
1080 4378
1081 1596
1083 2332
1083 7365
1083 7366
1084 1086
1084 1095
1085 1635
1085 1638
1085 1296
1085 1622
1085 1278
1086 1281
1086 1635
1086 1637
1086 1641
1086 1628
1088 1098
1088 1091
1089 1997
9282 4727
1091 1097
1091 1203
1092 1097
1092 1206
1093 2794
1093 7378
1093 3765
1093 1308
1094 7386
1094 1675
1094 2407
1095 1274
1096 7232
1096 1161
1096 1165
1096 1167
1096 1170
1096 1174
1096 1272
1097 1286
1097 3083
1097 1229
1097 1584
1097 1173
1099 1108
1099 1100
1100 1217
1100 7403
1100 7404
1100 7406
1100 2094
1101 1105
1101 1107
1101 1199
9294 3342
1104 1106
1104 1108
1105 1107
1106 1107
1106 1108
1106 1109
1109 1199
9302 4665
9743 4005
1119 4940
1121 1123
1121 2071
1121 7421
1121 2093
9314 3353
1123 2093
1123 4366
1128 7433
1128 1131
1129 3633
1129 2558
1129 2982
1129 5089
1130 2458
1130 3670
1131 1760
1133 7454
1133 4839
1136 1141
1137 7458
1141 7458
1143 7460
9350 3429
8385 2207
1160 1178
1160 1165
1160 1182
1161 1169
1161 1182
1162 1168
1163 7274
1163 1179
1163 1182
1164 7274
1164 1172
1164 1173
1164 1182
1165 1170
1165 1166
1166 1266
1166 1186
1167 1168
1167 1176
1167 1172
1168 1233
1168 1266
1169 1184
1169 1170
1169 1272
1170 1185
1170 1262
1170 1174
1170 1272
1170 1178
1170 1180
1171 1180
1171 1266
1172 1176
1172 1186
1174 1176
1174 1184
1175 1178
1175 1514
1176 1266
1178 1183
1179 1180
1180 1618
1180 1628
1180 1626
1182 1233
1183 1262
1185 7488
1185 1272
1185 1186
1187 4567
9380 3480
1189 1686
1196 1998
1200 7496
1200 1202
1201 7498
1204 2275
1204 2279
1204 1803
1204 1358
1204 1776
9397 3501
1207 1208
1208 3323
1210 1223
1211 1213
9404 3506
9396 3501
1217 2104
1217 2113
9411 3513
1222 7517
1223 5109
1224 1231
1226 1233
1227 7523
1227 1573
1227 7526
9420 3520
1229 1948
8246 2045
1233 3530
1233 1263
1233 2870
1233 6487
1233 2136
1233 2364
1233 2589
1238 1241
1242 7540
9437 3551
1246 5014
1249 3094
1250 1601
1250 1332
1254 1255
1255 3209
9448 3563
9450 3567
9452 3578
1262 1272
1263 1272
1263 1423
1264 1516
1265 5166
6316 4197
1273 2118
1274 1298
1274 1275
1275 1296
1275 1301
1277 1292
1277 1298
1277 7587
1277 1301
1278 1626
1278 1291
1278 5196
1278 1625
1278 2458
9472 3596
1281 1292
1281 1617
1281 1298
1281 1625
1281 1626
1282 1289
1282 1292
1282 1301
1282 1286
1282 1297
1283 7591
1285 1641
1285 1623
1285 1301
1285 1703
1286 1288
1286 1299
1286 1302
1287 4825
1287 1290
1287 2458
1288 1640
1288 2316
1288 1622
1288 1625
1289 2084
1289 2687
1290 1292
1291 1302
1292 2085
1293 7600
1294 1298
1295 1298
1295 2316
1295 1301
1296 1637
1296 1639
1296 1301
1299 3492
1299 1702
1299 7277
1302 1705
1304 2129
1304 1957
1305 6325
1305 1310
9498 3628
1307 2144
1307 2148
1307 2630
1308 1312
1309 2027
1309 1316
1310 7618
1311 1313
1311 1319
1313 3983
1313 1317
1314 1784
1314 1786
1314 6325
1316 2022
1316 1513
1316 2450
1316 2006
1316 1786
1322 1325
1322 2479
1323 1328
1324 2480
1325 1601
1325 1330
1325 1327
1326 1601
1326 2481
1326 2479
1326 1329
1326 1332
1327 1329
1328 1332
1328 1334
1330 1331
1330 1334
1332 2481
1332 1334
1333 3094
1340 7646
1340 7638
9535 3676
1345 5789
9542 3689
1351 1633
1351 1638
1353 3735
1353 1764
1354 1764
1356 1360
1356 1359
1357 1792
1358 2438
1358 1799
1358 1804
1358 3050
1358 1579
1358 2830
1358 6072
1358 7673
1358 1432
1358 2004
1358 7676
1360 2275
1360 3166
1360 7678
1363 7094
1363 2252
1363 2257
1363 1364
1363 2262
1363 2266
1364 1367
1366 2262
1367 1368
1369 7092
9562 3725
1371 1374
1371 1375
1372 3291
1374 5985
1374 3288
1374 3290
1377 1380
1379 1997
9576 3744
1385 7695
1389 6042
1390 1391
1391 4262
1393 2143
1397 1400
1398 7707
1400 7706
9599 3774
1409 2460
1411 4416
1412 3608
1412 3607
1412 5751
1412 6407
1413 7722
9609 3780
1419 7728
1419 7726
1422 1423
1423 7731
1424 1427
1429 2281
1429 2557
1430 3230
10375 5075
1434 7744
1434 3927
1435 3674
1436 3393
1436 3394
1436 1479
1436 1768
1436 7746
1436 1490
1436 1491
1436 1467
1436 6269
1437 1821
1438 2576
1439 1477
1439 5642
1439 1552
1440 1821
1442 1443
1443 3021
1445 2231
1446 1447
1450 1451
1453 7758
1457 7362
1458 1460
1464 7765
1467 1481
1467 1490
1467 1494
1467 5918
1468 1497
1468 1487
1469 1809
1469 1482
1469 1485
1470 1472
1470 1474
1470 1551
1470 1490
1470 1493
1471 1476
1471 1480
1471 1486
1471 1489
1471 1490
1471 1495
1472 1473
1472 1490
1473 1481
1473 1483
1474 1490
1475 1476
1475 5918
1476 1485
1477 1495
1477 1492
1477 1485
1480 1496
1480 1490
1481 1488
1481 1483
1482 1492
1483 1552
1483 1489
1485 1488
1485 1489
1485 1493
1485 1498
1487 5631
1488 1552
1489 1552
1489 1494
1489 5918
1492 1551
1496 5918
1500 6388
1504 4379
1506 4336
1506 1514
1508 1509
1510 2100
1511 1514
1511 4101
1511 1997
1514 2403
1514 2285
1514 6990
1514 2131
1520 7797
9811 4111
1526 7082
1528 4400
1528 4655
1529 1530
1532 1711
1532 7807
1534 1535
1535 7811
9729 3986
1539 3569
1541 2074
1543 1553
1544 5626
1545 7823
9741 3999
1551 4860
1554 1556
1554 1557
1556 7828
1557 2943
9818 4118
1571 1574
1572 2949
1573 2216
1575 1583
1577 6080
1578 7847
1580 7850
1580 1583
1583 1584
1587 1588
1588 1889
9781 4062
1593 1598
1595 6721
1595 1598
8458 3206
1600 7876
1601 2491
8460 2305
1612 1616
1612 1614
1613 7884
1614 7888
1618 1623
1619 2313
1619 3093
1619 1641
1620 2686
1620 1629
1620 1630
1621 1635
1621 2314
1621 1627
1622 2315
1624 1633
1625 4350
1626 1632
1626 1636
1626 1627
1627 1628
1627 1635
1629 2313
1629 1638
1629 2182
1631 1632
1631 1641
1631 1636
1631 1639
1632 2182
1633 1641
9826 4129
1637 2182
1638 1640
1638 1639
1639 5559
1642 1643
1642 1644
1642 1646
1643 3261
1649 1651
1654 4504
1654 7915
1657 1675
1657 1668
1659 1666
1660 1662
1660 1678
1661 1668
1662 1668
1663 1667
1663 1669
1663 1677
1665 1677
1666 1769
1666 1671
1668 1671
1669 1671
1669 1678
1670 1677
1670 1678
9864 4191
1675 7385
1678 3364
9871 4199
1683 7927
9879 4217
1688 7930
1689 1690
8474 2332
1694 1695
1706 2687
1706 4838
1706 4839
1707 7939
1707 7943
1711 1712
1713 1718
9906 4258
9843 4152
1716 1717
1718 7946
9912 4262
1722 7949
9915 4264
9915 5199
1725 1874
9920 5140
9920 4268
1732 7650
9928 4288
9928 4289
9934 4297
1745 1746
9940 4308
9941 4308
9849 4161
1752 2023
9951 4321
1760 1780
1761 7979
1763 2034
1763 7983
1771 2433
1771 7374
9966 4337
1775 1783
1776 2733
1776 7998
1776 7999
1779 2557
1779 1783
1784 2014
1785 2976
1786 2144
1786 2625
1786 2148
1786 2018
1786 7609
1786 2142
1786 2015
1787 1791
1790 2586
9985 4356
1799 1800
1800 7500
1801 8029
1802 8030
1804 7500
1805 1807
1806 4960
1808 3429
9859 4183
1816 8041
1816 8043
9860 4187
10012 4386
10014 4389
1824 6074
1829 7941
1831 5238
1833 7014
10027 4420
1838 1839
1842 8064
1849 8069
1854 1857
1855 2178
1857 2489
1857 1858
1858 2280
1858 2146
1858 2307
4585 5555
1862 1865
10056 4488
1865 8081
1865 8077
8503 5026
1870 2795
1870 2796
1870 8086
1871 2288
1871 2051
1872 1874
1874 2794
1875 7953
1875 8091
1875 8094
10071 4529
1880 1890
1880 1883
1880 1887
1881 1885
1882 8099
1882 1886
1885 3552
1885 1889
1886 1889
1886 8098
1887 1891
1889 8097
10088 4552
10089 4552
1898 8106
1901 2170
1901 8111
1902 8065
1902 2175
10097 4564
1906 8120
1906 8121
1906 5203
1907 1908
10105 4594
1916 1917
1918 1920
1918 1919
1920 8136
1923 7528
10117 4653
10120 4621
1930 1934
1933 8145
1936 7054
10130 4640
10131 4641
1940 3197
9881 4220
1950 2012
8517 2370
1952 2584
1952 4823
1954 1955
1956 1960
1956 1965
1957 2128
1957 2122
1957 2124
1959 8174
1960 2922
1967 8182
1969 1972
1970 1976
1974 8184
1974 7570
1975 1977
1978 2932
10175 4711
1985 4781
1987 3549
10182 4728
1992 7185
1994 1995
1997 2935
2003 6621
8526 2379
2006 2630
2012 5514
2012 6323
2013 4968
2014 8223
2019 8227
2020 2888
2021 7672
2021 2626
2023 7964
2024 2354
2024 2455
2025 4865
10220 4809
2033 3423
2035 3765
2041 3183
2044 3464
2046 2049
2049 3071
2050 2051
2051 2052
2058 4826
2059 2064
10255 4887
2065 3593
10258 4894
2067 3316
2067 2575
2069 3332
2070 2071
2071 3499
2071 8265
2071 2201
10267 4907
2078 2272
9561 3723
2082 2084
2087 8287
2089 2464
10282 4920
2093 2187
2093 2190
2094 2516
2095 8294
2097 2105
2099 2109
2101 2104
2101 8298
2101 2108
2105 7338
2106 4787
2109 2754
2112 6657
2113 3422
2117 2118
2120 3171
2122 2123
2123 2129
2123 2140
2124 2129
2125 2140
2129 2135
2129 3295
2131 2302
10325 4996
2137 2648
2139 5145
2142 2149
2143 2888
2143 2148
2144 5216
2144 2146
2153 3788
2159 2161
2162 2163
10357 5048
2166 2167
2167 3274
2170 2171
2179 2182
2181 8366
2183 3730
2190 2757
2190 2191
10387 5098
2201 3269
2202 3267
10398 5111
10406 5124
2220 3651
10414 5151
10424 5162
2237 8406
2237 5599
10431 5172
2241 4263
9622 3799
10442 5184
2253 2264
2253 2255
2256 2264
2258 2264
2258 2259
2258 2260
2263 8418
10463 5224
2274 2278
2279 4785
2283 2284
2284 8441
8573 2422
10487 5261
2298 2299
3114 5618
2303 8455
2304 2306
2312 6946
2320 6324
10513 5296
2331 2332
10525 5317
10529 5325
10534 5342
2350 2352
2352 3032
2354 3648
2354 2690
2354 2455
2354 5817
2354 3647
10548 5363
2362 2526
2367 2621
10560 5406
2369 2371
2372 2376
2374 2377
2375 2378
2379 2380
2381 2382
2389 8532
2391 2395
2391 2396
2391 2397
10584 5439
2393 2398
2403 4842
10596 5463
2405 3808
2408 8555
10602 5470
2411 3424
2412 2413
2416 2421
2416 2423
2423 4778
2425 2427
2431 2971
2433 7374
10626 5510
8598 2458
2438 4985
2440 2441
2440 2690
10109 4600
2447 3658
2455 3566
2457 2594
2459 3763
2460 5615
2471 2472
2472 8606
2480 2484
2480 7878
2482 4806
2483 2488
2483 2489
2484 2489
2487 2492
2498 8137
2505 2506
2507 2509
2509 2511
2517 2518
9977 4346
2522 7201
2523 3063
2530 2537
2530 2538
2530 7331
2531 2537
2531 2532
2533 2810
2540 8644
2544 2545
9982 4352
2550 2551
2551 3486
2552 5054
2557 8660
2564 5021
2565 3863
2566 8673
2571 2573
2573 4379
2577 3394
2577 6566
2577 3391
2578 3394
2578 3395
2581 8683
2582 2583
2584 4502
2585 2592
2585 2589
2585 2591
2586 2600
2587 2591
2588 2594
2588 8691
2589 2601
2591 2593
2593 2602
2596 6176
2597 2601
2600 6175
2602 6175
2606 3658
2608 3857
2612 2839
2620 8727
2621 2842
2626 2645
2634 8736
2639 2640
2640 8739
2645 3728
2645 3009
2645 3002
2645 3688
2651 3984
2653 8742
2660 8752
2666 4912
2667 2668
2670 8180
2672 2676
2673 2815
2674 8780
2679 5526
2683 2685
2685 3615
2688 2689
2689 5583
2691 2693
2691 2694
2695 2697
2703 2704
2706 2709
2707 2710
2714 2715
2715 3038
2722 2723
2745 2750
2747 7700
2748 2750
2751 2753
2760 2762
2765 3833
2765 3951
2767 3649
2767 8837
2767 3174
2773 8844
2775 8844
2776 4680
2776 4604
2780 4049
2780 4636
2781 2782
2786 2788
2798 2801
2802 2803
2803 5144
2805 6055
2806 2807
2816 2819
2819 3232
2830 3513
2831 2833
2833 3001
2838 8893
2849 3837
2850 7533
2855 2857
2858 2859
2864 2865
2866 4228
2873 3000
2878 2880
2883 2886
2895 2896
2895 8956
2902 3704
2902 3706
10041 4440
2907 2909
2913 5568
2917 3189
2920 7544
2925 5165
2927 7265
2929 8008
2932 2933
9645 3836
2942 7830
2943 9011
2943 4804
2943 6054
2949 7521
2949 3150
2974 3697
9567 3728
2986 3918
2989 5266
2989 2991
2992 2993
2994 2996
3000 3224
3001 6414
3002 3004
3003 3009
3003 3765
3004 9045
3005 3007
3009 3765
3018 3019
3020 3021
3021 3331
3032 3036
3040 9069
3041 3042
5969 5358
3048 9080
3048 3050
3049 3050
3051 5051
10066 4512
8701 4745
3057 4508
3059 9086
3061 3108
3062 3063
3078 3079
3080 3084
3080 3374
3080 3375
3091 9115
3099 3468
3099 4014
3100 3104
3102 6648
3102 4388
3104 3710
3104 5695
3106 3928
3106 5483
3107 3108
3108 4835
3109 3111
3118 7572
3121 3124
3124 4023
3128 3129
3129 9140
3136 3137
3140 3141
3144 3145
3144 3202
3144 4901
3145 9150
3153 3154
3154 4944
3154 4945
3156 5170
3158 3160
3158 9161
3162 9164
3162 9165
3163 3257
3169 9174
3181 3192
3182 3188
3183 3728
3183 3729
3190 3193
3192 3193
3195 4531
3204 9193
3204 9198
3265 3270
3223 3228
3225 3228
3226 9012
3230 7812
3234 9225
3240 3242
3243 3246
3248 3249
3250 6082
3252 3255
3254 6082
3260 3261
3261 3739
3261 3518
3266 3272
3276 9247
3284 9251
3288 3289
3290 4359
3291 5985
3294 3297
3295 5745
3295 3297
3302 3303
3303 3504
3309 3603
3309 4093
3311 3316
3320 9273
3323 4843
8294 3378
3329 7441
3334 5389
3336 3337
3340 5596
3342 9298
3346 8418
3351 3355
3353 6809
3354 3356
3355 3357
3357 3384
3357 3380
3359 6814
3367 9322
3369 9323
10205 4780
3374 3378
3375 3378
3380 9311
3381 6812
3382 3383
3385 3387
3385 4995
3391 3392
3393 6247
3410 5026
3410 3411
3412 3413
3414 3416
3414 4489
3415 4489
3415 3420
3417 4490
3433 3702
3436 9356
3439 9360
3439 3440
3439 8843
3448 8829
3453 9367
3454 9367
3465 3529
3465 3466
3466 5699
10135 4647
3469 3530
3477 3479
3478 3480
3478 3479
3481 9379
3485 3486
3498 7573
10144 4669
3523 5215
3528 3530
3539 9430
3541 5723
3542 3543
3545 9433
3545 4614
3558 4819
3325 9276
3571 5480
3575 4520
3579 9454
3580 9455
3583 9458
3592 5307
3592 4348
3597 9475
3597 4972
3606 5064
3606 9482
3607 5751
3609 9489
3617 3812
3650 7040
3658 4055
3658 5484
3670 7441
3676 5393
3676 5190
3683 9028
3688 7381
3695 6974
3699 9545
3709 5116
3715 3716
3716 4651
3717 3721
3730 3731
3731 3734
3732 3734
3736 3738
3744 4926
3749 9581
3752 9583
8818 4362
3769 4963
3771 5165
3774 3775
3775 9601
3784 3785
3787 3788
3789 5070
3795 3796
3805 6202
3825 4856
3826 3827
3831 3832
3847 5099
3853 8389
3858 3859
9949 4319
3876 3877
3878 9665
3885 9674
3885 4750
3887 4282
3897 4218
3903 9684
3912 3936
3914 3979
3922 6071
10213 4795
3947 3949
3952 7712
3954 4460
3956 3957
3963 3964
3969 3973
3971 9718
3973 5899
3976 8369
3982 4687
3992 9287
4011 9291
4016 4019
8863 4052
4028 4029
4043 7514
4043 4044
4047 4130
4049 4635
4052 4696
4060 4269
4060 4271
4074 9787
10238 4839
4091 6348
4097 5656
4114 4115
4117 4232
4117 9813
4140 5405
4791 8173
4176 4177
4180 6136
4193 5224
4199 4200
8893 4496
4214 6763
4241 4242
4244 9721
4268 5140
4268 6638
4273 7874
4275 9276
4276 4278
4277 4279
4287 4289
4300 4421
4305 5750
4317 4320
4317 7173
4318 4320
4318 4321
4320 7175
4323 4325
4324 4326
4327 4330
4336 4337
10289 4931
4399 4400
10291 4941
4411 4412
4414 7715
4415 4417
4418 4419
4422 5224
4422 5222
4447 6554
4460 4463
4481 4483
4502 4971
4521 4522
4522 4864
4529 6847
4553 10090
9616 5070
4557 4558
4567 4568
4567 4569
4567 7492
4568 7492
4573 4574
10320 4990
10321 4995
4587 9062
4590 9718
4595 4596
4597 4598
4601 4602
4668 4669
4671 8716
10336 5013
4675 10147
4695 5195
4713 5962
4716 6066
4724 4725
4729 6189
4734 6269
4759 4760
4761 6907
4772 10196
4773 4774
4783 4857
4793 7037
4811 4813
4814 4815
4822 5141
8997 5261
4839 5036
4840 4841
4844 4845
4849 10243
4857 4964
4884 4885
4890 4891
4892 4893
4894 4895
4895 7754
4905 10264
4908 6132
4909 4910
4912 4913
4913 10272
4924 6476
4927 4928
4928 10287
10382 5084
4950 4951
4979 4980
4998 4999
5020 10345
10399 5111
5049 5050
5060 5061
5064 9482
5076 7744
5086 5242
5090 5092
5136 7054
5158 5159
5174 6972
5179 5180
5192 10444
5196 6090
5204 5411
5216 5218
5246 10480
5252 5966
5259 10485
5268 6788
5284 5285
5296 5877
5297 5298
5301 5303
5323 5367
5323 10527
5326 5329
5327 5329
5334 5335
5350 10542
5357 10544
5374 5375
5389 10559
5539 6943
5429 5430
5451 10589
5471 5914
5508 5509
5513 7003
3211 8004
