1 1153
1 4001
1 3565
1 5774
1 4606
1 4535
1 185
1 986
1 4445
1 702
2 1290
3 10928
3 9092
3 870
3 1257
3 10
3 10380
3 1360
3 12567
3 3544
3 2201
3 9343
3 3487
4 297
5 1184
5 679
5 14260
5 1150
5 3727
6 2209
6 1497
6 7653
6 11558
6 7
6 7404
6 8527
6 15696
6 4081
6 4434
6 308
6 13239
6 3033
6 1786
6 5531
6 4061
6 3167
7 9834
7 2733
7 11950
7 4591
7 4434
7 3474
7 4885
7 1496
7 4793
7 1502
8 5537
8 15235
8 5259
8 6604
8 11503
8 658
8 1783
9 10
10 2098
13 9793
15 14656
15 15417
15 14660
15 12100
16 1216
16 2249
16 308
16 1438
16 879
17 1216
17 1817
17 884
17 500
17 11217
18 19
18 69
19 119
20 340
22 10659
22 1512
22 5612
22 8699
22 2748
22 3007
23 14873
24 576
24 5379
24 1268
24 62
25 1430
26 4672
26 625
26 1938
26 828
27 8669
27 581
29 17217
29 1475
29 4197
29 14983
29 5163
29 5165
29 2365
29 692
29 2520
29 2356
29 573
29 3454
29 2015
30 5760
30 5761
30 6754
30 2372
30 4918
30 653
30 3935
30 2768
30 2996
30 662
30 1047
30 1657
30 1210
30 5755
30 4765
30 31
31 1475
31 8517
31 4199
31 9160
31 828
31 5166
31 1459
31 9230
31 1432
31 1434
31 1050
31 3707
31 3708
31 1213
31 4885
33 427
33 6638
40 67
41 6754
41 11515
41 5764
41 1657
41 1721
41 3935
41 6993
41 2578
41 2996
41 662
41 5751
41 5753
41 4986
41 63
41 2780
41 5757
41 6473
41 4703
42 1798
42 939
42 397
42 429
42 308
42 6613
42 601
43 1346
43 635
43 1100
43 626
43 339
43 2871
43 5369
43 6235
44 1012
44 277
44 4902
46 12904
46 9321
46 4267
46 2092
46 11117
46 11118
46 397
46 405
46 218
46 1181
46 1822
47 49
47 17390
48 2277
48 2055
48 137
48 9631
48 272
48 3064
48 1268
48 7671
48 5208
48 10015
48 15389
48 11294
48 15455
49 6011
50 9622
56 7866
56 58
57 297
62 1268
62 2028
63 537
63 1647
63 9557
63 12457
63 11513
64 65
64 66
64 3868
64 1197
65 1539
65 2449
65 1961
65 3498
65 109
65 7088
65 1713
65 14067
65 4927
66 2028
66 5639
67 12129
67 4197
67 12285
67 4776
67 2548
67 565
67 439
67 14845
68 581
68 3374
68 13670
71 3581
71 78
72 16162
72 75
72 1747
72 1783
72 16280
72 8091
72 2237
75 78
75 79
78 18499
81 4355
82 275
82 443
82 85
83 84
84 8095
85 833
85 12354
85 9061
85 15442
85 16947
85 6419
85 6966
85 10583
85 476
85 9053
86 3017
86 3019
86 651
87 836
87 651
87 3116
87 478
88 3193
88 947
88 89
89 109
89 1436
89 1581
89 303
91 97
91 482
91 3783
91 5834
91 654
91 3448
91 6526
92 2249
92 2250
92 1843
92 1694
93 6336
93 896
93 2725
93 2246
93 16807
93 6624
93 8830
94 17094
94 8710
94 17095
94 7528
94 17100
94 6350
94 6353
94 8829
95 10274
95 2246
95 4328
95 148
95 346
95 3741
96 609
97 8833
97 8706
97 17094
97 17098
97 17099
97 6061
98 750
100 2181
100 1805
100 1071
100 660
100 4918
100 1623
100 9295
100 101
101 2243
102 1472
102 3289
102 13335
103 104
103 5968
104 18432
104 1386
107 16254
108 4352
108 7017
108 910
109 3016
109 398
109 401
109 14455
109 1594
111 10187
112 16744
112 7450
112 6301
112 1503
113 16852
113 16858
113 7956
115 7211
115 9476
115 7213
117 479
117 15442
117 118
117 887
117 570
117 1183
117 3482
117 4927
118 4768
118 1697
118 18470
118 2662
118 6332
118 1290
118 18475
118 8397
118 3024
118 10428
118 5687
118 827
118 9756
119 1569
119 762
119 6893
120 1571
121 2256
121 10642
122 613
122 1712
122 979
122 16501
122 13530
122 125
122 126
123 1026
123 741
123 391
123 5065
123 876
123 1746
123 3566
123 1490
123 407
123 13241
123 4222
124 125
125 4411
125 6341
125 6331
125 6333
125 6334
126 17537
126 2630
126 15308
126 13612
126 14386
126 5524
126 4831
126 9245
126 2623
127 994
127 998
128 5225
128 10131
129 480
129 1831
129 4776
129 1799
129 3020
129 302
129 248
129 8792
129 3385
129 3068
130 2046
131 673
131 133
131 10726
132 1569
133 9846
135 4522
135 299
135 10950
135 13590
136 8315
137 3167
137 6318
137 1599
138 139
138 12718
138 6950
141 1560
141 5738
144 13524
146 9084
147 16697
147 2249
147 959
148 1696
148 17904
148 2245
148 16181
149 2448
149 2441
149 946
149 16285
150 953
150 6754
150 2315
150 3724
151 5779
152 17904
152 16697
152 659
152 11971
153 13334
153 5868
153 4718
153 1078
153 3289
153 8858
153 1468
154 1686
158 275
158 12499
158 6783
162 246
163 860
165 169
165 2587
165 3115
165 6259
166 1057
166 276
166 4086
166 12766
166 4953
167 13408
167 16969
168 16394
168 7932
169 8928
169 3811
169 10152
169 10283
169 429
169 8525
169 7024
169 4786
169 4725
169 8727
169 2523
169 6620
170 8306
170 171
170 11300
171 10203
171 1754
172 306
173 4744
173 1153
173 4587
173 652
173 3219
174 1464
174 10976
174 6140
174 9693
174 5271
175 442
175 9662
177 2306
177 5931
177 484
177 3719
177 8971
177 9058
177 1359
177 1329
177 4211
177 2485
177 6079
177 1500
177 5118
177 191
179 9459
179 2844
179 467
180 18448
181 2440
181 2448
181 1795
181 2444
181 2447
182 10578
182 4428
185 188
185 449
186 187
186 188
187 5973
188 5189
188 14161
190 10756
190 5034
190 11504
190 3830
190 631
190 4377
190 14138
190 5599
192 11233
192 1252
192 11272
192 10454
192 5271
192 15036
192 3581
193 2147
193 2502
193 1351
193 618
193 850
193 4924
194 8568
194 9834
194 195
194 5366
194 15191
195 4872
196 199
197 11965
197 5476
197 16237
197 14165
198 8874
199 3140
199 5894
199 2471
199 16328
199 16329
199 12526
199 5105
199 12180
199 12852
199 1595
199 8895
200 3115
201 202
201 10572
206 208
206 9220
207 2810
212 2704
212 2948
212 5989
213 14698
213 7283
213 1774
213 5807
214 3856
214 3221
215 8512
215 9770
215 1012
215 1134
218 5808
218 772
218 2606
218 1301
219 9187
219 5894
219 4551
219 5960
219 12971
219 236
219 5421
219 2606
219 7986
219 1870
219 8187
220 10849
220 3858
220 12484
220 10862
220 13126
221 481
221 5451
221 1629
221 4990
222 1024
222 4129
222 2437
222 11177
222 12656
222 5906
222 11060
222 10295
222 8189
223 4525
226 306
226 853
227 1178
227 340
227 8461
230 232
230 381
230 2421
230 711
231 2177
231 1029
231 8545
231 6216
231 940
231 913
232 4025
232 235
232 377
234 889
234 503
234 2422
234 1023
236 2023
237 800
237 382
237 3471
237 6802
237 1749
237 444
237 381
237 862
238 1504
238 2309
238 4329
238 4330
238 4434
238 1078
238 1500
238 17471
239 6081
239 5539
239 7237
239 16455
239 1164
239 12146
239 1725
239 241
239 4434
239 14900
239 12957
243 3369
243 3596
243 5868
243 7273
244 3649
244 1443
244 10381
244 1871
244 1747
244 17139
244 6748
244 10111
245 1360
245 9801
245 1538
245 10583
245 9729
248 633
249 11247
250 4792
250 833
250 668
250 11213
250 9073
251 451
252 2227
253 5135
256 12898
256 425
256 11118
256 2927
256 1072
256 11569
256 275
256 3482
256 4927
256 1181
256 1183
257 427
258 7537
258 6081
258 855
258 829
258 5423
259 4316
261 2912
262 7872
262 4250
263 777
263 5050
263 5049
264 1095
265 8904
265 675
266 268
267 563
267 675
267 15110
268 1433
269 10754
269 10755
269 6059
270 5225
270 9882
270 1859
270 6851
271 2931
271 3188
272 4928
272 1904
272 7043
272 3909
272 4774
272 424
272 779
272 939
272 1682
272 8883
272 2455
272 16408
272 2617
272 1788
272 925
272 6783
275 7307
275 4235
275 2451
275 1554
275 11311
275 2067
275 7646
275 6166
276 5035
276 5527
276 8459
276 4332
276 1742
276 6803
276 9335
276 3987
276 3167
277 1024
277 1986
277 8267
277 9073
277 11526
277 785
277 11657
277 940
277 1105
277 7352
277 5275
277 7985
277 3743
278 2842
280 3472
282 8192
282 1043
282 1428
282 3349
282 1943
282 3229
282 7735
282 827
282 3648
282 1091
282 13512
282 16459
282 3021
282 8014
282 4302
282 1500
282 1374
282 484
282 3685
282 13798
282 9198
282 12051
282 3572
282 3064
282 7805
283 2060
284 2868
285 2867
285 7717
285 1747
286 16584
286 9553
286 7978
286 16586
288 2818
288 15387
288 1525
288 1567
290 15337
290 291
291 4257
291 490
291 4118
296 691
301 5858
301 5862
301 5863
301 12776
301 12775
301 12780
301 12578
301 12786
301 758
301 8285
301 8287
302 668
302 345
303 927
304 3032
304 7171
304 751
305 9048
306 1089
306 6884
306 7078
306 1447
306 4652
306 9688
306 4636
307 3744
307 6625
307 4770
307 6632
307 1833
307 6093
307 308
307 1080
307 6106
307 5531
307 6111
308 896
308 15361
308 4485
308 9354
308 16526
308 13971
308 10395
308 11804
308 414
308 6432
308 802
308 3113
308 10158
308 8241
308 4658
308 8245
308 10422
308 5685
308 449
308 13634
308 1861
308 966
308 6098
308 1236
308 5344
308 7523
308 13798
308 2278
308 4583
308 9198
308 18033
308 17140
308 1833
308 16381
310 1425
310 4043
310 5508
310 669
310 4933
312 9728
312 4832
312 4198
312 17958
312 3623
312 10986
312 4716
312 943
312 15248
312 2480
312 345
312 15226
312 5820
312 5694
313 9762
313 1605
313 7822
313 14064
313 3188
313 4887
313 5172
313 3967
313 6437
314 4728
317 10016
317 320
317 323
317 324
317 5317
317 1704
317 2890
317 2891
317 16780
317 9149
317 5320
317 13015
317 12184
317 9146
317 667
317 9148
317 3930
317 9151
318 319
319 6786
319 6021
319 1032
319 13834
319 5259
319 3987
319 1943
319 7065
319 7581
319 3105
319 5669
319 5672
319 9010
319 1599
319 10817
319 326
319 2633
319 3916
319 8402
319 1752
319 3167
319 14816
319 998
319 15850
319 6265
319 16893
320 323
321 7745
321 7751
321 7756
321 7763
321 4857
321 7743
322 17518
324 1492
324 1493
325 327
326 327
328 674
328 395
328 12623
328 1584
328 4306
328 10223
328 5053
328 8542
329 5705
329 1574
330 2438
330 5958
330 2505
330 15608
330 2461
330 6622
331 11785
331 485
332 333
332 4887
333 1640
333 789
333 5822
334 15931
334 1050
334 5139
334 1349
337 13604
337 6036
338 5931
338 2061
338 4209
338 4211
338 11160
338 729
338 5051
338 7772
339 4306
339 3228
340 2925
340 559
341 14590
341 11295
342 8368
342 343
344 8609
344 8514
344 10023
344 11212
344 814
344 7249
344 952
344 9396
344 953
344 663
344 7352
344 8921
344 11857
344 1787
344 3004
345 14017
345 5030
345 982
345 10297
345 572
346 5025
346 10274
346 10043
346 1860
346 3653
346 11974
346 5351
346 5346
346 1610
346 2245
346 387
346 653
346 1358
346 5391
346 1843
346 9527
346 665
346 2780
346 1727
346 575
349 11687
349 11683
349 11685
349 11679
350 4963
351 498
351 3851
351 3380
351 1957
351 17135
352 1328
352 7864
352 546
352 5620
352 7865
353 2099
356 3913
356 878
356 1399
359 1306
359 6364
359 4514
359 12519
361 363
362 10087
363 970
363 13917
364 4059
365 1268
365 4948
365 2773
366 17081
367 2942
367 3318
368 7161
368 426
369 578
369 18371
369 8604
369 458
369 855
369 8014
369 370
369 7381
369 791
369 3385
369 10428
369 2046
370 436
371 372
371 12213
375 8085
377 5705
377 5202
377 16914
379 5626
379 2938
380 2178
380 557
380 5200
380 5202
380 531
380 2903
380 602
380 3773
381 961
381 2594
381 3755
381 748
381 2191
381 7056
381 3473
381 2485
381 1750
381 4215
381 5658
381 639
381 2111
382 1251
382 7050
382 4363
382 8855
382 4091
382 2140
382 4093
383 2417
383 8438
385 14304
385 2745
385 5930
386 4168
387 10964
387 11972
387 11970
387 18463
390 3049
390 482
390 634
390 13157
391 8544
391 13167
392 2747
392 18197
392 2895
393 396
395 1731
395 773
395 8843
395 7051
395 4429
395 10098
395 983
395 4957
396 2272
396 2058
396 829
396 17559
397 400
397 798
397 541
399 802
399 809
399 3438
399 6835
399 2473
399 1818
399 5308
399 9183
400 403
401 4776
401 4551
402 929
402 931
402 541
403 6011
403 3654
403 17231
403 404
403 405
403 5967
403 13535
404 5308
404 3654
405 18536
405 5001
405 16330
405 811
405 2476
405 13937
405 3099
405 5308
405 541
406 2489
406 407
407 408
407 1023
409 3649
409 1826
409 11943
409 1456
409 2804
409 8406
410 3043
410 4101
410 13833
410 3114
410 1869
410 4210
410 13591
410 1753
410 4218
410 17258
410 3417
411 3649
411 1869
412 9696
412 3649
412 2912
412 623
412 6136
412 1213
413 4481
413 1540
413 12875
413 2804
413 5783
413 729
413 5882
413 1500
413 3967
414 5798
414 5097
414 1869
414 9102
414 4016
414 3377
414 4434
414 7449
414 5659
415 3849
418 1728
418 1185
418 4038
418 3017
418 3727
418 2192
418 3729
418 5330
418 5845
418 1487
419 6158
421 10368
421 1372
422 7328
422 2880
422 4486
422 4294
422 14410
422 9644
422 2639
422 10256
422 8532
422 3382
422 5524
422 9647
423 4592
423 9968
423 6420
424 1936
426 2449
426 602
426 14451
426 4219
427 10669
427 541
427 11345
428 16458
428 2971
429 2608
430 11904
433 467
434 16650
434 15291
434 5765
435 1556
437 1153
437 1138
437 1438
437 14222
437 2431
438 439
439 1057
439 8014
439 10120
439 10121
439 558
439 11215
439 3473
439 2740
439 5653
439 4041
439 3000
439 988
439 853
440 4368
441 676
443 18256
443 12333
443 14894
443 10320
443 1585
443 947
443 12334
443 952
443 7098
443 2140
444 4704
444 16835
444 1126
444 1319
444 1426
444 7548
444 6058
444 3004
444 12334
444 4017
444 3826
444 3123
444 9173
444 2024
444 668
444 9245
444 9886
445 18443
445 18444
445 11790
445 12051
445 5014
445 5015
445 4768
445 4513
445 17958
445 4283
445 1089
445 1730
445 1091
445 5703
445 840
445 14025
445 16459
445 16461
445 8279
445 4834
445 3044
445 4712
445 1257
445 7787
445 1943
445 8054
445 2046
446 6146
446 2343
446 18473
446 18471
446 2669
446 17230
446 10194
446 6030
446 1783
446 1486
447 4610
447 10395
447 4902
447 1351
447 508
447 2791
447 3987
447 9940
447 2486
447 3096
447 6265
447 10394
447 8859
447 1468
448 450
449 484
449 5251
449 1236
449 6885
449 486
449 3477
449 4617
449 3692
449 1746
449 16142
449 7215
449 9778
449 3123
449 2349
449 663
449 9092
449 3033
449 9093
450 11714
450 11971
450 11594
450 11710
450 11711
455 10121
455 7115
456 457
456 1611
456 7318
456 12846
457 865
458 1952
458 5281
458 939
458 7428
458 3046
458 1798
458 1799
458 4904
458 521
458 1611
458 13010
458 3861
458 1176
458 5280
460 2931
460 2402
460 2075
460 2930
460 8021
461 4417
461 3458
461 13218
461 1746
461 6739
461 1747
461 13213
462 2118
462 10583
463 5727
466 468
471 2258
472 784
472 2916
472 2949
472 17229
474 3583
476 477
478 1360
478 778
478 1251
479 7590
479 1607
479 3848
479 2124
479 4701
479 4145
479 6099
479 3572
479 2329
479 3229
479 5278
479 6357
480 578
480 3043
480 7876
480 15495
480 10888
480 17707
480 8620
480 9198
480 4815
480 5082
480 10577
480 18644
480 15573
480 3486
480 641
480 3385
480 3386
480 15803
480 3642
480 868
481 7051
481 7050
481 747
481 530
481 5783
481 634
481 4990
482 11524
482 2055
482 6536
482 7874
482 12181
482 5398
482 4887
482 1562
482 5658
482 2596
482 9777
482 9779
482 2876
482 830
482 1090
482 7882
482 16463
482 16468
482 10931
482 11739
482 5852
482 1379
482 13801
482 2795
482 3565
482 5742
482 6356
482 6526
482 11733
483 2883
483 2885
483 6502
483 4040
483 490
483 6636
484 3649
484 5095
484 4617
484 15742
485 4160
485 1440
485 487
485 2437
485 2087
485 3631
485 1841
485 5621
485 6356
485 6357
485 1047
485 3352
485 6201
485 7450
485 7449
485 4279
485 8030
485 2015
486 2082
486 11555
486 11308
486 4716
486 16341
486 12598
486 1211
486 1629
487 7626
487 6510
490 2337
490 877
490 2540
490 2954
490 17319
490 3916
490 4813
490 2221
490 6576
490 7960
490 1498
491 492
492 2129
492 967
494 4130
495 2913
495 5106
496 10949
497 1089
497 9441
497 6381
497 15702
497 4871
498 1699
498 17957
498 2824
498 16459
498 855
498 3064
498 4570
499 3219
499 4301
499 503
500 9275
500 15364
500 741
500 6502
500 1457
500 879
500 880
500 1750
500 8571
500 2365
501 2786
501 9695
501 2446
501 2455
502 9077
503 16928
503 1794
503 2534
503 1745
503 5015
503 846
503 9809
503 5492
503 953
503 663
503 3001
503 7898
503 980
503 9073
504 4738
504 1603
504 548
504 884
504 10023
504 5602
504 1034
504 2887
504 17676
504 3661
504 6799
504 3768
504 11213
504 9395
504 1748
504 1899
504 7352
504 11705
504 7355
504 17290
504 766
505 10023
505 5578
505 877
505 2288
505 9878
505 1500
508 578
508 2147
508 2015
508 1257
508 8942
508 10415
508 6803
508 5783
508 5050
508 3987
508 7357
508 8799
509 12699
510 2797
510 911
511 8014
514 4129
514 3943
514 1089
514 1799
514 4417
514 3023
514 1427
514 4438
514 3415
514 6753
514 1533
515 3371
515 4145
515 4146
515 4371
515 10456
515 17819
516 4768
516 12022
516 870
516 12010
516 14860
516 4365
516 2190
516 11536
516 1588
516 661
516 6806
516 1112
516 2650
516 12026
517 13034
517 16710
517 13031
519 12938
520 795
520 794
520 531
521 836
521 13637
521 1831
521 1799
521 4496
521 13047
521 1721
521 2269
521 1374
522 896
522 5702
523 10175
524 672
524 528
524 2067
524 5975
525 10882
525 15826
526 1961
526 4149
526 15913
526 1959
527 8513
527 5187
527 13868
527 528
527 953
527 3804
530 3806
530 631
530 2521
530 795
530 2238
531 833
531 1251
531 6058
531 7051
531 940
531 974
531 8437
531 794
534 539
536 8520
536 539
536 3831
536 7351
537 6754
537 6015
537 7080
537 6911
537 3935
537 943
537 656
537 5745
537 659
537 661
537 5753
537 1941
537 1657
537 538
537 5759
537 3708
538 14184
538 1938
538 2716
538 910
541 17264
541 1956
541 4133
541 1232
541 3729
541 8091
541 1180
544 2451
544 2045
544 5623
546 5630
546 6183
547 711
548 2887
548 11657
548 5652
548 1433
548 5275
550 12249
550 18460
551 1753
551 8227
555 1034
555 1155
555 578
556 557
557 6058
557 980
557 9593
558 3038
559 12525
561 4344
561 13843
561 13844
562 1635
562 6434
562 1483
562 6199
563 6434
563 4957
563 3638
564 908
564 1381
564 566
565 10507
565 4920
565 567
565 11160
565 767
566 7117
567 1036
567 14828
567 7027
567 1658
567 1659
567 798
568 3168
568 13825
568 17643
568 6098
568 2791
568 1225
568 4171
568 2337
568 17647
568 2578
568 1236
568 6101
568 6102
568 17656
568 17652
568 2618
568 700
568 4573
569 4146
569 3268
569 6510
569 5278
569 1575
570 753
571 1627
571 6084
572 573
573 15096
573 2140
573 1170
574 17354
575 4998
575 16040
575 1129
575 9966
575 3964
575 5309
576 6523
576 2741
577 3649
577 708
577 841
577 651
577 1433
577 4634
577 8570
578 1216
578 2449
578 840
578 988
578 1550
578 7119
578 980
578 3613
579 2480
579 11738
579 1499
579 1495
581 4324
581 17895
582 8051
582 9525
582 590
583 12784
583 9507
583 6470
583 6471
583 6480
583 6449
583 6450
583 5750
584 2885
584 14478
585 4545
586 3894
587 2129
587 4329
587 1079
588 1035
588 4974
588 1158
589 1632
589 6534
589 6631
589 3785
589 3786
589 967
589 7596
589 4974
589 5425
589 9746
589 5524
589 6537
589 4765
591 1048
591 1916
591 12366
592 9441
592 11362
592 2565
592 3014
592 7566
592 5424
592 594
592 5907
592 13270
592 12407
592 9436
592 16837
593 4523
593 1068
593 8909
593 11469
593 595
593 10420
593 3228
593 5725
593 2750
594 13808
594 1254
594 14599
594 5035
594 4430
594 5423
594 6514
594 1486
594 12534
594 7385
594 7567
594 991
595 5514
595 10404
596 1334
600 3149
601 3043
602 1772
603 992
603 8407
604 4368
604 5410
605 7009
605 11530
605 5715
605 2934
605 606
605 607
606 5714
607 608
608 2433
608 16014
608 3087
608 2527
608 1503
610 13686
611 1121
611 614
611 763
611 17445
611 4166
612 3297
612 613
612 14974
613 763
613 2565
613 879
614 1888
618 5120
618 3594
618 4263
620 7768
620 7698
621 14788
621 14789
621 9862
621 5863
621 4810
621 18317
621 7117
621 5854
621 13183
622 2052
623 8522
623 4607
623 5726
623 2999
624 3160
624 12474
625 7257
625 627
626 1829
627 1840
627 10826
627 8933
627 8119
628 2016
628 1800
628 17032
628 3635
628 2484
628 2359
628 2360
628 3161
629 9971
630 778
631 1024
631 4738
631 1269
631 1934
631 1352
631 1962
631 779
631 14190
631 14005
631 14291
631 950
631 3640
631 9854
631 3743
633 4440
633 1051
634 10160
636 640
636 637
636 639
637 641
637 1764
637 4208
637 4210
637 2008
638 641
638 4091
638 3753
638 3350
638 2328
638 5819
639 4067
639 3507
639 1750
639 7770
641 2723
641 5947
641 4591
641 7323
642 644
644 6840
644 18371
644 9446
646 648
646 4433
646 4577
647 648
648 18053
648 18214
648 18215
648 18062
649 3472
649 913
649 2211
649 3473
650 1442
651 5288
651 1811
651 2296
651 794
651 2299
651 12031
653 6754
653 1542
653 3114
653 7756
653 1647
653 2801
653 2997
653 665
653 2780
654 6530
654 3779
654 4485
654 5931
654 6543
654 5713
654 1074
654 661
654 663
654 665
654 6079
655 5761
655 5764
655 6913
655 13804
655 5011
655 5746
655 4815
655 5745
655 2578
655 5747
655 5749
655 662
655 6264
655 1778
655 667
655 5756
655 2997
656 5761
656 6754
656 4043
656 961
656 3240
656 13804
656 5751
656 1868
656 10415
656 2801
656 1778
656 4081
656 663
656 7576
656 3930
656 4988
656 9145
656 11263
658 5760
658 2209
658 4987
658 5756
658 4986
658 1786
658 18481
658 5754
658 667
658 2780
658 5757
658 5759
659 5760
659 3087
659 5011
659 9890
659 7470
659 1071
659 4918
659 6851
659 5444
659 9160
659 1355
659 9548
659 2126
659 1874
659 10318
659 2134
659 2135
659 7769
659 9694
659 4067
659 5744
659 5752
659 5754
660 11104
660 5185
660 5445
660 1646
660 4815
660 6993
660 4530
660 6078
660 663
660 943
660 5755
660 4988
660 13341
660 13342
661 5792
661 7876
661 12006
661 1805
661 3630
661 5423
661 7056
661 13846
661 4919
661 8667
662 961
662 4197
662 3847
662 6071
662 5783
662 665
662 1787
662 893
663 15108
663 2309
663 6593
663 11657
663 2578
663 5016
663 5764
663 1950
663 6815
663 16928
663 9890
663 3114
663 5931
663 1071
663 16177
663 2997
663 950
663 6078
663 10562
663 8902
663 1351
663 8265
663 6135
663 15698
663 6542
663 11104
663 11490
663 2276
663 2279
663 4456
663 9581
663 12143
663 1648
663 5536
663 5750
663 17018
663 11515
663 1660
663 5759
664 4067
664 3708
664 1868
664 18481
664 2549
664 4918
664 4988
665 5761
665 9102
665 10561
665 3112
665 2801
665 5173
665 3707
665 4766
665 4703
666 6528
666 2209
666 3777
666 3114
666 3783
666 4205
666 6543
666 5011
666 5173
666 5751
666 6526
666 8501
667 10561
667 2723
667 14217
667 9548
667 2768
667 5747
667 5748
667 5752
667 11732
668 1024
668 6912
668 3464
668 9102
668 5011
668 9884
668 16928
668 960
668 1576
668 12333
668 7987
668 950
668 7352
668 4288
668 11212
668 1868
668 11213
668 2126
668 980
668 3416
668 7769
668 3930
668 2780
668 3935
668 2279
668 1645
668 12328
668 3708
669 8548
669 1707
669 2220
669 3952
669 2261
669 2170
669 5557
670 7114
670 14762
670 5995
670 3653
672 899
673 4667
673 2874
673 7727
675 1760
675 1089
675 1483
675 1584
675 882
675 1374
676 677
681 2041
682 2041
683 685
687 11905
687 689
688 11902
689 16577
692 7803
692 7534
693 2921
693 2492
694 1730
694 1731
694 10678
694 9784
694 3801
694 5658
694 11359
694 8735
700 4904
700 813
700 5742
700 2149
701 4902
702 3083
704 14899
704 1027
704 3245
706 884
707 890
707 3396
709 10122
709 1349
709 8502
710 1388
711 3683
713 980
713 4587
713 5652
713 3613
713 2269
716 17810
716 8595
716 718
717 722
717 718
719 720
719 14707
719 1166
721 17809
721 14709
724 1485
724 1651
724 7517
724 3125
726 8760
726 3942
728 2427
728 3643
728 734
729 4601
729 4708
729 999
729 3111
729 4617
729 5355
729 2220
729 1725
729 1556
729 8022
729 12009
729 2900
729 2292
729 5499
729 5500
730 1395
731 4625
731 1586
731 4089
731 1588
731 734
731 3545
731 17433
731 1437
731 5822
731 11637
732 3942
737 10418
737 5428
738 8545
738 6404
738 741
738 2984
738 2477
738 1711
738 884
738 886
738 18491
738 9980
739 8904
739 8545
739 9980
740 1889
740 8546
740 2599
740 2984
740 12073
740 1034
740 880
740 12072
740 15188
741 1633
741 3238
741 1640
741 1978
741 5437
741 6224
741 1977
741 2170
741 5882
741 2431
744 745
745 7470
748 13798
748 840
748 8620
748 13967
748 1428
748 13206
748 855
748 6233
748 4283
749 980
749 868
750 1435
750 10636
750 754
750 8378
750 8379
753 801
753 1186
753 778
753 7535
753 5072
753 9755
753 5020
753 5757
755 8768
755 4928
755 12897
755 8728
755 1180
755 18367
756 2913
756 15598
756 5830
760 11432
760 1335
761 5990
763 2921
763 7952
763 9859
763 8382
764 4165
764 3038
764 10119
766 10600
766 886
766 3848
766 9581
766 878
766 9775
766 9784
766 1747
766 1236
766 5653
766 6742
766 2807
766 7572
766 7995
766 7996
767 1640
767 5451
767 2123
767 1291
768 4226
768 1499
768 2133
769 3907
770 1440
770 9328
770 5092
770 2662
770 2128
770 9331
770 9333
770 9335
770 3582
770 830
771 15185
771 3003
771 9631
772 11920
772 10877
772 3039
773 1441
773 1126
773 1574
773 1128
773 18136
773 3000
773 15578
776 5289
776 2207
777 16664
777 9769
777 8505
778 800
778 1005
779 2700
779 1005
779 1613
779 10097
781 6434
781 4551
781 5960
781 10697
781 8010
781 8011
781 8012
781 783
781 3765
781 15645
784 2617
784 1778
785 6818
785 6504
785 16107
785 1230
785 5275
786 1433
786 1251
788 11751
788 8740
788 11541
788 4447
789 1640
789 6510
789 5681
789 5333
789 1049
789 13469
790 900
792 4282
792 2087
793 4606
793 4564
793 4430
793 4902
793 6093
798 2025
798 810
798 3743
799 803
799 6868
800 1184
800 2881
800 1346
800 933
800 2470
800 11634
800 2093
800 3698
800 1400
800 5436
801 2474
801 2476
801 868
802 929
802 2471
802 2324
802 1721
803 1196
804 3140
804 1285
804 7047
804 808
804 9321
804 8655
804 9448
804 6834
805 932
805 18533
805 9183
805 18535
805 1225
805 2474
805 6572
805 9714
805 14799
805 10193
805 6834
805 9713
805 3099
805 7614
805 933
806 929
806 811
806 2471
806 18534
806 809
811 2473
811 6835
813 18562
813 18565
813 2887
813 18569
813 11213
813 950
813 2296
813 6654
814 1024
814 4257
814 15212
814 1711
814 1745
814 10772
815 16408
815 817
815 6058
815 10180
815 5631
816 17648
816 17641
816 5492
816 17649
818 5223
819 3166
820 5708
821 6984
821 6978
821 6980
822 9873
822 6983
822 6981
822 5709
822 6977
823 9307
823 9310
825 5129
825 6983
825 3661
825 6977
825 12575
826 6984
826 13663
826 6987
826 8221
826 6989
827 16460
827 4301
827 1109
827 7547
828 896
828 6667
828 914
828 1459
828 3547
829 901
829 961
829 1032
829 4106
829 2059
829 1475
829 11536
829 10897
829 8211
829 5013
829 6551
829 14746
829 7323
829 7582
829 5791
829 1440
829 5539
829 3991
829 3628
829 12079
829 11096
829 10420
829 1078
829 1079
829 2104
829 8628
829 7613
829 6078
829 10817
829 963
829 8859
829 1607
829 12009
829 7394
829 9809
829 9939
829 2264
829 1503
829 6242
829 12005
829 12008
829 4329
829 6762
829 1260
829 12023
829 1265
829 1012
829 9335
829 10616
829 12028
829 12029
830 2272
830 963
830 6281
830 2667
830 5742
830 8623
830 6552
830 10394
830 6555
830 6526
831 5792
831 5793
831 2087
831 12009
831 10890
831 2059
831 5868
831 4530
831 1263
831 2578
831 12019
831 12007
831 12024
831 6265
832 10470
832 3183
832 9329
832 4564
832 3989
832 3130
832 4111
833 2271
836 14778
836 10589
838 3598
840 2218
840 1730
840 7805
840 2046
840 5758
840 1661
841 2020
841 5617
841 1089
841 10929
841 2131
841 6071
841 856
843 1463
846 18656
846 9378
846 1609
846 1386
846 1835
846 14003
846 2933
847 4138
847 1346
848 10778
849 10137
852 1870
852 5097
852 2828
852 6093
852 17678
852 13966
853 10393
853 863
855 6817
855 3043
855 17284
855 7590
855 7464
855 7466
855 1939
855 3216
855 1891
855 1941
855 4150
855 1943
855 6233
855 1628
855 5034
855 4990
855 2019
856 3745
856 2033
856 6054
856 9729
856 2733
856 2413
856 2896
856 2801
856 3472
856 5811
856 5396
856 4150
856 4413
856 4990
856 14975
857 15781
858 2658
859 12528
859 1310
859 1631
865 5410
865 6885
865 10987
865 3126
865 2455
866 1937
867 4740
867 1894
867 881
867 3633
867 1399
867 6495
868 1891
868 8676
868 2273
868 9448
868 2633
868 2471
869 1675
869 1771
870 13846
870 10890
870 10003
870 2326
870 2081
870 6053
870 7601
870 11560
870 16304
870 10929
870 2485
870 4279
870 4769
870 5706
870 2402
870 16341
870 7259
870 9824
870 6242
870 12009
870 3179
870 12012
870 1008
870 12017
870 12018
870 3731
871 8232
871 1007
871 7656
871 11029
871 1753
871 5785
871 892
871 6431
872 17369
872 5522
872 12134
873 10040
875 8611
875 878
876 6628
876 3653
876 3848
876 1803
876 878
876 879
876 9777
876 882
876 884
876 9782
876 2171
877 17316
877 1319
877 5773
877 881
878 5440
878 9725
879 5188
879 17529
879 17524
879 8571
880 883
880 3927
880 1816
880 3924
881 886
881 1542
882 2595
882 967
882 7436
882 13587
882 2365
882 5535
883 1251
883 1192
883 1034
883 1711
883 1491
883 10040
883 2431
883 2365
883 1438
883 1631
884 1888
884 1889
884 15908
884 3186
884 1438
884 6650
884 2430
884 3733
885 1760
885 14884
885 1712
885 9235
885 2710
885 6071
885 2329
885 11866
885 990
886 8326
886 8327
886 3082
886 1127
886 5900
886 8542
886 5015
888 2529
888 4283
888 15588
888 10024
888 5004
888 4043
888 3084
888 10415
888 953
888 7587
888 2100
888 2261
888 9814
888 2329
888 4376
888 5209
888 5012
888 3599
888 4084
888 1311
890 12001
890 12002
890 4934
890 11038
892 8520
892 16585
892 13004
892 5585
892 8502
893 11334
893 11558
893 7404
893 4472
893 1874
893 2134
893 7896
893 953
893 2426
893 10076
894 1354
894 2983
894 7805
894 1798
894 13967
896 12807
896 6667
896 7565
896 15504
896 15506
896 2328
896 5158
896 12970
896 5567
896 4416
896 6094
896 1112
896 5852
896 10256
896 12009
896 12018
896 12020
896 3945
896 12027
896 11646
897 1635
897 5379
897 2409
898 1426
898 1747
898 7718
900 7019
901 8376
901 9801
901 4659
901 1110
902 4659
902 2662
904 12200
904 5898
904 7405
904 2895
905 6536
905 3786
905 3783
905 6526
905 1167
906 3829
907 2624
907 1126
907 3624
907 4716
907 7823
907 11857
907 2163
907 3734
907 3736
907 3486
907 4831
908 6624
908 10339
908 2724
908 6632
908 7660
908 18013
909 1440
909 6402
909 5325
909 17525
909 17529
909 5087
911 10582
913 3498
913 945
913 5652
913 981
913 2269
914 1648
914 15196
916 6822
917 10651
923 5116
925 1433
925 1294
925 13583
926 4448
926 9903
927 11975
927 12260
928 930
928 933
928 9321
928 8463
928 6832
928 4916
928 1822
929 2736
929 9428
929 9431
934 8693
937 2018
937 2467
937 3528
937 3529
937 3532
937 2142
937 3519
940 7050
940 1105
940 7986
940 983
940 2299
940 10108
943 5760
943 11721
943 3114
943 18573
943 1646
943 1805
943 16049
943 1778
943 2997
943 3481
943 1533
943 5757
943 10302
943 2143
944 946
946 3000
946 15948
946 13590
947 4166
948 6584
948 11858
948 11859
949 5387
949 1388
950 17473
950 4738
950 2337
950 6799
951 12896
951 4708
951 3538
951 3602
951 3188
951 4085
951 953
951 3806
952 2368
952 2337
952 3653
952 1382
952 1803
952 1006
952 4222
952 2462
953 1284
953 3461
953 3849
953 3416
953 5653
953 3865
953 3743
953 7980
953 1841
953 14005
953 3004
953 10941
953 1474
953 6216
953 11213
953 10198
953 6799
953 1629
953 2531
953 1517
954 5386
954 5387
954 3148
954 7566
955 1168
955 11939
955 1167
956 3392
956 5187
956 5608
956 5609
956 3338
956 6382
956 6388
956 12567
956 10008
956 2845
957 2792
957 958
959 4481
959 10274
959 18533
959 11149
959 2533
959 1805
959 1358
959 3741
959 5232
959 9178
959 5242
959 3503
959 2077
959 3134
959 18175
961 10373
961 4748
961 11536
961 3348
961 6815
961 4006
961 5545
961 3628
961 6079
961 12993
961 964
961 14406
961 15179
961 8527
961 2553
961 3546
961 7259
961 6239
961 5526
961 11367
961 1386
961 12012
961 12016
961 4082
961 7029
961 12023
961 6777
961 16125
961 3710
962 1827
962 13764
962 13770
962 3949
962 7186
962 6068
963 1697
963 1254
963 4865
963 2668
963 3439
963 3766
963 3991
963 5564
966 6628
966 6534
966 5158
966 1192
966 3180
966 1870
966 1935
966 16656
966 968
966 6098
966 5526
966 18071
966 16638
967 11267
967 6852
967 1637
967 11878
967 1192
967 2349
967 1425
967 5524
967 5525
967 5526
967 17330
968 1632
968 4954
968 6079
968 6730
968 10027
968 3916
968 5453
968 18768
968 9396
968 10590
968 5015
968 9240
968 5524
968 5690
968 6747
968 2588
968 5882
968 11294
968 1087
969 3033
969 4279
969 1007
970 4080
970 11494
970 6094
970 1872
970 3679
972 1483
972 1694
974 8546
974 1539
974 4612
974 8541
974 9971
974 2787
974 2269
975 2520
975 10097
979 6840
979 4932
979 8884
979 2015
980 11526
980 6044
980 2521
980 13583
980 14291
980 10772
980 8921
980 9755
980 3498
980 9593
981 1538
981 6058
982 1210
982 1534
983 17542
987 2235
987 3215
988 9552
988 2249
988 1360
989 12528
989 10914
990 1889
990 9980
991 5412
991 1254
991 10024
991 4329
991 15084
991 4718
991 8947
991 10998
991 13720
991 996
992 12608
992 11393
992 12043
992 5412
992 10785
992 2452
992 8799
992 8946
992 8436
992 5081
992 3289
992 18010
992 6815
993 9768
993 6513
993 1004
994 6528
994 8291
994 4109
994 6100
994 5657
994 8414
995 1000
995 1003
996 8984
997 1001
997 1003
997 17838
997 1493
997 8982
997 8983
997 11160
997 9913
997 7132
998 7232
998 7012
998 999
998 1004
998 12047
998 6617
998 7065
999 6528
999 1003
999 5101
999 1074
999 2550
1001 16306
1001 3685
1001 8765
1002 8981
1002 6718
1003 12046
1005 1451
1005 3268
1005 4617
1005 5016
1005 2271
1006 2332
1007 11010
1007 1827
1007 9258
1007 15180
1007 4194
1007 15375
1007 5458
1007 6715
1008 11203
1008 8044
1008 4718
1009 1010
1009 3059
1012 6915
1012 4902
1012 17068
1012 2221
1012 11857
1012 3477
1012 15448
1012 10345
1013 6594
1013 10599
1013 7404
1013 9424
1013 3410
1013 7350
1013 11743
1014 5943
1016 1499
1016 4198
1016 1431
1017 15602
1017 2780
1019 4043
1019 14396
1019 3573
1019 3054
1021 3554
1021 5669
1021 3477
1021 3177
1021 8141
1021 5039
1021 11541
1021 1941
1021 11993
1021 1349
1022 14532
1023 3653
1023 1158
1023 1192
1023 1138
1023 16501
1024 1539
1024 3849
1024 4483
1024 6808
1024 3869
1024 15390
1024 4257
1024 17059
1024 12326
1024 7464
1024 11052
1024 4657
1024 7986
1024 2606
1024 5058
1024 16835
1024 5409
1024 2766
1024 15311
1024 1744
1024 9943
1024 7129
1024 2523
1024 9186
1024 2787
1024 2532
1024 2533
1024 1256
1024 11766
1024 5630
1024 5653
1025 14969
1025 1586
1025 4475
1025 15730
1025 5109
1026 1446
1027 2883
1027 1028
1027 3472
1027 3348
1027 15480
1027 4990
1028 1092
1028 5636
1028 2886
1029 1539
1029 1575
1029 6024
1029 1050
1029 11547
1029 1980
1029 1722
1030 1090
1031 6114
1032 3172
1032 5637
1032 7047
1032 1704
1032 6077
1032 1034
1032 1899
1032 1629
1032 9328
1032 5016
1032 1427
1032 2885
1032 6021
1032 4932
1032 2364
1034 2131
1034 2598
1034 15436
1034 5273
1034 8859
1035 1158
1035 5770
1035 1489
1035 1299
1035 1433
1035 8510
1036 4112
1036 1295
1036 4207
1036 4221
1037 4212
1038 7464
1038 7466
1039 11840
1039 16994
1039 11746
1039 7959
1040 10088
1040 11745
1041 2624
1041 4704
1041 7049
1041 6636
1041 7986
1041 1869
1041 1392
1041 1042
1041 4467
1041 9173
1041 6587
1042 8786
1042 5225
1043 3105
1043 1699
1043 2633
1043 2218
1043 7715
1043 3602
1043 13971
1044 7582
1044 1045
1044 8694
1044 2463
1046 8609
1046 12547
1046 2219
1047 14013
1047 5168
1047 2520
1047 1049
1047 1210
1047 7322
1047 2527
1048 2019
1048 2934
1049 1506
1049 3747
1049 3274
1049 2075
1049 4765
1050 6308
1050 5714
1050 2935
1051 11614
1052 14185
1052 1122
1052 1870
1052 12223
1053 18127
1053 6885
1053 15951
1054 12527
1055 6696
1055 8297
1055 2891
1055 8300
1055 6677
1055 6847
1056 2208
1057 4863
1057 4331
1057 8604
1059 1060
1065 1066
1065 8269
1066 5996
1066 10357
1066 8193
1069 10035
1069 5996
1069 3157
1070 13043
1071 9859
1071 11302
1071 3305
1071 1805
1071 8643
1071 3538
1071 6717
1071 6718
1071 4703
1072 12897
1072 6891
1072 7873
1072 8872
1072 7401
1072 11115
1072 2451
1074 6024
1074 4485
1074 10694
1074 3784
1074 3276
1074 3281
1074 3787
1074 3788
1074 8911
1074 9329
1074 5746
1074 10679
1074 5852
1074 1439
1075 2416
1075 7912
1075 12962
1075 4303
1076 3938
1076 1077
1076 15174
1077 2564
1077 15314
1078 12291
1078 3180
1078 6541
1078 17681
1078 12051
1078 3232
1078 3239
1078 10024
1078 7596
1078 5425
1078 1080
1078 7239
1078 7626
1078 13651
1078 9428
1078 2261
1078 6102
1078 10458
1078 13534
1078 6239
1078 15588
1078 1260
1078 9328
1078 4607
1079 17055
1079 6815
1080 2341
1081 17032
1081 7618
1082 6773
1082 4887
1083 7228
1084 15416
1084 10200
1085 6147
1085 4556
1087 6051
1087 2095
1087 3248
1087 15607
1087 5082
1087 3197
1087 7807
1089 15520
1089 3046
1089 17764
1089 13798
1089 2662
1089 5015
1089 4658
1089 4430
1089 3216
1089 7095
1089 3544
1089 17284
1089 4766
1089 15519
1090 3177
1090 6281
1090 7095
1090 3853
1090 4367
1090 2356
1090 1374
1090 3785
1090 6554
1090 10462
1091 3455
1092 3848
1092 1209
1092 1450
1093 5241
1093 10564
1094 1095
1095 16864
1095 8681
1095 4010
1095 16876
1095 1096
1095 6483
1095 5843
1095 16874
1095 16863
1097 2592
1097 1098
1097 2483
1097 3287
1097 3160
1097 8522
1098 2484
1099 6402
1099 2245
1099 3239
1099 14474
1099 1715
1099 1851
1099 2780
1099 10942
1099 5349
1100 1778
1100 1196
1101 17560
1101 2676
1104 1252
1105 3464
1105 4777
1106 3344
1106 14593
1106 1812
1107 1112
1107 3126
1107 6190
1108 15561
1108 2458
1108 11237
1108 11245
1110 11200
1110 13019
1112 4416
1112 15502
1112 15504
1112 10043
1113 1115
1119 2112
1119 2273
1119 3625
1119 1120
1119 14587
1119 4751
1121 3858
1121 2102
1121 7002
1121 3964
1121 5694
1122 1592
1122 11533
1124 1125
1126 4832
1126 1633
1126 17154
1126 1697
1126 2024
1126 11529
1126 11052
1126 2765
1126 12368
1126 16216
1126 2547
1126 8212
1126 12342
1126 3001
1126 6232
1126 5172
1126 2589
1127 8542
1127 10348
1127 16134
1127 5167
1129 6848
1129 2887
1130 2528
1130 4378
1130 1131
1130 3605
1130 9391
1131 4386
1131 12667
1131 3987
1131 1240
1131 3739
1131 7135
1132 4420
1132 2575
1133 11693
1133 1134
1134 1241
1134 2311
1134 5260
1134 3603
1134 3604
1134 5657
1134 7258
1137 2408
1137 3160
1137 11708
1138 5955
1138 1574
1138 1640
1138 6224
1139 18256
1139 1282
1143 4459
1143 10180
1144 9084
1146 13423
1150 5280
1150 1184
1150 12902
1150 1354
1150 6891
1150 11116
1150 11117
1150 11118
1150 1597
1150 11120
1150 5294
1150 1400
1150 1181
1150 12629
1151 5508
1152 2608
1152 1154
1152 5508
1152 10594
1152 4634
1153 1349
1153 12976
1153 1627
1154 11617
1154 11775
1155 9191
1155 3113
1155 14606
1155 4763
1155 2269
1157 2298
1158 5893
1158 3502
1158 13650
1158 4869
1158 7672
1158 1631
1159 1491
1160 9828
1161 5001
1161 9350
1162 13054
1164 2692
1166 1167
1166 1168
1166 4530
1166 3221
1166 8406
1167 2272
1168 18299
1168 1969
1170 5954
1170 5167
1170 4725
1170 5947
1170 7615
1173 1717
1175 2129
1176 9313
1176 13535
1176 1183
1177 1184
1178 15241
1178 4916
1178 16997
1178 14271
1179 4540
1180 7873
1180 1188
1180 12907
1180 16624
1180 11118
1180 1232
1180 12900
1181 4929
1181 12900
1181 15432
1181 12906
1181 16623
1181 9808
1181 12250
1181 3727
1181 12252
1182 1232
1182 1955
1183 1184
1183 12898
1183 1187
1183 4929
1183 12905
1183 16554
1183 2607
1183 3866
1184 1955
1184 3731
1185 4737
1185 12901
1185 12902
1185 15432
1185 12907
1185 11116
1185 1186
1185 2191
1185 3729
1185 16603
1186 1400
1187 4556
1188 1936
1188 2200
1191 15265
1191 2834
1192 1254
1192 5314
1192 11779
1192 11910
1192 1736
1192 13097
1192 5228
1192 9901
1192 4861
1192 15443
1192 6739
1192 5535
1192 13525
1192 15853
1192 17561
1192 4026
1192 6813
1195 1977
1195 17035
1196 1777
1196 4466
1197 16347
1204 14816
1204 10365
1209 1450
1210 2433
1210 5718
1210 12297
1210 5006
1210 5011
1210 11160
1210 1561
1210 3756
1210 1349
1210 8021
1210 6745
1210 6621
1210 1506
1210 1646
1210 4591
1210 2549
1210 5754
1210 5755
1210 3708
1211 1697
1211 1636
1211 3112
1211 10129
1211 1534
1213 9200
1213 5282
1213 8743
1213 4523
1213 5410
1213 2480
1213 14993
1213 12562
1213 3507
1213 1365
1213 8922
1214 3124
1214 3486
1215 2189
1215 4455
1216 12548
1216 2601
1216 2936
1218 3172
1223 2636
1223 11933
1224 6017
1224 1873
1224 9778
1224 3128
1224 6108
1224 4573
1227 1228
1228 2770
1228 11324
1229 5432
1229 8393
1229 3763
1229 1596
1229 5431
1230 11239
1233 1234
1234 12635
1236 13516
1236 12557
1236 15699
1236 16469
1236 9780
1236 4955
1236 4252
1236 17022
1236 5941
1238 15082
1238 12892
1238 3197
1238 12910
1239 10625
1240 3464
1240 5458
1240 5592
1240 9145
1240 1242
1240 6495
1241 4074
1241 4078
1242 3200
1242 6785
1242 14658
1242 14661
1242 17899
1242 7406
1242 4082
1242 12403
1242 3739
1242 8767
1250 13947
1251 14048
1251 8453
1251 1975
1251 4913
1251 2583
1251 7909
1252 10454
1252 17295
1254 2578
1254 8728
1254 6044
1254 2589
1254 7070
1254 9127
1254 3369
1254 12079
1254 7091
1254 10420
1254 6200
1254 10298
1254 10427
1254 11454
1254 4935
1254 2128
1254 1489
1254 9428
1254 2261
1254 2774
1254 4440
1254 7385
1254 3440
1254 14973
1255 2132
1256 2849
1256 2498
1256 7673
1256 5878
1256 15463
1256 2824
1256 6153
1256 4298
1256 11218
1256 5970
1256 12371
1256 1750
1256 15257
1256 11801
1256 2501
1257 2272
1257 1488
1257 1351
1257 10890
1257 12023
1257 1260
1257 6094
1257 2128
1257 6803
1257 8942
1257 6806
1257 12019
1257 12024
1257 12027
1258 1262
1259 1265
1259 2134
1260 7926
1260 7601
1260 6762
1260 2059
1260 5903
1260 6897
1260 6265
1260 8858
1260 5423
1260 3484
1260 1503
1261 1264
1261 7777
1261 2578
1261 5092
1262 2661
1262 11111
1262 5035
1262 1486
1262 11000
1262 5370
1262 2666
1262 12042
1262 2495
1263 6240
1263 8387
1263 10411
1263 10415
1263 1265
1263 4031
1263 4028
1264 8853
1265 2272
1265 2662
1265 3847
1265 11560
1265 9225
1265 2220
1265 9719
1265 12016
1265 2485
1265 15497
1265 12025
1265 2988
1268 12994
1269 16322
1269 4932
1269 3685
1269 2055
1269 13512
1269 5561
1269 11964
1269 18206
1270 7442
1270 2763
1270 8031
1273 9890
1273 1274
1273 5789
1275 3061
1275 4215
1276 11936
1276 2426
1277 1571
1278 6953
1278 6969
1279 1312
1279 4320
1280 6275
1280 3204
1280 13224
1280 4714
1280 4174
1280 6287
1280 12762
1280 8655
1280 17276
1280 6890
1282 6074
1282 4957
1283 3114
1283 1450
1283 8860
1283 8514
1283 6799
1284 5056
1284 18563
1284 18569
1284 4409
1284 3453
1285 2472
1285 5001
1285 18536
1288 1329
1289 2272
1289 10394
1289 7063
1290 7132
1291 5156
1292 3464
1292 2134
1292 4735
1293 3554
1293 3964
1293 7215
1293 4725
1293 16278
1293 2807
1293 3129
1293 1500
1294 2077
1294 8437
1294 2104
1294 7355
1294 1500
1295 2880
1295 7714
1295 4212
1295 6201
1295 5850
1300 2589
1300 5829
1301 7137
1301 3395
1301 3685
1301 8678
1301 3921
1301 4933
1301 12918
1301 6809
1301 6810
1301 2501
1303 2171
1305 9234
1305 1306
1306 6465
1306 6466
1306 6467
1306 9508
1306 4966
1306 6442
1306 6444
1306 11604
1306 7509
1306 7513
1306 9500
1306 6457
1307 13403
1309 5569
1309 5640
1309 6037
1309 2710
1309 9239
1309 12958
1309 3239
1309 8745
1309 6081
1309 3783
1309 8013
1309 4561
1309 6098
1309 2646
1309 6104
1309 2014
1309 1634
1309 6630
1309 6632
1309 9581
1309 3057
1309 2809
1310 3550
1311 1440
1311 4993
1311 12163
1311 14824
1311 10219
1311 3569
1311 9814
1312 6960
1312 3983
1312 3982
1318 1632
1318 1762
1318 6244
1318 7241
1318 8400
1318 10931
1319 6214
1319 3753
1319 4908
1319 5936
1319 3123
1319 4172
1319 3005
1319 2430
1319 5087
1323 8968
1323 7147
1323 10980
1324 6818
1324 1325
1325 5287
1328 1956
1329 2306
1329 6275
1329 6280
1329 6298
1329 6270
1331 1332
1334 5921
1336 16208
1336 4355
1337 6491
1338 1537
1341 7554
1341 1342
1342 1344
1342 1571
1342 1572
1342 11633
1342 7640
1344 13666
1344 6983
1344 9872
1344 3894
1344 8220
1347 8393
1347 4030
1348 2019
1348 1351
1348 10987
1348 10287
1348 3126
1348 8922
1349 9956
1349 1900
1349 6745
1351 2578
1351 6803
1351 13334
1351 8858
1351 7584
1351 2209
1351 6439
1351 13612
1351 2015
1351 7613
1351 16081
1351 4180
1351 8799
1351 11112
1351 4844
1351 6385
1351 9335
1354 1822
1354 12901
1354 12904
1354 4776
1354 5873
1354 2871
1354 8728
1354 7611
1356 16522
1357 3643
1357 2894
1357 15583
1358 2201
1358 1938
1359 3648
1359 3099
1359 11367
1360 2814
1360 6058
1360 3380
1363 1364
1363 14006
1365 12562
1365 3307
1365 1559
1366 1368
1366 2088
1366 1474
1366 12248
1367 1372
1367 1877
1368 10452
1368 8546
1368 14884
1368 1369
1369 7128
1369 7698
1369 2766
1370 7128
1370 2505
1370 2794
1370 7125
1373 3532
1373 6564
1373 5524
1373 2341
1373 2793
1374 5636
1374 4296
1374 3473
1374 2723
1374 2100
1374 3349
1374 6613
1378 4180
1378 1764
1378 13157
1378 11814
1378 11817
1378 11503
1378 7955
1378 11828
1378 7764
1378 11804
1378 11805
1378 11806
1378 3647
1379 5598
1379 1750
1381 4101
1381 8265
1381 9738
1381 9776
1381 9778
1382 4101
1382 4103
1383 13861
1383 5844
1383 6789
1383 10854
1383 2461
1384 7586
1384 1499
1384 9936
1384 7537
1384 4819
1384 10039
1384 5531
1384 7580
1384 7581
1384 6078
1385 3168
1385 7206
1385 3211
1385 7634
1385 7636
1385 4887
1385 1500
1385 3869
1385 1503
1386 1388
1386 1495
1386 3212
1386 5527
1386 12537
1387 13103
1388 6785
1388 4610
1388 1475
1388 6796
1388 6093
1388 5423
1388 15410
1388 16051
1388 4414
1392 1393
1393 8464
1393 5385
1393 2415
1393 3282
1393 12181
1393 1464
1393 6361
1394 10210
1394 15007
1400 16992
1400 1595
1401 5545
1402 8060
1402 1774
1404 11276
1404 11948
1411 8355
1411 1412
1412 1413
1414 5807
1416 16206
1423 6970
1424 1762
1424 1635
1424 10693
1424 7882
1424 7660
1424 1837
1424 4975
1424 16660
1424 16662
1424 5306
1425 1635
1425 14884
1425 3944
1425 6732
1425 1869
1425 8189
1425 14385
1425 5528
1425 6077
1426 14385
1426 6434
1427 6105
1427 1941
1427 5345
1428 3044
1428 1799
1428 1607
1428 4781
1428 6318
1428 14164
1428 6612
1428 8027
1428 1629
1431 1704
1431 1432
1431 1883
1433 5652
1434 1482
1434 18068
1434 1845
1437 4880
1437 7236
1437 18717
1437 17471
1438 3909
1438 7526
1438 2699
1439 14785
1439 12962
1439 14790
1439 4006
1439 7564
1439 1487
1439 14578
1439 4923
1440 4877
1440 4398
1440 3094
1440 3484
1440 2977
1440 5166
1440 5167
1440 3173
1440 4561
1440 7124
1440 7125
1440 2138
1440 3167
1440 3174
1440 8684
1440 4467
1440 7437
1440 6265
1442 1748
1443 5256
1443 9064
1443 6970
1443 9050
1443 7231
1450 2337
1450 2885
1450 2534
1450 1704
1450 4171
1450 5935
1450 5936
1450 6024
1450 4040
1450 5653
1450 15480
1451 3650
1451 2402
1451 3269
1451 1640
1451 2733
1451 4146
1451 4724
1451 5783
1451 2329
1451 8091
1451 12159
1452 6552
1452 6556
1452 6557
1453 1650
1456 1738
1456 2415
1456 5373
1456 2657
1457 2668
1457 1861
1457 17479
1458 3751
1459 5574
1460 3489
1460 1975
1460 10076
1460 5574
1460 6361
1461 9968
1461 2201
1461 10387
1464 9693
1464 3045
1465 7576
1465 11627
1465 11879
1466 1468
1466 1845
1466 13501
1468 7357
1468 8859
1468 10428
1468 10298
1472 10274
1472 5490
1474 3995
1474 8633
1474 1635
1474 10692
1474 4811
1474 4403
1474 8407
1474 13324
1474 7696
1474 3763
1474 2932
1474 5303
1474 3739
1474 3454
1475 7692
1475 5517
1475 11924
1475 5166
1475 15510
1475 4902
1475 6190
1475 12981
1475 10043
1475 8394
1475 2650
1475 4707
1475 5092
1475 12006
1475 4198
1475 12012
1475 12021
1475 12023
1476 1725
1477 9380
1477 5128
1477 2954
1477 2650
1477 15498
1477 1599
1480 1938
1482 5345
1482 5350
1482 1841
1482 1847
1482 1852
1482 1853
1484 11703
1485 1716
1485 2323
1485 6415
1486 7787
1486 11531
1486 18444
1486 11790
1486 5034
1486 13968
1486 17681
1486 8851
1486 13845
1486 2328
1486 2081
1486 4770
1486 18472
1486 2218
1486 3627
1486 13612
1486 4282
1486 7618
1486 13509
1486 7754
1486 2128
1486 13021
1486 11494
1486 11132
1486 2795
1486 1490
1486 9330
1486 3987
1486 12030
1486 14569
1486 12024
1486 7420
1486 17149
1486 6782
1487 4879
1487 3991
1487 10534
1488 7125
1489 11779
1489 6021
1489 4808
1489 1491
1489 4651
1489 3277
1489 5390
1489 7491
1489 5526
1489 5816
1489 2170
1489 9951
1489 11967
1490 10368
1490 5039
1490 17575
1490 5420
1490 10477
1490 5421
1490 10484
1490 3991
1490 10394
1490 4606
1490 6239
1491 4770
1491 6021
1491 7238
1491 11845
1491 3593
1491 5390
1491 3343
1491 1650
1491 8470
1491 13241
1491 14234
1491 6427
1491 4861
1491 5039
1491 9951
1493 9913
1495 6080
1495 6050
1495 3144
1495 5035
1495 3869
1495 9329
1495 9330
1495 11732
1495 3210
1495 4793
1495 11736
1495 6265
1495 9226
1495 11742
1495 9119
1498 2531
1498 3848
1498 16528
1498 16402
1498 7029
1499 7841
1499 9834
1499 1504
1499 9936
1499 11733
1499 11734
1499 3210
1500 6915
1500 13060
1500 3212
1500 9231
1500 6548
1500 3221
1500 5908
1500 9119
1500 5413
1500 5425
1500 10171
1500 1629
1500 9778
1500 2619
1500 1599
1500 8265
1500 7242
1500 13515
1500 18573
1500 16466
1500 3214
1500 1503
1500 15353
1500 10585
1500 9181
1500 11743
1500 10079
1500 2531
1500 18532
1500 6507
1500 9581
1500 2537
1500 17020
1502 9119
1502 10309
1502 3848
1502 3210
1502 16588
1502 6866
1502 6867
1502 10485
1502 2997
1502 16475
1502 4874
1502 15253
1503 5636
1503 2438
1503 9230
1503 4368
1503 4765
1503 5537
1503 7714
1503 11299
1503 5028
1503 3613
1503 6429
1503 6200
1503 3646
1503 5584
1503 6866
1503 8867
1503 3869
1503 4857
1504 5584
1504 5254
1504 3247
1505 11650
1505 10309
1505 6637
1505 7345
1505 6867
1505 4325
1506 4870
1506 2286
1506 3247
1506 7344
1506 7346
1506 7347
1506 7342
1507 8441
1509 1510
1513 3587
1516 2016
1516 7582
1517 1599
1517 8021
1517 17775
1517 7073
1523 1754
1526 1537
1526 9819
1528 2528
1531 4214
1532 11406
1532 9935
1533 1632
1533 4064
1533 8745
1533 5015
1533 6096
1533 9780
1533 4725
1533 4438
1533 2281
1533 9784
1533 1980
1533 5820
1534 12201
1534 11645
1534 3954
1534 6265
1534 7997
1534 6622
1535 11208
1535 1899
1535 5652
1535 8437
1535 6799
1536 12920
1536 7833
1536 5115
1536 1813
1536 2358
1537 9903
1537 11483
1537 15421
1537 11326
1538 1764
1539 2299
1539 3908
1539 7977
1539 7050
1539 7986
1539 4091
1539 7985
1539 3826
1539 2489
1539 3972
1539 5659
1539 2269
1540 2915
1540 1541
1540 1543
1540 1544
1540 1545
1540 12328
1540 4371
1540 1943
1541 4708
1542 6401
1542 13643
1542 11720
1542 1545
1542 2699
1542 5006
1542 8541
1542 1875
1542 6587
1542 6397
1542 6398
1542 6399
1544 1545
1544 3227
1546 4189
1546 4087
1547 4091
1548 3654
1549 2767
1550 14847
1550 3063
1550 4143
1551 2623
1552 7697
1552 7116
1553 1915
1553 9815
1553 7071
1553 5396
1553 4079
1554 3464
1554 4467
1554 14031
1554 1817
1554 3418
1554 9231
1555 12901
1555 5382
1555 4711
1555 4811
1555 12902
1555 5873
1555 3866
1555 3482
1555 18367
1556 4167
1556 5706
1556 4043
1556 6189
1556 3021
1556 7544
1556 7698
1556 13525
1556 7352
1556 5531
1557 4888
1557 6099
1557 6758
1557 12174
1559 16480
1559 4089
1559 12610
1559 11868
1561 1562
1562 4481
1562 4485
1562 3655
1562 12041
1562 6551
1562 3630
1562 4655
1562 4562
1562 5433
1562 8091
1562 6556
1562 8093
1562 8094
1563 6093
1563 3927
1564 13966
1565 4492
1566 13513
1566 18603
1566 4215
1566 2662
1566 3927
1567 2211
1567 10791
1567 2824
1567 12248
1567 3068
1571 17205
1572 5344
1572 5447
1572 1849
1572 4442
1572 1855
1574 2984
1574 10542
1574 5818
1574 2213
1575 4302
1575 13981
1576 7344
1576 2097
1576 7346
1576 3507
1577 3024
1577 2662
1577 2495
1581 4552
1583 6305
1584 3065
1585 2752
1585 14893
1586 8544
1586 4801
1586 13097
1586 4878
1586 3343
1586 11924
1586 11919
1587 12177
1587 14970
1587 14971
1587 14964
1587 11919
1588 4160
1588 7112
1588 8755
1588 6201
1590 2275
1591 1592
1592 4536
1594 8001
1594 4551
1594 16554
1594 5776
1594 16945
1594 16947
1594 9278
1595 7873
1595 12899
1595 8872
1595 2607
1595 3120
1595 16945
1595 11120
1595 11119
1595 16623
1595 1597
1595 4929
1596 2617
1596 7534
1596 17709
1597 5776
1597 2607
1598 3708
1598 3972
1598 13694
1599 2467
1599 5006
1599 2894
1599 7342
1599 1649
1599 6885
1599 18069
1599 4591
1601 1616
1601 7175
1602 4344
1602 4387
1602 3237
1602 7351
1603 5056
1603 17473
1603 1986
1603 11657
1603 3867
1604 7306
1604 7300
1605 3969
1605 3148
1605 1789
1605 3062
1605 2327
1605 4893
1606 3062
1606 5139
1606 3653
1606 2326
1607 3848
1607 7114
1607 6623
1608 16234
1608 3850
1609 7874
1609 4211
1609 2277
1609 5030
1609 1768
1609 15699
1609 5036
1609 16466
1609 1869
1609 9166
1609 1746
1609 9779
1609 5941
1609 5023
1610 5029
1610 12006
1610 5031
1610 1768
1610 9225
1610 5036
1610 12017
1610 15506
1610 15510
1610 15497
1611 3472
1611 3656
1612 4978
1612 1871
1613 3248
1613 7315
1613 13469
1613 2446
1616 5588
1616 3033
1617 1618
1617 2237
1618 2912
1618 3418
1619 3841
1619 12058
1619 7308
1619 5209
1619 2505
1621 5800
1621 6299
1623 11881
1623 15370
1623 1869
1623 11029
1623 1624
1623 1764
1623 5781
1628 3371
1628 6724
1628 1799
1628 3209
1628 7626
1628 1707
1628 6636
1628 9705
1628 6507
1628 2540
1628 15967
1629 2723
1629 1707
1629 8555
1629 12989
1629 8210
1629 18293
1629 4150
1629 6041
1629 12342
1629 6079
1630 1825
1631 4996
1631 13587
1632 7436
1632 3214
1632 1809
1632 5524
1632 6427
1632 18592
1632 14884
1632 13612
1632 1978
1632 6971
1632 7996
1632 2763
1632 6096
1632 1873
1632 5972
1632 2133
1632 14296
1632 8189
1632 3442
1632 2932
1632 12918
1633 2477
1634 4771
1634 4132
1634 3238
1634 10697
1634 6732
1634 6384
1634 1746
1634 9597
1634 5561
1634 5882
1634 3183
1634 15645
1635 3214
1635 5526
1635 6423
1635 10792
1635 17835
1635 5423
1635 3003
1635 6720
1635 6081
1635 6853
1635 6625
1635 6730
1635 4171
1635 8013
1635 2128
1635 5206
1635 1872
1635 16765
1636 3841
1636 2402
1636 4132
1636 4933
1636 12583
1636 14385
1636 7820
1636 1933
1636 3696
1636 3633
1636 10292
1636 1749
1636 2330
1636 2589
1637 16678
1637 3004
1637 5898
1637 4551
1637 1837
1637 2013
1637 5526
1637 4026
1637 15100
1637 10026
1638 3763
1639 3764
1639 11937
1639 17554
1639 3763
1639 2412
1640 3368
1640 7273
1640 10415
1640 3869
1640 6264
1640 1722
1640 7615
1640 12989
1642 15940
1642 2504
1642 7817
1642 4558
1642 12472
1642 12473
1643 11489
1643 6411
1644 5613
1645 5753
1645 2997
1645 5751
1646 6473
1646 2801
1646 1778
1646 5748
1646 2549
1646 11515
1646 5756
1647 14631
1647 10562
1647 14630
1647 11507
1647 7753
1647 4855
1647 6487
1647 6445
1647 2801
1647 17938
1647 5747
1647 12886
1647 7735
1647 7763
1647 2747
1647 11516
1648 5285
1648 13222
1648 13223
1648 3368
1648 3370
1648 4175
1649 2426
1649 1651
1649 5823
1649 5142
1650 2698
1650 5390
1650 5142
1650 5527
1650 2495
1650 5213
1650 5823
1651 11530
1651 9235
1651 12463
1653 4333
1653 12053
1654 4526
1657 11511
1657 6444
1657 1805
1657 11439
1657 2768
1657 11506
1657 16084
1657 6487
1660 6017
1660 3848
1660 4456
1660 5073
1660 4212
1661 3105
1661 5636
1661 2886
1661 1697
1661 1831
1661 4921
1661 4658
1661 5879
1661 2329
1662 4644
1663 9266
1664 1671
1665 8346
1665 1916
1668 15764
1674 7304
1674 1675
1674 14076
1674 15539
1674 6918
1675 4762
1675 7303
1676 7304
1676 13409
1676 7300
1677 16073
1678 1679
1681 5456
1681 1978
1681 2078
1681 5894
1682 10501
1682 2598
1682 16041
1682 5482
1682 2822
1682 9274
1682 3003
1683 13075
1683 15215
1683 15349
1683 2582
1683 9279
1685 5287
1686 14924
1686 12423
1691 7664
1694 11971
1694 11972
1694 16181
1694 6614
1694 10936
1695 1696
1695 10545
1695 2243
1695 4620
1695 11973
1697 7168
1697 7874
1697 7076
1697 12342
1697 17419
1697 3394
1697 17421
1697 1873
1697 7508
1697 7295
1698 15780
1699 1730
1699 1831
1699 10216
1699 5703
1699 1799
1699 9895
1699 17934
1699 15573
1699 2218
1699 4920
1699 9691
1699 4413
1701 2403
1701 2406
1702 10472
1702 12197
1703 11568
1703 14276
1703 5516
1703 7636
1703 1727
1704 13984
1704 11715
1704 3268
1704 1725
1704 6356
1704 1785
1705 14352
1705 16089
1705 16613
1705 16151
1706 8745
1706 17782
1706 3423
1707 2201
1708 6808
1708 6811
1708 3508
1708 4093
1711 3843
1711 1713
1711 2983
1711 2925
1711 3825
1711 4561
1711 5524
1711 13305
1711 1977
1711 9980
1711 2431
1712 11593
1712 1889
1713 18441
1713 5325
1713 1961
1713 7898
1714 3106
1714 5894
1714 1735
1714 8692
1714 10934
1714 12468
1715 3240
1715 12913
1715 3162
1717 2200
1717 5338
1717 2198
1718 14838
1718 5254
1719 11291
1719 2741
1721 9736
1721 11020
1721 11449
1721 12187
1722 4708
1722 18641
1722 18347
1722 4914
1722 14094
1722 9103
1722 6161
1722 18642
1722 10515
1722 7636
1722 3479
1722 10548
1722 15743
1722 11772
1722 4990
1722 3368
1723 2864
1723 2865
1723 10514
1723 2862
1723 2863
1725 5217
1725 4845
1725 5385
1725 13309
1725 6508
1725 11917
1725 7029
1725 4311
1725 5658
1725 8527
1725 4858
1725 9119
1726 2915
1726 7813
1726 14342
1726 5798
1726 6134
1726 6929
1726 1844
1726 5430
1726 4921
1726 3037
1726 14341
1727 15969
1727 14472
1727 5097
1727 14474
1727 14122
1727 4302
1727 3037
1727 14120
1727 2802
1727 8659
1727 6741
1727 14071
1727 1863
1727 5354
1727 13559
1728 10775
1730 4301
1731 7956
1731 11533
1731 3063
1732 5857
1732 5858
1732 12786
1732 12785
1733 5857
1733 12778
1735 10011
1735 4934
1736 5065
1736 6021
1736 5527
1738 4896
1738 2657
1738 1869
1738 1745
1738 17139
1738 2036
1738 16694
1738 5373
1738 7390
1739 3539
1739 1742
1740 1938
1740 7290
1740 1743
1741 12755
1741 1744
1741 15874
1741 9794
1741 2574
1741 2480
1741 6067
1741 8888
1741 8889
1741 4542
1741 10175
1742 2337
1742 2578
1744 2433
1744 6786
1744 6787
1744 10503
1744 5130
1744 3847
1744 4303
1744 10831
1744 16529
1744 2134
1744 15450
1744 3643
1745 2880
1745 2489
1745 14178
1745 2309
1745 2535
1745 3848
1745 3209
1745 5387
1745 9900
1745 7385
1745 3045
1746 4483
1746 3475
1746 6552
1746 4380
1746 5277
1746 6557
1746 9778
1746 8499
1746 9780
1746 3785
1746 3128
1746 2619
1746 15428
1746 15430
1746 16466
1746 5307
1746 2795
1746 4209
1746 2931
1746 5242
1746 6526
1747 2932
1747 3453
1747 1873
1747 8745
1747 5898
1747 5931
1747 4815
1747 1809
1747 7541
1747 9597
1747 11490
1747 5386
1748 4832
1748 7651
1748 1933
1748 6863
1748 8317
1749 3148
1749 1934
1749 3379
1749 6068
1749 5533
1750 4549
1750 8745
1750 13066
1750 12919
1750 15215
1750 6384
1750 2582
1750 4215
1752 15111
1752 5035
1752 6803
1752 10420
1752 17342
1752 17343
1753 6004
1753 4453
1754 4746
1754 16684
1754 10203
1754 9758
1754 4703
1755 2798
1755 8991
1756 7975
1757 15224
1757 13930
1757 13998
1759 5584
1759 4591
1760 12424
1762 15104
1762 2752
1762 1763
1762 4812
1762 2422
1762 12058
1763 16753
1763 16755
1763 18427
1764 2418
1764 5765
1764 10086
1764 7465
1764 6575
1764 10994
1764 10995
1764 2008
1764 10245
1768 14468
1768 4485
1768 4484
1768 11805
1768 5032
1768 1851
1768 6447
1768 15666
1768 15675
1768 15676
1768 12490
1768 15679
1768 15681
1768 15684
1768 2245
1768 9542
1768 6477
1768 6485
1768 3287
1768 11100
1768 10718
1768 5345
1768 5347
1768 5354
1768 11644
1769 1770
1770 8964
1771 2283
1772 10089
1772 9482
1772 9094
1774 11250
1774 6363
1777 9751
1778 5760
1778 2209
1778 6473
1778 18639
1778 5754
1778 5756
1778 18640
1778 4815
1779 8582
1783 18444
1783 11983
1783 6227
1783 10164
1783 8091
1786 11490
1786 3651
1786 8228
1786 5637
1786 1831
1786 1961
1786 13611
1786 3214
1786 3599
1786 3459
1786 3092
1786 13966
1786 15428
1786 8091
1786 6301
1786 5278
1787 2402
1787 1891
1787 6885
1787 4438
1787 11557
1788 3264
1788 3259
1788 5636
1788 3111
1788 17129
1788 3346
1788 8527
1788 3281
1788 4146
1788 6356
1788 13591
1788 7896
1788 7450
1788 2075
1788 8687
1788 3261
1788 3352
1789 3182
1790 1796
1790 3182
1790 2959
1791 6712
1791 4555
1791 3132
1791 4166
1791 3247
1792 1793
1792 1909
1794 5578
1794 2433
1794 7717
1794 2535
1794 5224
1794 4521
1794 4874
1794 2763
1794 2536
1794 11568
1794 4520
1794 12307
1794 12308
1794 12732
1794 4522
1795 2434
1795 2436
1795 2437
1795 2439
1795 2442
1795 6830
1795 2122
1796 3366
1797 8504
1798 10888
1798 17743
1798 15702
1798 13047
1799 15702
1799 3350
1799 3112
1799 13072
1799 10577
1799 2131
1799 4990
1799 3216
1799 17284
1799 4414
1801 7449
1801 5284
1801 14996
1801 4523
1803 2171
1803 4414
1803 5382
1805 6912
1805 3935
1805 5606
1805 16335
1805 11464
1805 7474
1805 10318
1805 2768
1805 17649
1805 17647
1805 5492
1805 4918
1805 4281
1805 4703
1805 5754
1807 1808
1809 3650
1809 11491
1809 11555
1809 4716
1809 4162
1809 3214
1809 2708
1810 12876
1811 9291
1811 11529
1811 9294
1811 10389
1811 4457
1811 2296
1811 1818
1811 3002
1814 10340
1814 9261
1814 1845
1814 7895
1814 3652
1814 3003
1814 3964
1814 5055
1815 3538
1815 2931
1816 4861
1817 16798
1818 14796
1819 8412
1820 2104
1820 13896
1820 16634
1820 3579
1822 3016
1822 11115
1822 10671
1822 11120
1822 4927
1825 7955
1825 2358
1826 10121
1827 3561
1827 6431
1827 11010
1829 10104
1830 4702
1830 5015
1831 7009
1831 2633
1831 9441
1831 3113
1831 17258
1831 1943
1831 8620
1831 14845
1831 3473
1831 3642
1831 2329
1831 4415
1831 5278
1831 15519
1832 3105
1832 4921
1832 6741
1832 7215
1833 9188
1833 4530
1833 2013
1833 10079
1834 12891
1835 2113
1835 12195
1837 2112
1837 10912
1837 6340
1837 3783
1837 8012
1837 5746
1837 6541
1837 9746
1837 11667
1837 4344
1837 6526
1838 5344
1838 6755
1838 5350
1838 5353
1838 2570
1838 1843
1838 5033
1839 5346
1839 4487
1839 5448
1839 5449
1839 5353
1839 1854
1840 5344
1840 5392
1840 1856
1840 5348
1840 14473
1840 3979
1840 10957
1840 13520
1840 3508
1840 4921
1840 1855
1841 4161
1841 2505
1841 8681
1841 5769
1841 9069
1841 2606
1841 7600
1841 18357
1841 14153
1841 2907
1841 6910
1841 3029
1842 5351
1842 5350
1842 1863
1842 4487
1842 4442
1842 1852
1842 5343
1843 1860
1843 2917
1843 5447
1843 5448
1843 5352
1844 1859
1844 5348
1844 6134
1844 5392
1844 5778
1844 1846
1844 1852
1844 5343
1845 6862
1845 1846
1845 5343
1846 1854
1846 5447
1847 5896
1847 1852
1847 6877
1848 4498
1848 1859
1848 16799
1849 1858
1849 5350
1849 5352
1849 5353
1849 5346
1849 1851
1850 5349
1851 2423
1851 1861
1851 2535
1851 8238
1851 13616
1851 15858
1851 15859
1851 8249
1852 5344
1852 1861
1852 5447
1852 1855
1853 1856
1853 1855
1853 2423
1853 5351
1854 5353
1854 2423
1854 14471
1855 5447
1855 14472
1855 5449
1855 5354
1855 4442
1856 5345
1856 1858
1856 1859
1856 1863
1856 5448
1856 5346
1857 5346
1857 5347
1857 14469
1857 4487
1858 5344
1858 14470
1858 1862
1858 5345
1858 5352
1858 5351
1858 5343
1859 12195
1859 2661
1859 5351
1859 8683
1859 14275
1859 3029
1859 5691
1859 14469
1860 5346
1860 14469
1861 14275
1861 5349
1861 14473
1861 5354
1861 5353
1862 5346
1863 5348
1863 5354
1869 5505
1869 5251
1869 2762
1869 2954
1869 13968
1869 2589
1869 2220
1869 4534
1869 13514
1869 3008
1869 5958
1869 13512
1869 3147
1869 1872
1869 2897
1869 4440
1869 9826
1869 3189
1869 5238
1869 10111
1870 3841
1870 7047
1870 1932
1870 5773
1870 11022
1870 5008
1870 8093
1870 6691
1870 6429
1870 4532
1870 4026
1870 6076
1870 8264
1870 6730
1870 1873
1870 5970
1870 9826
1870 15340
1870 3696
1871 2277
1871 4933
1871 3147
1871 2125
1871 1872
1871 2897
1871 3479
1871 5561
1871 3237
1872 3237
1872 8271
1872 17835
1872 11533
1872 3277
1873 8194
1873 10339
1873 3236
1873 4211
1873 3367
1873 4572
1873 3147
1873 16466
1873 2132
1873 5941
1873 9782
1873 12992
1873 11741
1873 5774
1874 17058
1874 4366
1874 8751
1874 2480
1874 9233
1874 5390
1874 10456
1875 11881
1875 6398
1876 10363
1877 10282
1877 3661
1877 7698
1877 3571
1877 6140
1877 14442
1877 6622
1878 1880
1878 14442
1878 15188
1878 7398
1879 2013
1880 3681
1880 5406
1880 5525
1880 4026
1884 6216
1884 5906
1884 3743
1886 9169
1886 5059
1886 8511
1887 5172
1887 6190
1888 4408
1888 3733
1888 3271
1889 12071
1889 15908
1889 6650
1890 7399
1891 3009
1891 6215
1891 5103
1891 5105
1891 8307
1891 5078
1893 4363
1894 5216
1894 10273
1894 1895
1894 8835
1894 2137
1894 7258
1895 1896
1897 1899
1897 1900
1898 5170
1898 2315
1899 18562
1899 8603
1899 18565
1899 18570
1899 2315
1899 11212
1899 2799
1899 5480
1899 2008
1899 4150
1899 7355
1899 9884
1900 5480
1900 4778
1900 2315
1900 9957
1900 5715
1900 2933
1900 2934
1900 2935
1900 4261
1903 14464
1903 14466
1904 3585
1904 18507
1905 9512
1905 8304
1905 5151
1908 2211
1910 4723
1917 11345
1922 12266
1924 1926
1925 4915
1925 2471
1925 1926
1925 1927
1925 1930
1925 2891
1925 6796
1925 2608
1925 10835
1925 11573
1925 4919
1925 2745
1925 15005
1925 8927
1930 5889
1931 10416
1931 2024
1931 18708
1931 2149
1931 1959
1932 2501
1933 2501
1933 7696
1933 4499
1933 5562
1933 2271
1934 15392
1934 5482
1934 3275
1934 9580
1934 5205
1935 10912
1935 6340
1935 6534
1935 3785
1935 7596
1935 6098
1935 7184
1935 8050
1935 11667
1935 18071
1935 4026
1935 6333
1937 7717
1937 13308
1937 11498
1937 9004
1937 2931
1937 18232
1937 3227
1937 4956
1937 3453
1938 3620
1938 13100
1938 8329
1938 3645
1938 15196
1938 10364
1939 3009
1939 6891
1939 5477
1939 4843
1939 4718
1939 4719
1940 2131
1940 7628
1940 9829
1940 9493
1940 5477
1941 2883
1941 8620
1941 8268
1941 5006
1941 5748
1941 5011
1941 4766
1941 13535
1942 12059
1942 8005
1942 5078
1942 3277
1943 13967
1943 1944
1943 3105
1943 7590
1943 4658
1943 7735
1943 5050
1943 7997
1943 10182
1943 2124
1943 5712
1943 8021
1943 17761
1943 15211
1943 5233
1943 8054
1943 2936
1943 16767
1944 6289
1944 6298
1944 5895
1944 6291
1945 2370
1945 8615
1945 7912
1945 7914
1945 5010
1945 11638
1947 2469
1949 5161
1949 5530
1949 9551
1950 2912
1950 4738
1950 3045
1950 7660
1950 3984
1950 6257
1950 14291
1950 2551
1950 3512
1953 16115
1954 8745
1955 4744
1955 3729
1955 4499
1955 8091
1955 8092
1959 3477
1959 18157
1960 5059
1961 5325
1961 9903
1961 9904
1961 9906
1961 7351
1965 1967
1968 2624
1968 2629
1969 17138
1969 8379
1969 10341
1971 8052
1971 5572
1971 4309
1975 3352
1975 3281
1977 11779
1977 4330
1977 11288
1977 2170
1977 9980
1978 4896
1978 16721
1978 9705
1978 6068
1978 4129
1979 2137
1979 1980
1979 3572
1980 5222
1980 2600
1980 10037
1980 2007
1980 14974
1984 2296
1984 3938
1984 2874
1986 17317
1987 2337
1987 16075
1990 1994
1991 1992
1991 1995
2001 2002
2004 2279
2005 5200
2006 2097
2006 2007
2008 2009
2008 11458
2009 4713
2009 15400
2009 11223
2010 13873
2010 12170
2010 7636
2010 5778
2012 3065
2013 10944
2013 8011
2013 2279
2013 8010
2013 8013
2013 3214
2013 9655
2013 15625
2013 2014
2014 14560
2014 15712
2014 6081
2014 11909
2014 5529
2014 4977
2014 7241
2014 13650
2014 16658
2014 2128
2014 2097
2014 9746
2014 6078
2014 5943
2014 7613
2014 4026
2014 6428
2014 10590
2015 2309
2015 8327
2015 15084
2015 4366
2015 6429
2015 2213
2015 14893
2015 5166
2015 10415
2015 4530
2015 5427
2015 11715
2015 10693
2015 13510
2015 6226
2015 13525
2015 2518
2015 7385
2015 2016
2015 2921
2015 2795
2015 2796
2015 9976
2015 2261
2016 2017
2016 5390
2016 14969
2017 3521
2017 3523
2017 6632
2017 7882
2017 8012
2017 4975
2017 3829
2017 16662
2018 3533
2019 5499
2020 7590
2020 2055
2020 15211
2020 17934
2020 3759
2020 4658
2020 17140
2020 9198
2020 5065
2020 3064
2020 6233
2020 11930
2020 11215
2020 2332
2020 4766
2022 10504
2024 3685
2024 2765
2024 2414
2024 3002
2024 14099
2024 12314
2024 3003
2024 9245
2027 2589
2028 9048
2028 15605
2034 13313
2034 3167
2035 9300
2035 9309
2036 7321
2036 9451
2044 8064
2044 8072
2044 8074
2044 8075
2044 8068
2046 7876
2046 13969
2046 10577
2050 7085
2053 8281
2053 5530
2053 15391
2055 7264
2055 4483
2055 10853
2055 2865
2055 2498
2055 2737
2055 5172
2055 5047
2055 14139
2055 4549
2057 2129
2057 5525
2058 9329
2058 5518
2061 3484
2062 5010
2062 3486
2063 7072
2063 5010
2064 2066
2067 13660
2067 12594
2067 3749
2069 3601
2071 7391
2072 5960
2075 2402
2075 3987
2075 2485
2075 4477
2076 2627
2076 3470
2077 3369
2077 2415
2077 3507
2077 2078
2077 10046
2078 9857
2078 6502
2078 5894
2078 9089
2078 12328
2078 4911
2078 2606
2078 8317
2078 9396
2078 5271
2078 10714
2078 9275
2079 7702
2081 4282
2081 5636
2081 13525
2082 7680
2082 3588
2082 2085
2082 4150
2082 13176
2083 3458
2083 2084
2083 3762
2084 17356
2084 17359
2086 5865
2086 12779
2086 13453
2086 12785
2087 11716
2087 3174
2087 3049
2087 5163
2087 3631
2088 2128
2091 10064
2092 11061
2092 2750
2093 11060
2093 17940
2093 11798
2093 11633
2095 2097
2095 15607
2096 9521
2096 5694
2097 4933
2097 4329
2097 9328
2097 6079
2100 8808
2100 2921
2100 2701
2100 3858
2100 9812
2100 12989
2100 12991
2101 2102
2103 2104
2103 4870
2104 4386
2104 5899
2104 4388
2104 17228
2104 11479
2104 4748
2104 6317
2104 4381
2104 6837
2104 8921
2104 4382
2104 8159
2105 2106
2107 3275
2107 2108
2108 12041
2108 4259
2111 7333
2112 2915
2112 8873
2112 3979
2112 18289
2112 5778
2112 14100
2112 4063
2112 16670
2113 2596
2113 7469
2117 2118
2122 2441
2122 5516
2122 2445
2122 2447
2122 2435
2123 3936
2123 6586
2123 9095
2124 7234
2124 2278
2124 4263
2124 3147
2124 2125
2124 16142
2124 4815
2124 13968
2124 3476
2124 7997
2125 6658
2125 3368
2125 4302
2125 4655
2125 11538
2126 5033
2126 5173
2128 14979
2128 4879
2128 9746
2128 8211
2128 5525
2128 6424
2128 6428
2128 6429
2128 12832
2128 4770
2128 12828
2128 5034
2128 6813
2128 6080
2128 6721
2128 4933
2128 11336
2128 4182
2128 5092
2128 11494
2128 4975
2128 2550
2128 4606
2129 4162
2129 17292
2129 3492
2129 14949
2129 5900
2129 5386
2129 6512
2129 13254
2129 4902
2129 5161
2129 3852
2129 4282
2129 2235
2130 2561
2131 3365
2131 11078
2131 3472
2131 7129
2132 18084
2132 11784
2132 5015
2132 5039
2132 6000
2132 5074
2132 4663
2132 2489
2133 17128
2134 14176
2134 11692
2134 9074
2134 3849
2134 9695
2135 5032
2135 5030
2135 5023
2137 14176
2137 3907
2137 11277
2137 11693
2137 3384
2138 6059
2138 6026
2138 6027
2138 5007
2138 5016
2138 4146
2138 5272
2138 5691
2140 7712
2140 6081
2140 3522
2140 3526
2140 7273
2140 5427
2140 7580
2141 3520
2141 2795
2141 3527
2142 3524
2142 3517
2142 3525
2143 2467
2143 16263
2143 3527
2143 16050
2143 3063
2143 3516
2143 7581
2144 3921
2144 5132
2144 2277
2145 2585
2145 3180
2145 2341
2145 4985
2149 5936
2149 9174
2149 6623
2154 3375
2155 13833
2157 14319
2161 2678
2163 8609
2163 13796
2163 11952
2163 7249
2163 3826
2163 3454
2163 4152
2163 3004
2163 13214
2163 9173
2169 5785
2169 5819
2169 5878
2169 8806
2170 4906
2170 3690
2171 11779
2171 7685
2171 5958
2171 4716
2171 10922
2171 3502
2171 7715
2171 10773
2171 11294
2171 15071
2172 2173
2174 3635
2174 10364
2174 4223
2175 13832
2175 12593
2175 10674
2180 8236
2180 4406
2181 7577
2181 2410
2181 6563
2181 10125
2187 3817
2187 2434
2187 2786
2189 10314
2190 12006
2190 2662
2190 12011
2190 12012
2190 12013
2190 12024
2191 8872
2191 11115
2191 2927
2191 4862
2191 4927
2192 7587
2192 3044
2192 9258
2192 9325
2192 13519
2193 6152
2193 16147
2193 3227
2193 5900
2193 18029
2195 8211
2195 5420
2195 10481
2195 2578
2195 6067
2195 3284
2195 6870
2195 10484
2195 12826
2195 10718
2196 7674
2196 6870
2200 6154
2201 3417
2203 4253
2208 5690
2208 3763
2209 16007
2209 16008
2209 5020
2209 3620
2209 2741
2209 10561
2209 6475
2209 2768
2209 12760
2209 5540
2209 3935
2209 5072
2209 3691
2209 4332
2209 9330
2209 11508
2209 2549
2209 5750
2209 5752
2210 5586
2211 3481
2213 13510
2213 5035
2213 10380
2213 2662
2213 8902
2213 6258
2213 5715
2213 2934
2213 10428
2215 7120
2215 10570
2215 14110
2216 2467
2216 5386
2216 5648
2216 3226
2216 2363
2216 3306
2218 5636
2218 2824
2218 13514
2218 4622
2218 4413
2218 10097
2218 13971
2218 12676
2218 5012
2218 12283
2218 16093
2218 15573
2220 8545
2220 2537
2220 3845
2220 3846
2220 9223
2220 7208
2220 3209
2220 14762
2220 3111
2220 6585
2220 2539
2221 10783
2221 8382
2221 13063
2222 8321
2222 6054
2222 12458
2222 7532
2222 7129
2222 14975
2223 2224
2223 10346
2223 4719
2224 3247
2228 11438
2232 3103
2233 2600
2233 11881
2233 9757
2233 12461
2235 5664
2235 10347
2235 6512
2235 2238
2237 2272
2237 3593
2237 5330
2237 8092
2238 4000
2238 3480
2238 4549
2238 7217
2238 10258
2238 2498
2238 10257
2238 2932
2238 2270
2238 5911
2238 5208
2238 3993
2238 13022
2239 11136
2239 5712
2239 8169
2239 3696
2239 11153
2239 11134
2240 3826
2240 8276
2240 2415
2243 3741
2243 11973
2243 4275
2245 14468
2245 5349
2245 5449
2245 5354
2246 5447
2246 6348
2246 6329
2246 6330
2246 6333
2249 3172
2249 9413
2249 2535
2249 6653
2250 10313
2250 8692
2254 2255
2258 18769
2258 18770
2258 18771
2261 6240
2261 2262
2261 2663
2261 3625
2261 18263
2261 2580
2261 2263
2261 6719
2264 6081
2264 7587
2264 3369
2264 5868
2264 6921
2264 4058
2264 7420
2264 5502
2266 2267
2268 4845
2269 5382
2270 3994
2270 6813
2271 14952
2271 15215
2271 15257
2271 3661
2272 9738
2272 4110
2272 7056
2272 8623
2272 2328
2272 8091
2272 7196
2272 6816
2272 6440
2272 3628
2272 10415
2272 9264
2272 7743
2272 6081
2272 4933
2272 4492
2272 16078
2272 5712
2272 5713
2272 4180
2272 13612
2272 2650
2272 4111
2272 13798
2272 12006
2272 9809
2272 12025
2272 13967
2273 3483
2273 3485
2273 7647
2275 6817
2275 2662
2275 6246
2275 2599
2275 5034
2275 3247
2275 6263
2275 5947
2276 10416
2277 8680
2277 3147
2277 6732
2277 9777
2277 5065
2277 12057
2278 8934
2278 8680
2278 16142
2278 9236
2278 3029
2279 8835
2279 5764
2279 16424
2279 3241
2279 4067
2279 2281
2286 3083
2286 13806
2286 7343
2286 10544
2286 2489
2286 5690
2287 2288
2288 17441
2288 4866
2288 5545
2288 4140
2288 2420
2288 7317
2288 2489
2289 2724
2289 10902
2290 2291
2291 5244
2292 9760
2292 13536
2292 8806
2292 10380
2292 16369
2292 4279
2292 6077
2293 2505
2293 15012
2294 5048
2295 11485
2296 4115
2296 3049
2296 2328
2296 2297
2297 3440
2297 4117
2297 18622
2298 4955
2298 2724
2298 15237
2298 7823
2298 3440
2298 4117
2298 15958
2298 6587
2299 2875
2307 5800
2307 9053
2309 2466
2309 8693
2309 6078
2311 17700
2314 2321
2314 14649
2314 5161
2315 2540
2315 2537
2320 2322
2325 6928
2325 5785
2325 3010
2325 7798
2326 2662
2326 2333
2326 5139
2326 7837
2326 7839
2328 5159
2328 12007
2328 9521
2328 15504
2328 6808
2328 12020
2328 4416
2328 12022
2328 2526
2328 2527
2329 8544
2329 9092
2329 3653
2329 4296
2329 13801
2329 16216
2329 4791
2330 10013
2331 7265
2331 14579
2332 2824
2332 12342
2333 2334
2333 6006
2334 4591
2334 16919
2337 4331
2337 8328
2337 10897
2337 6803
2337 8859
2337 5536
2337 3369
2337 2481
2337 2614
2337 3514
2337 4283
2337 7357
2337 11454
2337 3794
2337 5326
2337 7385
2337 6758
2337 7273
2337 11371
2337 6078
2337 9335
2337 6265
2341 6094
2341 6095
2341 5425
2341 3829
2341 3381
2341 3479
2341 2809
2341 6037
2341 6101
2343 14592
2343 14113
2343 8866
2347 8346
2347 2349
2349 11200
2349 13732
2349 3494
2349 12810
2349 10593
2349 13261
2349 4111
2349 13264
2349 13729
2349 5330
2349 13747
2349 13748
2349 13750
2349 3492
2349 8538
2349 12507
2350 13968
2350 5850
2355 4856
2355 4848
2355 7738
2355 4858
2355 3919
2356 6104
2358 13771
2358 3299
2358 17815
2359 2362
2359 12310
2360 2362
2361 2363
2361 5995
2363 12106
2363 13131
2363 13712
2363 9522
2363 6580
2363 3740
2364 8393
2364 2931
2364 2596
2364 9068
2365 9441
2365 2595
2365 5636
2365 10625
2365 3945
2365 3148
2365 2898
2365 2607
2365 7696
2365 2932
2365 2430
2365 2431
2366 2402
2367 9515
2368 11769
2368 5698
2369 16345
2369 2371
2369 5883
2370 16068
2370 3909
2370 16071
2370 10152
2370 5003
2370 17485
2370 5960
2371 2726
2371 11558
2371 9069
2371 2992
2371 5010
2371 3731
2371 7925
2371 6053
2372 9856
2372 4918
2372 4703
2374 15483
2378 12002
2379 8955
2383 6763
2384 17336
2384 17335
2397 5256
2397 9057
2397 3452
2397 5118
2397 4414
2398 2600
2400 18628
2400 2763
2400 2708
2400 14884
2402 3111
2402 4716
2402 4719
2402 3651
2402 11294
2402 3066
2402 4570
2402 5151
2407 6081
2407 2467
2407 3380
2407 15166
2407 6265
2410 2818
2411 13152
2411 3537
2411 8213
2412 16803
2412 16804
2412 5768
2412 9482
2412 7272
2412 4883
2413 3472
2413 4040
2413 2804
2413 4990
2415 2913
2415 4844
2415 3794
2416 7819
2417 2418
2417 2420
2418 8458
2419 14415
2420 7651
2421 8872
2424 3788
2425 17350
2426 10364
2426 13167
2426 2896
2426 12406
2426 12413
2427 4800
2427 6310
2427 5000
2427 2699
2427 6738
2427 14969
2427 6138
2427 2747
2427 4223
2429 11204
2430 4908
2430 7820
2430 11857
2430 4408
2430 2907
2430 3486
2431 6753
2431 14562
2431 3172
2431 12296
2431 8680
2431 6653
2431 3292
2432 11920
2432 3172
2432 7047
2433 7568
2433 6787
2433 14533
2433 2446
2433 2895
2433 10947
2433 3694
2434 2444
2435 2443
2435 2436
2435 2437
2435 3858
2436 3480
2436 7716
2436 2439
2437 8203
2437 3723
2437 4591
2437 18550
2438 4591
2439 2445
2440 2505
2440 2443
2440 2445
2441 14393
2441 8454
2442 2445
2443 7576
2443 5930
2443 3815
2445 2446
2446 3236
2448 9738
2449 4587
2451 4928
2451 11585
2452 12032
2452 12195
2453 13020
2453 3079
2454 14068
2455 6492
2455 5943
2459 6075
2460 2461
2462 2464
2462 3112
2462 6415
2462 16496
2462 9560
2462 17523
2462 17525
2462 17527
2463 6417
2463 10047
2464 2468
2464 8926
2464 8693
2465 5531
2465 2468
2465 7206
2465 2495
2467 7394
2467 7582
2470 5926
2470 7784
2470 10857
2470 13464
2470 8499
2470 9943
2470 9368
2471 13856
2471 2472
2471 9321
2471 2476
2471 8676
2471 8463
2471 8567
2471 3140
2471 5487
2471 9277
2472 6832
2477 3571
2477 7698
2477 18493
2480 3044
2480 7077
2480 11734
2480 9834
2480 6318
2480 2733
2480 4753
2480 4845
2480 4214
2480 11738
2481 9528
2481 12744
2482 3239
2484 8523
2485 5010
2485 12250
2485 11559
2485 5423
2485 10928
2485 11192
2485 9145
2485 6078
2485 5706
2485 8279
2485 2650
2485 2920
2485 7787
2485 2578
2485 12019
2485 6134
2485 12029
2485 9343
2486 4902
2487 2488
2488 17185
2488 8572
2488 8573
2489 3849
2489 5774
2489 15235
2489 8430
2489 3612
2489 6557
2489 7339
2489 7469
2489 3247
2489 10672
2489 13515
2489 16075
2489 3660
2489 6885
2489 4198
2489 6002
2489 4216
2491 3112
2491 5387
2491 9076
2491 11213
2492 2520
2492 4417
2492 2931
2492 6134
2494 11403
2495 6240
2495 4610
2495 6545
2495 6385
2495 3092
2495 6428
2495 5820
2495 13534
2495 6239
2497 12692
2498 7264
2498 2763
2498 5225
2498 9866
2498 11911
2498 4209
2498 5065
2498 5527
2498 6077
2501 4562
2501 8212
2501 15254
2501 2772
2501 10586
2501 5149
2501 3765
2502 16652
2503 7920
2503 4460
2504 13605
2505 6080
2505 3552
2505 6082
2505 10787
2505 5161
2505 5742
2505 8398
2505 3858
2505 5206
2505 6729
2505 6766
2505 6857
2505 6173
2505 6922
2505 11189
2509 12725
2519 7477
2520 7051
2520 5163
2520 11566
2520 3123
2520 4820
2520 11733
2521 10186
2521 4371
2521 4117
2521 13949
2521 11285
2523 3699
2523 3174
2523 5739
2523 4877
2523 4079
2523 7059
2526 4363
2526 3573
2527 4919
2527 6001
2528 6691
2528 3140
2528 7430
2528 3944
2528 8745
2528 3147
2528 3475
2528 18403
2528 2607
2528 6098
2528 3763
2528 3189
2528 7541
2529 16528
2529 4330
2529 18339
2529 2531
2530 17554
2530 7979
2532 2537
2533 9248
2533 2884
2533 13798
2533 2824
2533 3209
2533 14025
2533 3628
2533 4301
2533 3094
2533 7735
2533 3227
2533 5310
2535 14473
2535 3741
2536 6919
2536 3848
2536 2954
2536 16529
2536 16530
2537 2884
2537 2540
2538 5929
2538 14450
2538 2763
2539 3848
2539 3846
2546 4148
2546 3598
2547 15459
2547 15462
2547 13513
2547 12367
2547 4888
2547 15257
2547 15461
2548 13047
2549 5762
2549 6532
2549 7080
2549 4988
2549 10318
2549 5747
2549 3380
2549 2997
2549 5755
2549 5756
2549 4986
2549 5759
2550 8024
2550 14004
2550 8280
2550 11835
2550 11836
2550 3646
2551 13698
2551 11149
2551 7822
2551 3513
2551 5177
2551 6044
2552 13375
2553 11010
2553 3604
2553 8281
2554 16616
2554 4109
2554 10622
2555 13107
2557 5418
2557 13982
2557 3214
2557 17687
2558 5219
2558 11140
2558 10598
2558 3084
2558 3257
2558 2559
2559 3297
2560 5578
2560 7236
2560 11765
2560 14271
2561 2853
2561 8138
2561 12817
2561 4475
2561 2751
2561 13151
2562 15586
2562 3014
2564 7571
2564 17828
2564 7317
2565 13314
2565 10279
2565 8842
2565 10386
2566 4680
2566 4687
2567 4689
2567 2694
2568 3496
2571 5906
2572 8226
2572 10967
2574 4420
2575 13955
2575 6378
2575 5775
2575 2577
2575 3570
2575 18275
2576 9892
2576 17310
2577 16227
2578 5764
2578 6921
2578 8846
2578 3544
2578 3092
2578 4902
2578 7606
2578 13374
2578 3029
2578 5208
2578 11107
2578 6244
2578 11371
2578 2668
2578 10999
2578 11001
2580 7491
2583 3913
2584 2588
2585 10208
2585 9989
2585 5527
2586 2824
2586 2666
2586 8715
2586 8718
2587 3910
2588 5723
2588 13345
2589 16678
2589 5542
2589 3183
2589 12818
2589 18552
2589 5209
2589 3002
2589 16677
2590 7235
2593 7291
2593 6526
2594 6466
2594 18759
2594 7337
2594 17454
2594 7770
2595 10040
2596 2597
2596 15575
2598 15459
2598 8678
2598 15463
2598 12370
2598 14618
2598 3003
2599 3737
2599 6703
2600 7688
2600 7114
2600 9812
2600 9814
2603 9984
2603 9977
2603 15730
2603 4875
2603 6738
2604 4086
2606 13796
2606 2661
2606 8679
2606 12042
2607 11024
2607 15215
2607 4262
2607 5482
2607 5776
2608 5226
2608 10835
2608 7414
2608 8938
2608 8927
2611 3213
2614 12969
2614 5095
2614 15930
2614 4377
2616 3442
2618 6108
2618 4101
2619 13826
2619 3114
2619 3181
2619 3248
2619 5879
2619 13626
2619 13469
2620 3776
2620 11512
2621 5020
2623 2626
2623 2629
2624 5059
2625 7568
2626 2630
2627 3257
2629 7548
2632 6515
2632 4069
2633 3105
2633 4302
2633 3572
2634 2635
2634 12693
2636 15611
2639 2652
2639 2643
2639 9636
2639 6685
2640 3777
2640 2655
2640 2641
2641 3777
2641 2642
2641 2656
2641 2647
2642 5965
2642 10689
2643 2648
2643 5856
2643 2655
2643 2652
2644 2647
2644 8047
2644 3501
2644 2653
2644 5965
2646 6534
2646 3783
2646 2985
2646 8050
2646 3792
2646 12050
2646 2648
2646 10458
2646 7291
2646 5852
2647 2652
2648 2655
2649 2656
2649 4485
2649 6536
2649 11695
2649 10458
2649 5852
2649 2655
2650 2662
2650 15500
2650 15502
2650 10883
2650 12019
2650 12026
2651 2654
2651 2655
2652 5965
2653 8048
2653 5861
2653 6529
2653 12042
2653 8299
2653 3216
2653 11667
2653 6526
2653 18557
2653 2654
2655 2656
2655 3777
2657 3760
2657 3507
2659 5892
2660 2662
2661 8714
2661 6264
2661 6078
2661 3029
2662 3627
2662 5419
2662 7044
2662 5014
2662 12011
2662 8328
2662 9225
2662 18443
2662 5013
2662 18455
2662 12250
2662 10402
2662 18471
2662 18472
2662 18475
2662 13845
2662 3631
2662 6430
2662 3005
2662 15934
2662 6080
2662 8387
2662 8388
2662 18247
2662 18249
2662 7754
2662 8019
2662 4180
2662 16476
2662 13022
2662 6242
2662 2663
2662 2665
2662 2727
2662 12012
2662 17264
2662 12019
2662 14334
2662 11132
2662 3710
2662 5247
2663 8545
2663 12027
2663 6806
2663 6081
2663 12008
2663 13513
2663 2666
2663 5518
2663 5713
2663 4178
2663 7734
2663 12023
2663 12026
2663 5791
2663 8799
2664 16768
2664 6625
2664 11111
2664 11820
2664 11821
2664 4109
2664 4180
2664 15701
2664 13372
2664 11805
2664 5247
2665 2666
2665 4107
2665 10935
2666 13946
2666 8934
2666 4106
2666 4177
2666 7722
2666 7294
2667 11111
2667 7722
2667 4110
2667 4177
2667 4180
2668 6853
2668 5254
2668 11790
2668 15251
2668 17230
2668 8279
2668 7999
2669 4768
2669 6853
2669 18472
2669 18442
2669 18475
2669 18444
2669 18675
2669 7999
2670 4833
2670 15427
2670 8499
2670 6508
2670 5103
2670 8402
2670 3011
2670 13243
2670 13468
2670 13469
2672 5200
2672 10777
2672 9364
2673 4054
2675 2677
2676 2677
2678 2679
2687 2688
2687 2690
2687 2692
2688 2696
2688 2690
2688 2692
2688 9062
2689 2690
2691 2695
2693 2697
2695 12985
2698 4880
2698 3611
2698 7526
2698 6919
2699 14381
2699 11763
2699 12406
2701 5240
2701 4813
2703 3808
2703 6058
2703 18644
2703 9325
2704 2948
2704 5135
2704 3431
2705 2707
2708 17265
2708 4499
2708 2931
2708 3453
2710 5161
2710 10103
2710 11052
2712 10704
2712 8018
2715 8759
2717 6859
2717 6860
2719 4200
2719 9354
2720 16939
2721 4200
2721 7281
2722 16940
2722 3015
2723 3264
2723 13611
2723 9093
2723 7626
2723 4523
2723 4142
2723 11952
2723 14356
2723 3262
2723 5355
2724 4160
2724 7201
2724 2725
2724 8328
2724 8520
2724 7882
2724 5423
2724 6077
2724 6624
2724 6617
2724 4975
2724 4829
2725 6400
2725 17286
2725 7817
2725 5524
2725 16278
2725 3237
2725 17323
2725 8884
2725 8394
2725 6604
2725 7882
2725 8012
2725 15957
2725 8538
2725 6625
2725 10339
2725 2792
2725 7660
2725 3829
2725 3476
2725 6397
2726 2794
2726 5533
2726 11287
2728 9707
2728 11044
2728 7591
2729 4521
2731 3427
2733 4368
2733 7073
2733 8751
2733 11732
2734 5385
2736 9738
2736 13508
2736 6730
2736 10415
2737 7696
2737 11052
2737 5829
2738 3696
2738 7137
2738 5898
2738 3005
2738 10022
2741 4642
2741 12164
2741 17890
2741 14992
2741 8499
2741 14996
2741 8760
2742 2744
2742 9231
2745 5259
2745 6302
2746 7324
2747 7746
2747 8806
2747 5131
2747 8621
2747 6222
2747 6600
2747 7762
2747 8760
2747 4857
2747 14845
2748 4712
2749 4737
