1 12336
2 1589
2 3031
3 11526
4 10056
4 3794
4 6030
7 1258
7 7292
7 12122
7 15509
9 13884
9 3535
10 14232
11 1543
13 12482
14 13646
14 7255
16 10360
17 14929
17 4709
18 18035
18 8686
21 11784
21 8394
22 9127
23 932
24 4509
24 16806
24 6863
25 816
25 652
27 7011
28 7017
28 16563
29 17601
30 2708
31 6529
32 15465
32 1588
33 9863
34 10657
34 9396
34 7606
35 12853
36 3305
36 6555
37 340
37 156
38 4543
39 15448
39 15780
40 8288
40 5756
40 298
40 4620
41 10052
42 12300
43 2353
46 14357
48 11490
49 7095
51 15009
51 6026
54 4778
55 16893
56 616
56 13077
57 7769
57 11950
58 2893
58 7317
60 2208
61 4229
61 11592
61 1929
61 14646
61 8343
61 3807
62 4583
64 75
65 10644
66 8706
67 14008
67 12347
67 6235
67 8822
67 14319
69 12554
70 11456
70 11393
70 8868
72 1730
72 11261
73 18579
73 18492
75 7861
77 10839
79 5329
80 5949
81 4593
81 1147
82 14484
82 2975
84 3216
84 7582
85 14354
86 7421
86 10077
88 15192
88 6747
88 8765
89 8196
90 2335
92 16042
92 11951
93 1166
94 18248
94 11772
94 11052
95 4264
95 3983
97 4182
98 4108
99 16292
100 568
100 15211
101 6160
101 3084
101 3869
102 8085
102 2295
103 1674
104 7838
105 2738
107 12120
107 1085
108 13685
108 14350
108 12703
109 15912
109 3937
109 13332
110 2968
110 5483
114 5244
114 3692
114 9324
116 17529
116 2679
118 275
118 11173
119 2206
121 8682
121 11694
122 11704
122 4334
124 4858
126 14176
127 11491
127 12901
128 4992
128 13833
129 878
130 4377
130 1090
130 9597
131 7570
133 10437
135 13059
136 716
136 6278
137 1579
140 8070
141 521
144 5642
145 15110
146 13840
146 4826
147 11735
147 11551
147 17556
147 6102
147 3799
149 14383
149 5975
151 6641
151 12907
153 7511
155 9792
155 6225
156 5123
156 11692
157 9707
158 16684
158 9108
158 1990
160 16398
160 6815
161 8901
162 2488
162 1059
164 5432
164 11027
166 5216
166 9664
167 14075
168 926
169 4376
170 4299
173 2425
173 7445
173 855
175 196
176 15947
176 9950
177 4375
178 13721
178 18257
181 15737
181 8452
183 1376
183 3639
184 12098
184 18446
185 7146
185 1805
186 9903
187 4640
187 6707
188 4153
192 18112
193 6585
193 9859
195 14341
198 530
198 16830
201 11000
201 3930
202 4136
202 11677
203 7140
204 15144
204 17386
205 13732
205 7012
207 15430
210 2064
210 15025
212 12563
213 15004
216 11513
216 7543
219 2760
220 2743
222 3854
223 8467
224 12715
224 525
225 13308
226 5570
226 5140
226 15719
227 1456
227 3739
227 8509
227 10662
227 12637
229 14650
229 12787
230 11068
231 3389
232 10543
232 7998
232 6263
236 18461
236 17935
237 983
239 3828
241 7419
241 6847
243 6386
244 6544
244 2445
246 13154
246 2260
247 928
247 15133
249 18319
251 8440
256 10053
256 5678
258 322
258 5171
260 1289
260 13474
261 1659
263 5006
263 917
263 2118
264 13256
264 12049
265 5185
267 11443
267 5173
268 15532
269 12120
269 3517
270 13828
270 1390
272 14024
273 1833
273 7274
273 7339
274 7225
274 4382
275 13314
277 13750
278 15181
279 8140
279 2820
281 4757
282 10943
284 4059
284 1788
284 3295
286 11800
286 16644
287 2025
287 1939
287 8156
287 3897
289 12959
290 14045
291 8656
291 5676
292 9161
292 13929
292 12457
294 14834
294 11429
294 16398
296 14073
296 15923
296 7235
296 14213
298 2456
298 12253
300 16841
301 2869
301 18575
302 17473
303 5762
304 6400
304 6063
306 6265
307 17425
307 16838
308 16766
310 1966
312 1711
313 3808
313 7080
316 18488
318 2753
318 8860
318 17469
319 18490
321 9226
323 2933
325 10287
326 14344
326 13449
326 10903
327 9755
330 5208
330 8628
331 12226
331 13770
333 9667
333 18067
334 16402
334 805
335 5010
335 12811
335 16746
336 2932
336 14259
336 1124
336 10772
337 2952
339 14777
339 620
339 11613
342 7521
343 8789
344 2167
346 9344
346 2474
348 13110
348 11950
349 6044
352 13704
352 6404
352 9902
352 2527
353 7931
354 8192
355 6859
355 3734
356 832
357 1202
357 5389
360 13514
361 18157
362 10064
362 13015
363 3138
364 10279
366 3005
367 4234
368 7586
368 15950
369 15968
369 10627
369 13742
370 16247
372 2593
372 4251
372 17518
373 11456
373 14008
373 11723
373 10524
374 11828
375 6808
375 2900
377 7212
378 6190
380 2263
382 4972
382 8749
388 13200
388 15349
389 16635
389 6799
391 8436
392 10196
392 6580
394 11412
394 10421
395 9277
398 16856
398 8852
399 7525
400 6025
401 15509
403 15196
403 3780
404 3697
405 6738
405 7538
405 10118
406 5296
406 12516
408 2777
408 5789
408 10727
411 1109
412 1438
414 9059
414 9821
415 1113
416 5448
416 11395
416 613
417 12803
418 14074
418 8227
420 7672
420 6554
422 6006
424 474
424 6109
424 7061
425 9040
425 551
427 7352
427 14458
427 1835
428 16776
428 10361
428 3827
430 14242
431 11685
431 1735
433 12578
436 3345
436 15514
437 1447
438 2578
439 4185
439 15949
442 12472
443 10998
443 12559
446 3226
446 14587
446 15837
447 6824
447 6038
448 17954
450 1136
450 14311
451 11362
451 7310
452 3752
452 5025
452 7969
455 7123
455 1295
456 2779
456 15908
456 7782
456 798
457 8928
457 3983
458 3105
458 16452
460 14983
461 7936
461 11818
461 9227
461 11356
465 13604
466 4307
467 11881
467 16452
468 10370
473 7148
475 3571
476 1245
477 1280
479 8561
480 4185
480 11874
480 10452
481 7348
481 4269
483 5226
484 3587
484 17356
485 965
487 6041
488 11875
488 9981
489 10585
489 3557
490 4932
491 12481
491 706
491 8650
492 7570
492 12215
494 3658
498 13407
499 6543
501 3288
501 10322
501 15122
502 15088
507 1346
508 16522
512 3856
515 840
515 6504
516 5428
518 7447
519 2928
519 5024
519 1090
522 4389
522 11478
524 1122
524 1884
524 12423
525 1399
526 13734
527 2338
530 14340
532 2620
533 3229
534 12528
536 4908
536 8853
537 6252
538 9653
539 11814
543 7773
543 8031
544 10181
545 10520
545 1467
546 12742
548 9000
551 6966
552 3272
552 7436
553 16194
553 18223
554 4376
554 11643
554 6077
555 18275
555 13231
557 1167
558 15556
560 7684
561 16228
561 1228
562 12314
562 9654
563 15011
564 3141
564 18711
565 7133
565 16799
566 1222
567 2248
567 2410
567 10219
567 5466
567 18253
570 9761
570 887
571 4114
571 8186
571 11786
571 17294
572 3969
574 6463
576 1194
577 6906
577 11186
578 16944
580 5690
581 2181
581 16014
582 7760
582 9043
582 16949
584 3847
585 2140
587 2872
587 5668
588 14085
589 13814
590 1793
591 5937
592 11706
592 6102
595 1584
599 10890
600 15349
600 4454
600 8359
601 4993
601 17133
602 1916
602 5791
604 2083
605 3728
605 5736
606 1536
606 17085
607 9794
607 13267
608 7673
609 17246
611 2899
612 13096
612 18255
613 13098
615 7444
617 17784
617 5027
618 7167
619 13018
620 4380
622 11978
622 4765
623 3412
624 5033
624 8884
625 2094
627 17554
627 10678
628 10123
628 7148
630 2552
632 10665
633 10002
633 4179
633 4054
635 17649
638 14641
638 7444
641 11160
641 1269
641 1590
641 14341
642 4456
642 7662
643 745
644 5007
645 13256
645 3788
646 7545
647 5297
647 12094
648 14501
648 4551
649 13756
649 1958
650 15419
652 3139
652 11763
655 10421
659 6146
659 8348
660 1404
661 15924
662 8510
663 11836
664 5996
664 14062
665 3115
666 14827
666 9797
667 15948
667 1071
669 10736
669 10730
669 9718
670 902
671 14120
671 4525
671 9487
671 13778
671 8566
671 1371
672 13463
672 5911
674 6467
676 8184
676 10561
676 7895
676 12216
676 1111
678 14977
678 5362
679 1986
680 13660
682 16615
684 2777
684 5324
684 3652
685 2298
685 7502
687 1837
688 9096
688 12033
689 18448
689 910
692 16706
693 12033
695 872
696 10945
696 15410
696 15443
696 11247
697 10055
698 6382
700 13497
700 7964
701 3170
701 10755
701 12717
703 4203
705 6881
706 11862
706 6799
707 5008
707 9521
707 15251
707 17638
709 10922
710 9195
714 4755
714 13669
715 13572
716 11499
716 3135
717 7052
717 3181
718 904
718 6219
719 3600
721 5833
721 7412
722 3666
723 1845
725 4569
725 8754
726 7050
726 13310
731 18394
731 18204
733 7298
736 12557
737 18488
738 10535
738 6054
738 7479
741 10161
742 16562
743 4731
745 10360
745 7071
747 9512
747 9551
748 10378
748 3803
749 2407
750 5907
750 8099
751 8757
752 4052
752 16719
753 6659
753 16469
754 8920
754 1035
754 5597
754 6445
755 8640
755 17529
757 1190
759 10772
760 9542
761 7031
762 10736
762 11524
766 14450
769 6670
770 11467
771 8505
772 6753
773 1181
775 15419
777 13804
778 5058
779 7091
779 3204
780 3909
780 4991
781 4428
782 3187
783 2177
783 5860
783 6557
784 13731
787 15890
788 2346
789 17022
790 10018
790 14866
792 13719
793 11997
793 9310
794 6050
794 2877
795 7680
795 17679
797 4989
797 11101
800 8329
801 10424
801 7366
803 7428
803 7215
805 11375
806 17447
808 2842
809 11997
809 11950
809 17325
810 7720
810 9521
810 11910
811 14685
813 969
813 13153
814 2745
815 16633
815 17809
817 6260
818 11446
819 14924
820 12842
820 7798
822 15218
822 6076
822 9615
823 15499
823 6605
824 3977
824 12198
825 4080
825 4806
827 6440
827 6276
827 7750
830 8056
830 3399
835 5066
835 4307
835 6099
836 4388
836 2629
836 6917
837 11789
838 15467
838 1517
838 7725
839 2690
842 13663
843 6728
843 18165
844 13809
847 12560
849 7752
851 14262
855 10016
857 10573
859 5053
860 5229
861 5001
861 12106
861 12339
863 15312
864 6287
865 15963
865 17036
867 888
867 9247
868 11640
868 8413
868 9327
869 16356
869 2716
869 7646
870 2256
870 4855
871 7355
873 1426
874 4336
874 11713
874 8621
875 7058
875 7733
875 1751
877 10348
877 1148
877 10071
878 6409
880 7784
881 6608
881 7061
881 13934
883 5684
883 16893
884 6538
884 13687
886 5854
888 2020
890 2646
892 5718
894 6488
894 18362
894 7845
894 8926
895 14383
895 5287
901 5728
901 17446
904 14008
904 9305
904 17525
905 12340
906 9726
906 8919
907 7558
909 4190
911 6385
911 16858
911 15463
911 18509
911 13871
912 15467
913 1936
913 10788
913 18671
915 16947
916 12081
916 13861
917 15835
917 17293
919 14439
919 7727
921 3844
923 2475
924 1711
925 1440
926 1969
927 5549
928 13050
928 1764
930 3186
930 17326
930 1670
930 2991
931 7625
932 13394
933 13600
934 2452
936 8302
936 3711
937 17601
937 1861
938 9166
939 17372
940 10027
940 9996
941 2185
944 8738
944 1262
945 8293
947 17368
947 18112
948 10816
948 10980
949 3591
950 9370
953 4408
953 2409
954 4454
955 7474
958 13552
958 11973
960 15835
960 17567
961 11408
961 4735
962 13852
962 6388
962 17223
963 1047
965 12484
965 1994
965 8303
965 11338
965 9981
966 4047
968 1616
968 4154
968 16179
969 3603
970 7209
971 3453
972 17805
974 16243
975 16354
975 15756
976 3464
976 8946
977 3152
981 4882
983 8844
983 8551
985 5721
985 7323
985 8060
985 14823
987 10589
988 5627
990 1875
991 16808
991 8569
992 12298
993 2356
995 6008
996 3112
997 2247
998 10028
998 5543
999 2666
999 9950
1001 10337
1002 9529
1003 15882
1007 9385
1007 17899
1008 5440
1008 7276
1008 17419
1008 2668
1009 4658
1009 3892
1010 17851
1011 1365
1014 10946
1015 11038
1016 3284
1017 3411
1018 5023
1019 11908
1019 15730
1019 9292
1020 4194
1020 9890
1021 1121
1021 14156
1021 10121
1022 5225
1022 3677
1023 4906
1023 15998
1023 4318
1023 4319
1025 16563
1025 11981
1028 12985
1028 1628
1031 6967
1036 13325
1037 10430
1038 5136
1038 11538
1039 6001
1039 8699
1039 5271
1040 11638
1041 16928
1041 16140
1042 10226
1042 15011
1042 3773
1043 8673
1044 7765
1044 9637
1045 1616
1045 6970
1046 3453
1047 10717
1047 6983
1048 9935
1049 8602
1049 14119
1049 10999
1050 17605
1050 4023
1051 11338
1052 6450
1053 7730
1053 10922
1055 12729
1055 8570
1056 7656
1056 10373
1056 6054
1057 5498
1059 11649
1060 14384
1062 6210
1063 6573
1063 4638
1064 14159
1066 16832
1066 17644
1066 14484
1066 15454
1067 2411
1068 16089
1068 2690
1071 9929
1071 3638
1071 2599
1072 6944
1072 9202
1073 9777
1075 9387
1075 14644
1076 3411
1076 7453
1079 3696
1080 1800
1080 12438
1081 5957
1082 12975
1083 2312
1083 5073
1083 1590
1088 5346
1089 14847
1091 14917
1091 7654
1093 13076
1095 15145
1096 16061
1096 18638
1098 8992
1098 1617
1098 5719
1099 11808
1099 16279
1099 4375
1100 7281
1102 4255
1104 13796
1104 16957
1105 8832
1106 15358
1108 7008
1110 11217
1112 6140
1112 10111
1113 15034
1114 15095
1116 1875
1119 4608
1121 2191
1123 2377
1123 18401
1125 15817
1126 7032
1126 4621
1126 16615
1127 10361
1127 7186
1128 7516
1133 3333
1134 6896
1134 16690
1134 13311
1136 1434
1137 15167
1138 6706
1138 10818
1139 5966
1140 15908
1140 8789
1141 7451
1141 7078
1142 1979
1147 1325
1147 4174
1149 13080
1149 2188
1150 6528
1151 7586
1154 16171
1155 3344
1157 3475
1157 4015
1158 16407
1161 4898
1163 17136
1163 14189
1165 2272
1165 4410
1165 10347
1166 9106
1167 10619
1170 13086
1170 3023
1172 10052
1173 14234
1173 18509
1174 12287
1176 10346
1176 6862
1178 15539
1178 7607
1180 12376
1182 16056
1182 17344
1184 9106
1184 9411
1185 7117
1186 15454
1187 10760
1188 4523
1190 7968
1190 13119
1191 2433
1191 7127
1192 3383
1196 6673
1196 16657
1197 6411
1198 18599
1198 9615
1199 10945
1199 14292
1199 10478
1199 16721
1203 3105
1205 5762
1206 9201
1207 5001
1207 11549
1207 10934
1207 8079
1208 15072
1209 5757
1210 6305
1211 11794
1214 11666
1215 15361
1215 15946
1215 18211
1215 7503
1218 12560
1220 9736
1220 4525
1221 10268
1222 14776
1223 2348
1224 4001
1224 15215
1224 8073
1225 12770
1225 7295
1226 18329
1226 8276
1226 15534
1227 17660
1228 17362
1228 1230
1230 4177
1232 12636
1233 5760
1234 3929
1234 4417
1236 4904
1236 9846
1236 1391
1237 10495
1238 17081
1238 12142
1239 1440
1240 12432
1241 10816
1241 1315
1241 6261
1241 3070
1242 4846
1243 9906
1243 18227
1243 17935
1244 10598
1245 17213
1245 1750
1247 1611
1247 18069
1247 11118
1248 4366
1249 1648
1249 11045
1250 2198
1252 12978
1253 13212
1255 11288
1255 10346
1255 9291
1258 1624
1258 3255
1258 4956
1258 17359
1259 12879
1260 15963
1260 6495
1261 7633
1261 4930
1261 6829
1262 2073
1264 3223
1268 13131
1268 4331
1269 16210
1269 5758
1270 7350
1272 15113
1273 14975
1275 4333
1276 8144
1276 11648
1277 5030
1279 10495
1279 4509
1279 4814
1279 8415
1281 9351
1282 2547
1284 13451
1285 5726
1286 12482
1286 12751
1287 10179
1287 13509
1288 3859
1290 11714
1291 3968
1291 7943
1292 7773
1293 15603
1293 1404
1294 18169
1294 2859
1295 14528
1295 4391
1296 2317
1297 8398
1298 17977
1298 13930
1298 13015
1299 15013
1300 11580
1302 15507
1302 10989
1304 7710
1308 15010
1311 9561
1311 4989
1311 13239
1316 6837
1317 13387
1318 4219
1318 4126
1319 5209
1320 18624
1320 18474
1320 6199
1322 12787
1322 4511
1323 13512
1324 13959
1327 15817
1327 18644
1327 2415
1328 9613
1329 17302
1332 3977
1332 12858
1334 3981
1334 8070
1336 9337
1337 2138
1339 4000
1340 11233
1340 16719
1341 9628
1341 2527
1344 7157
1346 7715
1346 2156
1347 4731
1348 18137
1349 11566
1352 13273
1352 13039
1353 9178
1354 1656
1355 9029
1356 4528
1356 1683
1357 15410
1357 7245
1358 14859
1358 2286
1359 4177
1360 10073
1363 6059
1365 6114
1366 5059
1369 2435
1370 17984
1370 9261
1371 18648
1371 6745
1373 8066
1374 6402
1376 12385
1377 3482
1377 4610
1377 4874
1379 17149
1379 3646
1380 9859
1381 2755
1382 17441
1383 11937
1384 2077
1386 16452
1386 10636
1386 3103
1387 1980
1387 4949
1387 5158
1389 12764
1389 7525
1389 16111
1391 4656
1391 5573
1392 18401
1392 8922
1392 11395
1392 1950
1392 12183
1393 9211
1394 9845
1394 2166
1395 9547
1395 5309
1396 1909
1396 15814
1397 17806
1398 12387
1398 11965
1399 5789
1400 11920
1400 13883
1400 8438
1401 10103
1403 16721
1403 17954
1406 4709
1407 10203
1408 7066
1408 11050
1411 5135
1412 2188
1412 14541
1416 16350
1416 4493
1416 10510
1417 6109
1421 8225
1421 12879
1421 10993
1421 3039
1422 6312
1422 1809
1422 16085
1424 5938
1424 13029
1427 13227
1428 5249
1428 14324
1429 16504
1430 1812
1431 9695
1432 14262
1434 9753
1434 4826
1434 10403
1435 2619
1435 16380
1436 5216
1436 15390
1439 3861
1441 6866
1442 12901
1443 12413
1443 7911
1444 17616
1444 13741
1446 12946
1447 18711
1448 2456
1449 13800
1449 5725
1449 11375
1450 8073
1450 13971
1450 12807
1451 15234
1452 13611
1452 1873
1452 11531
1452 16007
1454 6910
1456 6538
1456 17604
1457 6073
1457 1570
1458 6540
1458 4421
1459 12793
1459 13175
1460 12195
1460 6910
1461 3707
1463 4551
1464 15158
1466 8029
1466 8799
1467 10514
1467 3139
1467 2297
1468 7721
1468 10314
1469 12192
1469 3579
1473 18283
1473 17021
1473 4463
1476 1896
1476 18380
1477 8004
1477 12677
1479 12920
1479 3023
1481 12063
1481 2463
1482 5129
1482 12180
1484 16800
1484 13123
1484 5631
1484 3335
1485 11470
1485 2319
1486 5424
1486 4354
1486 3732
1486 11386
1487 14219
1488 9576
1489 6691
1490 10409
1490 4719
1491 15400
1492 5170
1493 11052
1494 12379
1498 2862
1499 1573
1499 6789
1501 9352
1502 8875
1504 11573
1505 10754
1505 5699
1506 2426
1506 5135
1507 7807
1507 10108
1507 6895
1512 12538
1513 12116
1513 10053
1514 5946
1514 17260
1515 9370
1517 1874
1517 11133
1518 2849
1521 11777
1521 16847
1522 5514
1523 5399
1524 3808
1524 3013
1525 2517
1529 15097
1530 6800
1531 18218
1531 2631
1533 15241
1534 6277
1534 13990
1535 18512
1536 9834
1536 10790
1538 4955
1538 14223
1539 10489
1539 4142
1540 2539
1540 2950
1540 14783
1541 16220
1541 4349
1542 15122
1543 14930
1545 13864
1545 18249
1546 8376
1546 11723
1546 8877
1548 6473
1548 1564
1548 4485
1551 3553
1553 10572
1553 7327
1554 8522
1555 15311
1556 9577
1557 12648
1557 9143
1561 3419
1564 17426
1568 7196
1568 3228
1568 11039
1569 14658
1569 7464
1569 6409
1569 9355
1569 15151
1569 3124
1571 13409
1573 11219
1573 4126
1573 12129
1575 5456
1575 18532
1577 16149
1578 18633
1580 4402
1581 10148
1581 12790
1585 3834
1587 14441
1587 12181
1588 4377
1588 6600
1588 2934
1590 14610
1590 16179
1590 10263
1591 10658
1593 5773
1593 11671
1594 10795
1595 10622
1598 8099
1599 16993
1600 2498
1600 5955
1603 4107
1604 4841
1605 15565
1606 7873
1609 1820
1614 17545
1614 8759
1615 6352
1615 16914
1617 2062
1621 17475
1621 11141
1623 15852
1624 9964
1624 7917
1624 12023
1626 1744
1626 7836
1628 2950
1629 15601
1629 14995
1631 8009
1632 14179
1632 10942
1633 9033
1634 15665
1635 4348
1637 4891
1637 6189
1638 9939
1641 2024
1641 2080
1641 7638
1642 5232
1642 7146
1643 6115
1643 11451
1643 13749
1646 13532
1647 7949
1647 17031
1651 11072
1652 3338
1653 7128
1654 13384
1656 17394
1656 18293
1657 8418
1658 7032
1658 14431
1660 6775
1661 5030
1662 12596
1663 4190
1666 6333
1667 16830
1668 3303
1670 18304
1671 7835
1671 12335
1674 2019
1675 7010
1676 2641
1676 2154
1676 4162
1677 2496
1678 8463
1679 2473
1680 16223
1681 3767
1682 4432
1683 16474
1684 15595
1685 13697
1685 17347
1685 5686
1686 10171
1687 13501
1687 17983
1688 2696
1688 8048
1688 10717
1689 7576
1689 2969
1690 14848
1691 11320
1693 5009
1693 3874
1693 6061
1693 13359
1694 2866
1695 3150
1696 10057
1696 9235
1696 10094
1697 11130
1700 4976
1700 12536
1700 12364
1700 3349
1701 7603
1702 11274
1703 7048
1704 6433
1704 13305
1704 14892
1704 6606
1704 5223
1705 2198
1705 6079
1706 2911
1707 16849
1710 16245
1712 7665
1714 1966
1715 18402
1715 10794
1715 18205
1715 1775
1716 5881
1716 5531
1716 4556
1717 6797
1718 16752
1718 16179
1719 18569
1719 13450
1720 10760
1720 3973
1720 15535
1723 2186
1724 12608
1724 18562
1725 15602
1726 14445
1726 10903
1728 16553
1730 6762
1730 2755
1731 3363
1731 10629
1732 11656
1732 11675
1732 13254
1734 2595
1735 2342
1736 7367
1737 11311
1738 7077
1738 10429
1740 6594
1740 3691
1741 16104
1743 10990
1744 9354
1746 6079
1747 13916
1748 2576
1748 6802
1749 5839
1750 15509
1750 7590
1750 13246
1751 11319
1751 4339
1752 2483
1754 18165
1754 12342
1754 5807
1756 10894
1760 17955
1760 10703
1764 6312
1768 4841
1769 13333
1770 6258
1771 11177
1772 4560
1772 13817
1772 9355
1773 11786
1773 5486
1774 9625
1774 4561
1774 6437
1774 7070
1774 5127
1777 16856
1778 15861
1778 15566
1779 8264
1781 13110
1782 10652
1785 4855
1787 16500
1788 15334
1789 7919
1789 4686
1789 3831
1790 11544
1791 17998
1791 10599
1792 6239
1793 15133
1794 7923
1795 17707
1798 1854
1799 13083
1799 11459
1799 14615
1799 5999
1800 2029
1801 12802
1802 6472
1806 9004
1806 2334
1807 6037
1810 3690
1810 7748
1812 17064
1812 5342
1813 10312
1813 6851
1813 7315
1813 7429
1814 2539
1814 3647
1818 5283
1818 16805
1819 8297
1819 3186
1819 10407
1820 11529
1821 18154
1821 7655
1821 1919
1824 12399
1825 15320
1827 3802
1827 7387
1828 18132
1830 6492
1831 1863
1832 5308
1833 6816
1834 2762
1834 3503
1835 5183
1836 8389
1837 6449
1837 10258
1837 10003
1837 18676
1839 6263
1841 12922
1841 4867
1841 9495
1842 17042
1842 12383
1843 5996
1843 3015
1846 9769
1847 7820
1848 17884
1849 7213
1850 2802
1850 4652
1850 5229
1852 5577
1853 15369
1853 17342
1854 10898
1855 6691
1857 11150
1857 5055
1861 15102
1862 3800
1863 13474
1863 5750
1865 1873
1867 9517
1869 3800
1869 6305
1870 8184
1870 3913
1870 4257
1870 12160
1870 1983
1871 11506
1872 11511
1872 10308
1872 2823
1873 11940
1873 8715
1873 14974
1874 2911
1875 9485
1876 2517
1876 13701
1877 6384
1878 11640
1878 3587
1881 12534
1882 11824
1882 3642
1882 8378
1883 10506
1883 6503
1885 6165
1886 2411
1886 7334
1887 17570
1888 8411
1888 18380
1889 4785
1889 14650
1889 16333
1892 5028
1893 4620
1893 3719
1895 15321
1896 11244
1897 4080
1897 2017
1897 13770
1899 6628
1900 15480
1900 7366
1900 6263
1901 14183
1902 13618
1902 14909
1903 14598
1903 13127
1906 5743
1907 11103
1910 4268
1913 14783
1914 2512
1915 11149
1916 18165
1918 11560
1920 5184
1920 17341
1921 11437
1923 2560
1924 2502
1925 8249
1925 9502
1926 5482
1926 14138
1926 4501
1926 17885
1927 5584
1927 18587
1928 4850
1928 8367
1930 15143
1934 18156
1934 2734
1935 6873
1935 7378
1936 4566
1937 13916
1937 6833
1937 9468
1939 16839
1939 11004
1940 3080
1941 8505
1941 7291
1941 15709
1941 8558
1942 3617
1942 10942
1943 2258
1943 6283
1944 5317
1944 8527
1946 13529
1946 16083
1947 12878
1947 6679
1948 10056
1949 5522
1949 13387
1949 15524
1951 18592
1951 9425
1952 7206
1952 4503
1954 2354
1954 4790
1956 5939
1957 2613
1957 3854
1957 9653
1958 4602
1961 1970
1962 9946
1969 14728
1969 12710
1970 10434
1971 18128
1973 2792
1975 9297
1975 6519
1976 9630
1977 10754
1977 4773
1978 3098
1979 15444
1980 17888
1980 4973
1981 2449
1982 18406
1982 8638
1983 16464
1986 18533
1986 3318
1987 17641
1987 7383
1988 2263
1989 2036
1989 6654
1990 10727
1991 2652
1992 16688
1993 14060
1996 14096
1996 9738
1997 10102
1998 9561
2001 3677
2001 8694
2001 16087
2002 13032
2005 3384
2005 7601
2006 5800
2006 11192
2006 7239
2008 17513
2008 4314
2009 7948
2010 3346
2013 9351
2014 7957
2014 17839
2015 11114
2015 14956
2016 12896
2016 2753
2017 14468
2017 14038
2019 15484
2019 4068
2020 2057
2020 17087
2023 2067
2023 3438
2024 11747
2026 16252
2026 8223
2027 7417
2027 2582
2028 18762
2029 6328
2029 9693
2031 7938
2031 11325
2032 8942
2033 5975
2034 11143
2035 6824
2036 14797
2039 4061
2039 16863
2040 17495
2041 17752
2041 17984
2045 7875
2046 4009
2046 5746
2047 7332
2048 6568
2048 4978
2048 10074
2049 5944
2049 14588
2050 16713
2051 11134
2051 6421
2051 2998
2052 14968
2052 17889
2053 16064
2053 11274
2053 8853
2054 17567
2055 13308
2055 5302
2056 14483
2056 15668
2057 13800
2058 17582
2059 17602
2060 13379
2060 2077
2060 2734
2062 3832
2062 10133
2064 8332
2065 5314
2065 13626
2065 9327
2066 8692
2067 9625
2069 10818
2069 8404
2070 2474
2070 16050
2070 16766
2072 5776
2074 11137
2074 4908
2077 5128
2079 9223
2080 14330
2082 2857
2082 6682
2083 13560
2084 18065
2086 4826
2086 3086
2087 4204
2088 9895
2089 15432
2090 6858
2091 16946
2091 6341
2092 7517
2094 7124
2095 14873
2095 16572
2095 2604
2095 14390
2098 3659
2098 15814
2099 4368
2099 12581
2100 3586
2101 4038
2102 6236
2102 8757
2102 6526
2103 7954
2105 14137
2106 11148
2109 4949
2111 6570
2112 6813
2113 14356
2114 12913
2114 11446
2117 7327
2118 17894
2121 3598
2122 8941
2122 4454
2123 14567
2124 6026
2125 16315
2125 18557
2126 10295
2126 16501
2126 2159
2128 6112
2129 13017
2132 17319
2133 17242
2137 11504
2138 3604
2138 14607
2139 9715
2139 14924
2139 3397
2139 3823
2140 15428
2141 4234
2141 6355
2142 4809
2145 16410
2145 15575
2147 18112
2149 2295
2150 12872
2151 8505
2151 12814
2152 11537
2153 6936
2153 7081
2153 7777
2154 13004
2156 9985
2157 10693
2158 9706
2158 2598
2159 4841
2159 12567
2159 2846
2159 2885
2160 18073
2161 5931
2163 11861
2164 9523
2164 14589
2166 3455
2167 10582
2168 17265
2171 14956
2171 8348
2171 2446
2172 17600
2173 5345
2173 9757
2174 3297
2174 9615
2175 3376
2175 7014
2176 16249
2177 12366
2179 12352
2179 6341
2181 4220
2181 7349
2185 7056
2185 6948
2187 6723
2188 2486
2189 9147
2189 2253
2191 11442
2192 18759
2192 17719
2194 3851
2194 10324
2195 3454
2196 3736
2196 3241
2196 12628
2197 15391
2198 4747
2198 9997
2199 7534
2200 10792
2201 14661
2202 8376
2202 14096
2202 17059
2203 14048
2203 15096
2203 6710
2204 6689
2206 15745
2206 3498
2207 6459
2210 7255
2211 11443
2213 9354
2213 16163
2215 15827
2218 4587
2221 7080
2221 8513
2221 9814
2225 7632
2225 9093
2226 7238
2229 6587
2230 4316
2232 6120
2232 10238
2235 16767
2235 8671
2240 9445
2240 17605
2243 2882
2244 2792
2244 15330
2245 12756
2245 4180
2247 17371
2247 18317
2252 3758
2253 3450
2253 8413
2254 16457
2259 6560
2259 16508
2259 10022
2260 3709
2263 13970
2263 14610
2264 10832
2265 11696
2268 9515
2269 3841
2269 7615
2270 3824
2270 6856
2271 10048
2275 12554
2275 15430
2278 3896
2278 17673
2280 13184
2280 6657
2281 12499
2283 10857
2286 8992
2286 12810
2287 9535
2288 13899
2288 16844
2289 10647
2292 16562
2293 3424
2297 6780
2299 4165
2299 12438
2302 8867
2303 16656
2304 12265
2308 2677
2310 11677
2310 11207
2311 5934
2312 14184
2314 4114
2314 16452
2315 14992
2316 8808
2317 13911
2318 14311
2319 8551
2321 11752
2321 14799
2322 3568
2323 11135
2324 3381
2325 4065
2325 9062
2328 8732
2331 15864
2331 10348
2331 5815
2332 12816
2333 13730
2335 5724
2335 5834
2338 2657
2339 10162
2340 10754
2341 6001
2341 17705
2342 8649
2342 3770
2342 10476
2342 9253
2344 15912
2344 2882
2345 16928
2345 8237
2346 8283
2348 15115
2348 8707
2348 8932
2348 14198
2352 2614
2353 16526
2354 11438
2355 18481
2355 4060
2356 10600
2358 3328
2358 15352
2359 10492
2361 6299
2362 5638
2363 12418
2363 14823
2364 2629
2366 10903
2368 6977
2368 4915
2371 3911
2372 18346
2372 17830
2373 5333
2374 5502
2375 3043
2375 4150
2376 9880
2377 10364
2378 3368
2378 16419
2379 10477
2381 8063
2383 12293
2386 18334
2387 15151
2389 10224
2390 15307
2391 13810
2391 4875
2392 17904
2393 14389
2394 15814
2396 7837
2396 9936
2396 17332
2396 2973
2396 6965
2398 13559
2399 14224
2400 4880
2400 16119
2401 11142
2402 6330
2405 6900
2406 15005
2407 9053
2409 4114
2410 11302
2414 9779
2416 7326
2416 10263
2417 11119
2418 7127
2420 6193
2422 10310
2423 3377
2424 9501
2426 11693
2430 14661
2432 4963
2433 15421
2435 5739
2435 8685
2438 14990
2438 6102
2439 12608
2439 14855
2439 16169
2439 5687
2439 17193
2439 10647
2441 13721
2441 7995
2441 17429
2442 2801
2444 7980
2445 16927
2446 2496
2450 9635
2454 14980
2455 6902
2457 7532
2457 12583
2458 15012
2458 17365
2459 5610
2460 4442
2463 8320
2463 2531
2464 10016
2464 3607
2466 17261
2467 12927
2468 11321
2468 9213
2470 13696
2470 6527
2471 17976
2471 9515
2472 9882
2472 7875
2472 14260
2473 2882
2476 5763
2476 17079
2478 18732
2478 9732
2479 6921
2480 13604
2482 4299
2483 7773
2483 16549
2484 7538
2485 5686
2487 4497
2490 18529
2494 11490
2494 3820
2495 4972
2496 9598
2497 17394
2498 7942
2499 11188
2501 5338
2501 14946
2502 4321
2503 14200
2505 4473
2506 16289
2506 9575
2507 5552
2507 7531
2508 18234
2511 4172
2513 3088
2513 16599
2518 4429
2519 15974
2521 12338
2522 6439
2523 7401
2523 9463
2523 7599
2525 11965
2527 18574
2528 7418
2530 12860
2532 18249
2532 5074
2533 6227
2533 6710
2535 10236
2536 16327
2539 15182
2542 4146
2544 17554
2544 3508
2545 15474
2546 3395
2547 9011
2548 2930
2548 13997
2548 11479
2549 3730
2549 3965
2553 5865
2553 2915
2554 9653
2555 11980
2557 8714
2557 15100
2557 4262
2558 16257
2559 5099
2559 3949
2559 3894
2561 16232
2562 13876
2563 5408
2563 4849
2563 11347
2564 18053
2564 7463
2569 7217
2570 10404
2570 8735
2571 9899
2572 4644
2572 3028
2572 2725
2572 4149
2573 12144
2573 13287
2574 8001
2574 3788
2574 16901
2578 5524
2579 13829
2580 5863
2581 14660
2582 7548
2583 8248
2583 8949
2583 18013
2585 6387
2586 12884
2588 17744
2588 2755
2588 9982
2588 9054
2590 3304
2590 16639
2591 7830
2593 17732
2593 17138
2593 12413
2594 7345
2595 13061
2596 3747
2598 11789
2599 13379
2599 8252
2600 13131
2603 4362
2604 7223
2606 11874
2606 16266
2607 13007
2609 13248
2610 9889
2610 12217
2611 8010
2613 11373
2615 12308
2617 7563
2619 10972
2622 15100
2623 9099
2626 3137
2627 13848
2627 13379
2631 15161
2632 3765
2633 12015
2635 15681
2636 13051
2639 16450
2640 8345
2640 11237
2642 4576
2643 12734
2644 17884
2644 9828
2645 6577
2645 12846
2646 15851
2646 12374
2646 18431
2647 13598
2648 11238
2650 4906
2650 6755
2651 6723
2652 15825
2652 18338
2654 7500
2656 3699
2656 8836
2656 7182
2657 4352
2657 5508
2657 4020
2657 15940
2659 14224
2660 7486
2661 9003
2662 9100
2663 4465
2669 10573
2672 6273
2673 8500
2673 4525
2673 14517
2674 7530
2674 13682
2676 9892
2678 7097
2678 4642
2678 16497
2679 17681
2679 11454
2680 9680
2680 12913
2681 10758
2682 15640
2683 5941
2684 9240
2684 10722
2684 11138
2684 6495
2685 5629
2686 14163
2688 7453
2688 5309
2688 2767
2692 3227
2693 3886
2694 7328
2699 4545
2700 4879
2701 13008
2702 11241
2706 9200
2706 12527
2707 8564
2709 10238
2710 4537
2710 3708
2711 2984
2711 12715
2718 15370
2720 13261
2722 9453
2724 10242
2724 4876
2724 12846
2724 8782
2725 8380
2726 8920
2727 3032
2727 12969
2727 13079
2728 11245
2731 18628
2731 5079
2732 13081
2733 3597
2734 5454
2737 9106
2738 13933
2739 4267
2739 17286
2739 8319
2741 16688
2742 11429
2743 5764
2744 13601
2747 4547
2747 6237
2747 10975
2753 11325
2753 17295
2754 5930
2755 9512
2756 6456
2761 16441
2761 18283
2762 13513
2764 17370
2764 10012
2765 4668
2765 15135
2768 15472
2768 12887
2771 13579
2771 5348
2773 5592
2775 7896
2775 13450
2776 12070
2780 10347
2780 4165
2783 12891
2785 11602
2787 7926
2788 9328
2788 13468
2788 14455
2791 9863
2793 17028
2794 10642
2794 14431
2795 11364
2797 11915
2797 3398
2798 14206
2801 18659
2802 9752
2802 9146
2803 9822
2804 5681
2805 7818
2805 4500
2807 3238
2808 15174
2809 15595
2810 6225
2810 9195
2810 5940
2811 5938
2815 14357
2816 5102
2816 3927
2817 11258
2818 6456
2819 7731
2821 4165
2821 7239
2823 4196
2823 16798
2824 14748
2824 4679
2825 11547
2826 14050
2832 14148
2835 14577
2835 3246
2836 5902
2837 6040
2837 8730
2837 3156
2842 3089
2842 13008
2842 10295
2844 16584
2844 16142
2845 3697
2845 11138
2851 5801
2851 13154
2851 4012
2852 4546
2853 9249
2853 12635
2854 9069
2856 7310
2857 13031
2859 6820
2863 12505
2863 14179
2863 8564
2864 15563
2865 4523
2866 13138
2867 3122
2867 3554
2868 7558
2869 5847
2871 18462
2872 6110
2872 7999
2873 6481
2873 9695
2874 16489
2874 13837
2876 6834
2876 4109
2877 17827
2877 3138
2877 13998
2878 11457
2878 10572
2880 5667
2881 16402
2881 6221
2881 3422
2882 7943
2883 13096
2883 5479
2884 5055
2886 5913
2887 6122
2890 8053
2890 12718
2891 17865
2891 17495
2892 15083
2894 15404
2894 7260
2895 8635
2896 7514
2900 10439
2900 13748
2901 4555
2902 6745
2902 17693
2907 16459
2908 6272
2909 5499
2910 9235
2910 6236
2910 15167
2912 3905
2916 16314
2917 5869
2918 15034
2918 5287
2920 7012
2920 6310
2921 5748
2921 7302
2922 17287
2928 5882
2931 14402
2933 8321
2933 4995
2934 10167
2936 10492
2938 11955
2942 5568
2948 11283
2948 4205
2949 9625
2950 7882
2952 6936
2952 7043
2952 12225
2954 18077
2957 18765
2964 13802
2964 15615
2965 10178
2966 3362
2966 6074
2968 8302
2968 18127
2969 7403
2969 5103
2972 6292
2975 12916
2976 11224
2976 16257
2976 17396
2977 5540
2980 3128
2983 3488
2983 7688
2983 5831
2983 4367
2984 6147
2985 12992
2985 13952
2985 16740
2988 18443
2988 10538
2988 5051
2996 9870
2997 10484
2997 3564
2997 14071
2999 3941
2999 13303
3001 15109
3002 8811
3002 10718
3002 3943
3003 15522
3003 4740
3004 17285
3006 4971
3007 7638
3007 14159
3009 11270
3010 6520
3010 6954
3011 11808
3011 8753
3012 17808
3013 15183
3014 6837
3015 7001
3017 4924
3018 9037
3019 14824
3019 9062
3019 4083
3019 3637
3019 6070
3020 7245
3022 15464
3022 4902
3023 15565
3023 6890
3024 6132
3025 8317
3029 6550
3029 18415
3032 6682
3033 4740
3034 6835
3035 15002
3037 12953
3037 4084
3039 11641
3039 13875
3042 18132
3042 10797
3042 9542
3043 10561
3044 13523
3045 16218
3046 8612
3047 14110
3048 16563
3049 8345
3049 5555
3050 5618
3051 8698
3052 10620
3053 8211
3053 4691
3057 11486
3058 17252
3059 5083
3059 3324
3059 7982
3061 3370
3062 8409
3063 10976
3063 12972
3064 8401
3064 17074
3064 7467
3065 11051
3065 7893
3066 9277
3068 12610
3069 5032
3069 12260
3071 12857
3071 4330
3071 14951
3072 16733
3074 7684
3077 17209
3077 7933
3077 14447
3079 5438
3080 3852
3080 6897
3080 5857
3082 13772
3083 4925
3084 18630
3086 14929
3092 4570
3093 17807
3095 12595
3096 15449
3096 5356
3098 4536
3098 16664
3098 7590
3099 16714
3099 5557
3100 13944
3103 17132
3103 15314
3104 5660
3106 12288
3107 11563
3108 10506
3109 11889
3109 3218
3109 3747
3112 3873
3113 4752
3114 6459
3114 3219
3114 16741
3115 12302
3117 3449
3122 9274
3122 12090
3122 9903
3125 17535
3131 5909
3134 5850
3134 5371
3134 15974
3139 3394
3140 7969
3141 12186
3141 17474
3142 8808
3142 13512
3142 13543
3143 7504
3143 17103
3144 9386
3148 11773
3150 18371
3154 12779
3155 10698
3155 17756
3156 15850
3156 16606
3156 5319
3157 5527
3158 15946
3160 17655
3163 11429
3164 5620
3165 5468
3165 12253
3167 14983
3168 5369
3170 12168
3172 12284
3172 3908
3173 11588
3174 4883
3174 11526
3175 17098
3176 9492
3178 3924
3179 8674
3179 5638
3180 14656
3180 4809
3180 10961
3184 10371
3185 8210
3185 17702
3186 12608
3187 8344
3188 11181
3189 3272
3189 6727
3190 17441
3190 10245
3197 7735
3198 4763
3204 3885
3206 14995
3213 7752
3213 13378
3213 9478
3215 8468
3215 12013
3217 7915
3217 6455
3218 16974
3218 17062
3219 7167
3221 8921
3221 13546
3222 10642
3223 5856
3223 8688
3224 10817
3224 15665
3226 5261
3226 4135
3230 4576
3231 11136
3232 10453
3233 12004
3237 5316
3238 11042
3239 17450
3239 12231
3240 12335
3241 12879
3245 15632
3246 5716
3247 5314
3247 9727
3248 6650
3248 6462
3256 9466
3259 5829
3261 11832
3262 14007
3263 5917
3264 15505
3265 3875
3266 8768
3266 10003
3266 5719
3270 11761
3274 4015
3275 3635
3276 8699
3276 8947
3277 4881
3278 15503
3279 13902
3280 3296
3280 8820
3281 10888
3281 3897
3281 10129
3283 5740
3284 5385
3284 10204
3284 4774
3286 8164
3287 15659
3287 15291
3287 7357
3288 12265
3288 15031
3290 7396
3290 17918
3297 6384
3299 10208
3299 5772
3300 13841
3300 11899
3300 5244
3300 5213
3300 17269
3301 14443
3302 3722
3302 5954
3302 3470
3303 17083
3305 18340
3306 10075
3311 17860
3312 9200
3312 13809
3312 4482
3312 5300
3312 3375
3317 14396
3317 5583
3318 9666
3319 10435
3321 5014
3322 6985
3323 13143
3327 6963
3327 15356
3328 7515
3329 10562
3330 5755
3333 6078
3334 4291
3335 12192
3336 11874
3336 12557
3338 12370
3338 7413
3339 7839
3339 6095
3341 17673
3341 11026
3341 3507
3341 14138
3343 17422
3345 6710
3350 16134
3352 5392
3352 9103
3355 18057
3361 16915
3363 9105
3364 14045
3364 17102
3369 17984
3371 5015
3373 5419
3373 8836
3373 17574
3378 6837
3380 5440
3380 14815
3381 8859
3382 9221
3382 10439
3384 12038
3387 8224
3392 7562
3392 9578
3393 8355
3395 18622
3395 15206
3397 4679
3400 14671
3401 9538
3401 7428
3401 10589
3402 9697
3404 5724
3404 13223
3408 11854
3408 5038
3408 4391
3411 6448
3411 13266
3411 3607
3411 5850
3415 11694
3416 9384
3418 3680
3419 13492
3419 6980
3421 12746
3422 7889
3427 12513
3427 11699
3430 17631
3431 10199
3431 5821
3431 9046
3431 4311
3433 15146
3433 18004
3434 3471
3435 16830
3435 9351
3439 3626
3439 3805
3441 3713
3442 3642
3442 9782
3443 13520
3448 11436
3449 5508
3451 4064
3452 17317
3452 6037
3452 15527
3453 10694
3454 10684
3454 14293
3458 13409
3460 4256
3461 16342
3464 8211
3465 5848
3465 12192
3468 13552
3471 14486
3472 5088
3472 9952
3473 13572
3477 8984
3478 4840
3479 6777
3479 12979
3480 14363
3481 12098
3481 16939
3481 7351
3482 16304
3482 12691
3486 14381
3486 15509
3487 5170
3487 9779
3488 15495
3489 18516
3491 18385
3491 12918
3492 13524
3492 14973
3494 6665
3497 5263
3498 6804
3503 15835
3503 11822
3504 6555
3507 17374
3507 16454
3508 5692
3508 14981
3512 4933
3513 17525
3515 10265
3516 14528
3517 5170
3517 7339
3517 3590
3519 4394
3521 17313
3523 14912
3523 4334
3524 4745
3528 5956
3528 16614
3536 16856
3536 10804
3540 3919
3544 7441
3545 12407
3545 3903
3548 8130
3548 17709
3550 11920
3552 17470
3553 7692
3556 7329
3558 3636
3562 5306
3562 4101
3562 16710
3565 5106
3565 11715
3565 12650
3566 13838
3569 6983
3570 5556
3570 6005
3572 8384
3572 6190
3573 12816
3577 11515
3577 9495
3578 12391
3579 7314
3583 5349
3584 4115
3584 4293
3585 18028
3586 5568
3586 7732
3587 13591
3588 14442
3588 6902
3591 10698
3592 4457
3593 8074
3593 4660
3595 14896
3596 9905
3600 11677
3601 17568
3603 8837
3605 15958
3605 17039
3608 14301
3609 5260
3609 16755
3609 3876
3610 15617
3612 8301
3616 5209
3616 16663
3616 14921
3618 17681
3619 11640
3620 7840
3620 7873
3621 14798
3626 4393
3627 7257
3627 13931
3631 9756
3631 13661
3632 10862
3634 18052
3635 4187
3637 18650
3638 18287
3638 9910
3639 14176
3639 14396
3639 11068
3639 16686
3640 7859
3641 18771
3643 18574
3645 8609
3645 7084
3646 9298
3647 6507
3648 16073
3651 7040
3654 12185
3656 18216
3659 9778
3660 13089
3660 17066
3660 8030
3660 14399
3661 9067
3665 6930
3665 4948
3671 18361
3671 8956
3673 16418
3673 8975
3675 10018
3675 18156
3675 7285
3676 14660
3677 17687
3679 17656
3680 5273
3681 15741
3682 10235
3683 12980
3684 9342
3685 10440
3686 13449
3688 13273
3688 16651
3688 10156
3688 17780
3691 9211
3692 15370
3693 8541
3693 17998
3693 12743
3696 11810
3697 8708
3697 9958
3697 7693
3698 10495
3701 11723
3703 9904
3704 18249
3704 14538
3705 10034
3706 10308
3706 14709
3706 15685
3707 12027
3707 9503
3708 5826
3708 6562
3709 11917
3709 4934
3709 14189
3711 17731
3712 13563
3714 7240
3714 12425
3714 7962
3714 14661
3715 17947
3715 10598
3717 11939
3717 13117
3720 6865
3722 7117
3723 15321
3724 5793
3726 16474
3727 17707
3733 13530
3734 11811
3734 18721
3735 10121
3736 5173
3737 6410
3737 4299
3737 11874
3739 5501
3740 14074
3741 11305
3743 11397
3745 7615
3747 9861
3749 18330
3749 16206
3750 8814
3753 4780
3753 15399
3755 14036
3757 5610
3757 16611
3758 7137
3759 4874
3760 7228
3761 16497
3762 10915
3763 13515
3766 11337
3767 18493
3768 12083
3771 13874
3773 6694
3778 11449
3778 10694
3778 6262
3779 13732
3780 6459
3780 12053
3781 5235
3781 9355
3782 16120
3782 11858
3783 5999
3784 13248
3784 7271
3785 13669
3785 16183
3788 10510
3789 8324
3791 8298
3792 7034
3792 9485
3793 16689
3794 10627
3795 17524
3795 6398
3799 7377
3802 9418
3804 14771
3811 6419
3811 16284
3816 18470
3817 9561
3817 12425
3819 9380
3822 17662
3823 9305
3826 13016
3826 15349
3826 11831
3827 9428
3828 12447
3832 12130
3832 7811
3833 5318
3834 6528
3834 14372
3840 8401
3840 4300
3841 5339
3842 5771
3844 7451
3845 16249
3846 15265
3847 16971
3848 8498
3848 11508
3849 15852
3849 11876
3852 4463
3854 8896
3854 12418
3856 14662
3856 4317
3856 6462
3859 7196
3860 6988
3860 6790
3861 18197
3862 10456
3862 6045
3863 13212
3864 9538
3867 14481
3868 6760
3868 5956
3869 13105
3869 17644
3872 12513
3872 7739
3872 11701
3873 17371
3874 4386
3875 15588
3877 18397
3878 7538
3879 14226
3884 11476
3884 5022
3884 12743
3886 14052
3890 12978
3890 15988
3890 12183
3893 11421
3893 15742
3894 4648
3894 16751
3896 9459
3902 6088
3902 4428
3904 5002
3906 18510
3908 5346
3909 8009
3910 6513
3910 9370
3910 17939
3911 12880
3911 12453
3916 13610
3917 13563
3918 6578
3919 5637
3919 6911
3920 8141
3922 16515
3922 15556
3924 15404
3924 11044
3925 9895
3925 4431
3928 12677
3929 9214
3932 18442
3936 8935
3937 16566
3937 9103
3938 11134
3939 13733
3940 6745
3942 17496
3944 10625
3944 10755
3944 14046
3947 16893
3948 6224
3951 4742
3952 9436
3953 7385
3953 5091
3956 5113
3957 13315
3962 4145
3963 11323
3965 5432
3966 5781
3968 18210
3969 4016
3969 8043
3971 11833
3972 8726
3974 7308
3974 8223
3976 12858
3977 6926
3979 12520
3984 13127
3984 6428
3984 6023
3987 8130
3989 7112
3990 12750
3992 8920
3992 9836
3993 9442
3994 14098
3995 12377
3995 10034
3996 8006
3997 17344
3998 15539
3998 16235
3999 11524
3999 11837
4000 7286
4001 11602
4003 5420
4003 18710
4003 9238
4005 4541
4006 5454
4008 13097
4008 4354
4009 11204
4012 14224
4015 7951
4016 4841
4019 6235
4020 18575
4022 7793
4022 4907
4026 11385
4027 5890
4027 17342
4028 9688
4030 8443
4033 11644
4033 4453
4036 5745
4038 11633
4040 5692
4041 16692
4042 12178
4044 9512
4045 8232
4047 12657
4050 12383
4052 6476
4052 5959
4057 9831
4058 8073
4058 13499
4058 14710
4062 4994
4062 5770
4063 4828
4066 11129
4066 9043
4067 4846
4068 10506
4069 4880
4069 6847
4072 8066
4072 9060
4073 7338
4073 7035
4076 11715
4078 10472
4079 10936
4079 15162
4079 7575
4080 10011
4080 5582
4086 10324
4088 10218
4089 8530
4089 8077
4090 8534
4090 14727
4091 13751
4093 12265
4093 12323
4093 9958
4096 15546
4101 5767
4104 5671
4105 8270
4108 16283
4110 9892
4110 13453
4111 4217
4111 14099
4113 16684
4115 13034
4115 13763
4116 12909
4117 5599
4118 6704
4118 8314
4124 6108
4125 15700
4126 15457
4127 9434
4127 6715
4129 18429
4132 15243
4133 4434
4133 4235
4135 17086
4136 6429
4142 10074
4142 12751
4145 10116
4145 7695
4146 10688
4146 15628
4149 7331
4154 4660
4160 11932
4160 7580
4165 4202
4166 7961
4166 9659
4167 14082
4167 6959
4168 13519
4171 9784
4172 9425
4172 14074
4172 12511
4173 12538
4175 8656
4177 12369
4178 9857
4178 6146
4178 13524
4178 7574
4179 7284
4182 4317
4182 16969
4182 11445
4184 9152
4184 8692
4187 7472
4187 9043
4188 6338
4188 10324
4189 17769
4189 10283
4191 4306
4191 18132
4193 6910
4194 6308
4194 10777
4195 13599
4196 13571
4197 10224
4200 10115
4201 9805
4204 13200
4204 13139
4205 8214
4206 8826
4206 12367
4207 12092
4207 4686
4209 10259
4209 11294
4210 8385
4210 15627
4212 4376
4212 13306
4213 10545
4213 6863
4215 5159
4216 14689
4218 13728
4219 5517
4220 13808
4221 11073
4221 9956
4221 4445
4221 5806
4222 10513
4222 16322
4224 18361
4224 5811
4224 5308
4225 18337
4225 8811
4226 15187
4226 9396
4226 9837
4228 7282
4230 9644
4234 11640
4234 17386
4234 15709
4246 13611
4248 7765
4249 16276
4250 11681
4252 6122
4253 7058
4253 12582
4254 4648
4263 5064
4265 13248
4265 7962
4265 11053
4265 11650
4266 11809
4266 17770
4266 14679
4269 11683
4269 13324
4270 8737
4270 5547
4270 15828
4271 12562
4273 8892
4273 7927
4274 5857
4274 11133
4274 9751
4275 8972
4279 4749
4281 5205
4281 8918
4283 4943
4284 12186
4285 5163
4285 4331
4285 11013
4285 7406
4288 14951
4290 11360
4290 13860
4290 8255
4292 10432
4293 7134
4294 11446
4299 8056
4299 10105
4300 5861
4300 9047
4302 9254
4303 8825
4303 11825
4306 7834
4307 5404
4309 7065
4309 13849
4310 15054
4311 10052
4311 12317
4317 11069
4319 16830
4321 13802
4323 16894
4324 15507
4325 14093
4325 17702
4326 14778
4327 4910
4328 18029
4332 8509
4333 17210
4334 8217
4336 8898
4336 4919
4337 13525
4339 5056
4342 6499
4343 6544
4343 18458
4343 11317
4344 6648
4344 15101
4345 8515
4347 10698
4347 8099
4347 16798
4356 13953
4356 7195
4361 8780
4364 16695
4365 14804
4366 10378
4366 17599
4368 16776
4369 15963
4370 12459
4371 5318
4372 9257
4372 12668
4372 9829
4372 7782
4379 5559
4383 13222
4384 13736
4384 13309
4386 10697
4386 9811
4387 8916
4388 8449
4388 14467
4388 12028
4389 9100
4389 13802
4390 13256
4390 18759
4393 17755
4394 6353
4395 5148
4398 12538
4398 12119
4399 11851
4405 10311
4408 17732
4409 7712
4409 11321
4410 13607
4411 9894
4412 10116
4414 12589
4414 14647
4415 8907
4415 4846
4417 4853
4418 11306
4420 11767
4421 10649
4421 14193
4429 13935
4432 11267
4433 14183
4434 11096
4434 10967
4435 6831
4436 10329
4438 17480
4441 14241
4442 5834
4443 17313
4443 11284
4444 13728
4445 7819
4446 8529
4446 6210
4446 13284
4446 8469
4447 7259
4447 8990
4449 15673
4449 6787
4453 13132
4454 18768
4455 7016
4455 9010
4456 8264
4456 5526
4457 7291
4457 4815
4459 10876
4459 12830
4462 7461
4463 5214
4464 12333
4464 9407
4465 13742
4468 7217
4468 18380
4468 16305
4468 16161
4470 9044
4472 8745
4473 16468
4474 16608
4474 7230
4476 12001
4476 7282
4476 4486
4477 17913
4478 16872
4480 12342
4480 12519
4481 17370
4485 6219
4487 9170
4487 11827
4487 17418
4488 9779
4494 11661
4495 8651
4495 10908
4496 11460
4496 8701
4497 6919
4497 11676
4498 9285
4508 16658
4510 12650
4510 14098
4511 5525
4511 6246
4514 16151
4514 10133
4514 15477
4520 9334
4521 5346
4524 5689
4524 5203
4525 11722
4525 8627
4528 17372
4528 8397
4528 5039
4530 12636
4532 13864
4532 8947
4533 16078
4534 14793
4536 16855
4542 17637
4543 9800
4545 5537
4546 5553
4546 4970
4548 9554
4549 15570
4549 7700
4549 6063
4550 9792
4550 12322
4554 10019
4555 5520
4556 15756
4558 9971
4560 7510
4563 8850
4564 17762
4569 6488
4569 17562
4570 12025
4572 15858
4572 10911
4573 16043
4573 8279
4574 14459
4574 11660
4574 12351
4575 13089
4575 5115
4578 13814
4578 16879
4585 17731
4585 18093
4586 7634
4590 15640
4593 11442
4597 8045
4599 8176
4601 11307
4601 11804
4601 17315
4603 7394
4605 6853
4605 5718
4605 5471
4606 15747
4606 8133
4607 6520
4609 16503
4611 18255
4612 12192
4613 16182
4615 9454
4618 9967
4619 17980
4622 11843
4622 13301
4626 4938
4626 13274
4628 6979
4628 13804
4629 4770
4631 7759
4634 6257
4635 8379
4635 8629
4636 11483
4636 6973
4638 13623
4640 6281
4640 5834
4640 7091
4640 6543
4644 7721
4647 10482
4648 6775
4650 16315
4650 7764
4654 4808
4657 8749
4658 17888
4659 5096
4669 5162
4669 14402
4669 6445
4679 5702
4680 4945
4680 7356
4680 7428
4681 10146
4681 14342
4686 9476
4687 6863
4687 5807
4688 9454
4692 7453
4693 7313
4693 8766
4701 18550
4702 9355
4705 11665
4708 16402
4709 6359
4712 6849
4712 10531
4714 12610
4715 13102
4718 5004
4719 18019
4719 7212
4720 6659
4725 8578
4725 8165
4731 16864
4734 11118
4738 11671
4738 7175
4739 17230
4747 7694
4749 6460
4750 12568
4752 15539
4755 7297
4759 13995
4762 14390
4763 15195
4763 6340
4764 7769
4764 14365
4765 8051
4766 11882
4767 10263
4768 15912
4769 8972
4772 10857
4772 7413
4773 14892
4774 15840
4775 12473
4781 7503
4785 11435
4788 12880
4788 7737
4790 7394
4791 10915
4791 9141
4792 6449
4793 15562
4794 11070
4796 8821
4797 14906
4797 14318
4799 13227
4799 9694
4800 10209
4800 7324
4803 16946
4806 14334
4806 9023
4807 15216
4807 16279
4807 12959
4808 4975
4809 6112
4809 7116
4809 10176
4811 17600
4811 5177
4811 18638
4811 8414
4814 8669
4818 13629
4820 11188
4821 7246
4821 12183
4826 5635
4827 5637
4830 7531
4834 6427
4835 10099
4837 11964
4837 16629
4839 8832
4839 10419
4840 16785
4840 12774
4842 12729
4842 16599
4843 18442
4843 4975
4845 5623
4848 13956
4849 11323
4851 8756
4852 11864
4852 14649
4857 12970
4861 15135
4862 6721
4863 7168
4864 6433
4864 12403
4866 13474
4869 7000
4871 7264
4873 17196
4876 6535
4878 17149
4880 6648
4880 10062
4881 6152
4881 16222
4883 6920
4883 14241
4884 5080
4884 8045
4886 14705
4887 9257
4887 10964
4894 9657
4898 11562
4904 8874
4906 18026
4907 18427
4908 9956
4910 6281
4910 6825
4912 6619
4913 11809
4914 5010
4915 15048
4915 14034
4917 13946
4917 14069
4917 13782
4918 4932
4919 6142
4921 17681
4925 7626
4928 10180
4932 17574
4933 10875
4935 7900
4935 12582
4936 13256
4936 17326
4938 11809
4943 14193
4943 13531
4944 12528
4947 15226
4949 12350
4949 9094
4950 17661
4952 7512
4952 18204
4953 12512
4953 12397
4954 6136
4954 7006
4955 16776
4955 10116
4956 9256
4956 13571
4956 14462
4957 6037
4958 12830
4959 5008
4959 12785
4963 9547
4965 13308
4966 12249
4966 15858
4970 10219
4970 12310
4972 12761
4972 9444
4977 6562
4977 9902
4979 17668
4984 16263
4985 11248
4985 11551
4987 7461
4989 12649
4990 8979
4990 5103
4993 5968
4995 15959
4995 14903
4998 18065
5000 13341
5001 6015
5001 7548
5002 5675
5003 8657
5005 10347
5005 7054
5008 13450
5009 9575
5010 11277
5011 12204
5013 14797
5014 8651
5015 15016
5018 6488
5019 11560
5021 17966
5021 6527
5022 17164
5022 14173
5024 11173
5030 13994
5031 6480
5032 13578
5032 10531
5033 7538
5033 7830
5035 7033
5035 14650
5038 8833
5038 8203
5038 10073
5039 13916
5044 11153
5046 7415
5048 15416
5048 9342
5048 5447
5051 6569
5051 15802
5053 13138
5054 6451
5054 13781
5055 7625
5058 11491
5062 18287
5062 12405
5062 14927
5063 5831
5072 13324
5072 6396
5073 9091
5073 11325
5074 9561
5078 9107
5078 10580
5081 12162
5082 8641
5082 13681
5083 6475
5083 18013
5088 11511
5090 18635
5091 15318
5094 11397
5094 8503
5095 10169
5095 14954
5098 10924
5098 16711
5100 6944
5100 11544
5100 8358
5100 13625
5103 10925
5105 6088
5105 8939
5105 15564
5105 6703
5106 8543
5113 6970
5119 11672
5119 13455
5120 12578
5120 12958
5123 13567
5124 6008
5125 11504
5126 5713
5126 8652
5127 14674
5130 13450
5130 18339
5131 5208
5132 13403
5132 16405
5132 6989
5132 13790
5132 7493
5134 9237
5135 5867
5136 14837
5137 8004
5138 15324
5141 13342
5142 8852
5142 10501
5144 14643
5145 18094
5146 9468
5146 9957
5150 5413
5154 7965
5156 17095
5157 6399
5160 7706
5161 8808
5161 15998
5162 8237
5164 16014
5166 17153
5168 17749
5170 11880
5170 9073
5171 5769
5171 5971
5175 11427
5175 14812
5176 13245
5177 14416
5177 5201
5179 5723
5179 13748
5180 8629
5180 17055
5181 5682
5182 17486
5187 10896
5187 13883
5187 10990
5189 14901
5202 14687
5205 10788
5206 14241
5206 15143
5209 9033
5209 16953
5214 11039
5214 16681
5214 9747
5217 15573
5219 13763
5220 11290
5227 7754
5229 17904
5230 12381
5231 5526
5232 7795
5236 5755
5236 17212
5238 10954
5242 11103
5246 8090
5250 15252
5252 15627
5252 5444
5259 18449
5260 13176
5260 6508
5261 16768
5270 12447
5271 17672
5271 14516
5272 6118
5275 18059
5278 8130
5278 11796
5284 11193
5285 8715
5288 13984
5290 17196
5291 14193
5291 7620
5291 7327
5292 5740
5292 15151
5294 18432
5294 14898
5295 17032
5295 8023
5299 6220
5302 7496
5302 11397
5308 11772
5308 5853
5308 14344
5309 6470
5310 14577
5310 5508
5314 9031
5316 15146
5317 15392
5317 12238
5320 6984
5320 6738
5321 18608
5324 17268
5326 14076
5326 7829
5327 12561
5331 9462
5331 6982
5332 8101
5334 11361
5342 7931
5343 16992
5345 15680
5345 12422
5345 18218
5345 8882
5345 12307
5347 12364
5348 12554
5350 10407
5353 9810
5354 12240
5354 7673
5354 16876
5355 6893
5357 8680
5357 9303
5365 9504
5365 17529
5365 12822
5366 16093
5369 16173
5370 10183
5370 5415
5371 12156
5373 7900
5375 11505
5375 15261
5375 12166
5377 8992
5377 7722
5378 6286
5378 5862
5379 5649
5383 6138
5387 15668
5387 10572
5389 18207
5391 12375
5391 9799
5394 14344
5394 13953
5395 14896
5395 7348
5398 15246
5399 8558
5402 14576
5402 17732
5402 8614
5402 5775
5403 12752
5403 10607
5404 11340
5404 9230
5405 9352
5405 8929
5406 11699
5408 9198
5409 7436
5409 5847
5411 11524
5412 16625
5413 6733
5413 13405
5415 8833
5415 6308
5415 9223
5416 11420
5417 10322
5419 11130
5420 6449
5420 7612
5421 14330
5421 13019
5424 10098
5425 8735
5428 10723
5429 8671
5430 8926
5431 12975
5431 10143
5436 14601
5437 16072
5438 7996
5438 15142
5441 17647
5445 9048
5445 5690
5446 11547
5447 14373
5453 7581
5454 6248
5456 7558
5457 9987
5459 11454
5461 8899
5461 5989
5466 14120
5466 8828
5471 15382
5472 11476
5474 17914
5479 17513
5482 17241
5487 6573
5490 9915
5491 7008
5491 6194
5491 9350
5492 9441
5495 8936
5495 18474
5501 10226
5501 13378
5502 6384
5505 5637
5505 9254
5506 7953
5506 14099
5506 17302
5507 11851
5507 6118
5508 16652
5508 7153
5508 15390
5510 7787
5510 18622
5516 7066
5518 9905
5518 6245
5519 11979
5519 16246
5524 11427
5524 6668
5524 16863
5525 6901
5528 9299
5530 13104
5530 18294
5537 14891
5538 7749
5539 12042
5546 5911
5552 11218
5554 11438
5555 7923
5555 12161
5556 17330
5559 6923
5559 13797
5561 15228
5561 18207
5568 17356
5569 12946
5569 15260
5569 10423
5572 17446
5574 7831
5577 8767
5578 6134
5578 15983
5581 8793
5581 5909
5582 15361
5582 18461
5584 13153
5585 10551
5587 13015
5587 7927
5589 17355
5590 15382
5595 11468
5595 10100
5595 8550
5595 9375
5597 10695
5598 16859
5600 5822
5601 11952
5608 17784
5610 9631
5611 15720
5611 12691
5611 16260
5612 5899
5613 7950
5615 8666
5617 6768
5617 10543
5618 8752
5618 9652
5619 14191
5621 17147
5621 10100
5621 12861
5623 18626
5625 9894
5627 8100
5629 8551
5631 8669
5633 13238
5636 6834
5636 15014
5636 8693
5636 14046
5636 12445
5637 10792
5637 17223
5645 17695
5646 9522
5648 7957
5649 16848
5653 16089
5653 18543
5655 6120
5656 7965
5658 7580
5660 11809
5660 9699
5660 17759
5664 8167
5666 6254
5667 13531
5667 15779
5668 6964
5670 8079
5671 7364
5673 13735
5674 10897
5674 11677
5675 11455
5677 12875
5677 12691
5680 6401
5680 15746
5681 10322
5681 18157
5685 6527
5686 9873
5687 9856
5687 15133
5688 15728
5691 16316
5691 16463
5693 18619
5693 18486
5694 6616
5696 9391
5698 17069
5702 7200
5705 8609
5709 7666
5709 11754
5711 11367
5711 6695
5712 8978
5714 18611
5716 13212
5716 15742
5717 13090
5718 12806
5718 6877
5720 7917
5721 6836
5721 8302
5723 16579
5724 10964
5730 8249
5730 7634
5738 7969
5738 17370
5738 9635
5738 14545
5741 12976
5743 14668
5746 13704
5747 9075
5751 16105
5754 6296
5755 10018
5756 8824
5756 14837
5759 13164
5759 7014
5760 14464
5760 17604
5760 17877
5761 6765
5762 17898
5763 11989
5765 6449
5765 8629
5767 13665
5767 11351
5770 6740
5773 14645
5773 14725
5775 17780
5781 9777
5783 6079
5785 17356
5785 6269
5789 9252
5790 15027
5792 14201
5793 16069
5793 6341
5793 10405
5794 15746
5794 7795
5798 6363
5801 15844
5801 16107
5804 11538
5804 15013
5805 6577
5806 15372
5807 15838
5808 8713
5808 6746
5809 16328
5810 10242
5811 9107
5812 9227
5812 16869
5812 11039
5821 16806
5822 17450
5823 13833
5823 15054
5827 7631
5829 11937
5834 8667
5834 16164
5835 12463
5837 8241
5839 18370
5846 6846
5848 11927
5852 12587
5853 15158
5853 8030
5855 9829
5857 9903
5858 17500
5860 12393
5861 18511
5871 10986
5871 16419
5871 8814
5872 8944
5878 6327
5879 8640
5880 14776
5880 16832
5882 11478
5884 6434
5886 14021
5887 6515
5889 12120
5889 7101
5890 18656
5890 14326
5890 15935
5893 13036
5893 12839
5899 7815
5900 6301
5903 13937
5904 14101
5906 11979
5907 17757
5908 7902
5912 15124
5914 18332
5914 7388
5918 8830
5919 8528
5919 9823
5920 15025
5924 18762
5925 9452
5926 8714
5926 17450
5926 7439
5929 7232
5929 14623
5931 6103
5934 11362
5937 14550
5938 8569
5939 7303
5942 7079
5943 12680
5943 13828
5948 7309
5949 14891
5952 17823
5953 5961
5953 6491
5953 17441
5955 13937
5955 6388
5956 9734
5957 9333
5958 10107
5958 6741
5959 7938
5961 15672
5965 9959
5966 6135
5969 11263
5973 16947
5973 7523
5975 11702
5975 17469
5989 9205
5990 8754
5995 13797
5999 11448
5999 8025
6001 10425
6003 8119
6004 12472
6005 13741
6007 14234
6007 7071
6008 8565
6011 6825
6011 16665
6017 11270
6021 6644
6022 11672
6024 14731
6026 9657
6026 6686
6026 11785
6027 12362
6028 11927
6032 17959
6033 15935
6035 12976
6036 7029
6037 6714
6041 12336
6045 8161
6045 9991
6047 11022
6050 14411
6053 6788
6054 6108
6054 6118
6059 15462
6061 6406
6062 15595
6063 9784
6069 6329
6070 8934
6072 11068
6074 18532
6074 9981
6074 10431
6075 17997
6077 6687
6080 8528
6080 7103
6081 9042
6082 13766
6083 11832
6083 15226
6083 16919
6084 17281
6086 14905
6090 13621
6092 13958
6093 17040
6093 9133
6095 9704
6095 11607
6096 15800
6097 16730
6099 16571
6099 8653
6101 11672
6101 17243
6102 11753
6103 13633
6103 8955
6104 7578
6110 11136
6111 9622
6112 15100
6118 10789
6118 8722
6118 13398
6119 9344
6119 7865
6119 15744
6119 6556
6121 8678
6122 6163
6123 12212
6125 17010
6132 14671
6133 7328
6134 6376
6134 12020
6135 10181
6138 15884
6140 17434
6142 18722
6142 14159
6142 8277
6146 16874
6147 12691
6150 14272
6155 6515
6156 11987
6158 16161
6162 10204
6165 8914
6166 9454
6179 18531
6179 9261
6186 7373
6194 9610
6196 10569
6196 10938
6196 13519
6196 12049
6199 7043
6201 9230
6201 17639
6205 9969
6205 12700
6206 8380
6206 8765
6208 9155
6209 12843
6210 11613
6211 17652
6215 7932
6216 9450
6217 12179
6217 10077
6218 16906
6218 8101
6221 12182
6225 16670
6228 17890
6228 9476
6230 10716
6230 7799
6231 8385
6232 15031
6233 15133
6233 6639
6235 8160
6236 13747
6238 14857
6239 7337
6239 16249
6240 7548
6241 7428
6243 9635
6243 12390
6244 17574
6245 14465
6247 14440
6250 16562
6250 17770
6251 6730
6254 10616
6256 16369
6256 18333
6258 8694
6259 17810
6259 7403
6262 16696
6263 12837
6263 16222
6264 17732
6264 11054
6265 17292
6265 9317
6268 11294
6269 7578
6270 6278
6271 18006
6274 6987
6275 8320
6275 16103
6278 17310
6281 15521
6283 9729
6283 8133
6284 12946
6284 17770
6294 17200
6295 7471
6297 12764
6299 11238
6301 9410
6302 14106
6302 9653
6310 17290
6312 18025
6312 6758
6314 16786
6314 13493
6315 7322
6318 12734
6324 17312
6324 18758
6328 10325
6330 12523
6331 7625
6331 16829
6331 12919
6333 14441
6333 17999
6336 16696
6336 17284
6337 15480
6338 9469
6339 7416
6340 8040
6343 10706
6343 9469
6344 6669
6346 17498
6347 12514
6348 7474
6352 9245
6353 7936
6353 15253
6355 8730
6355 8075
6356 13333
6357 16331
6359 10031
6362 13468
6363 9781
6376 16228
6378 17316
6379 10767
6383 10438
6383 16111
6385 18209
6385 15670
6386 8812
6386 17055
6387 15838
6388 11233
6389 10391
6391 8934
6394 15563
6396 12018
6396 13380
6400 13082
6401 7973
6402 13277
6410 9587
6410 12493
6411 17446
6412 11422
6415 8382
6416 6977
6417 6531
6419 16662
6421 16009
6422 15988
6422 9983
6423 9619
6424 10854
6429 13571
6429 13349
6430 17398
6432 12735
6434 14191
6435 12483
6435 8551
6440 9412
6441 18719
6441 8511
6441 7255
6442 9459
6443 14582
6445 13316
6445 16590
6447 7228
6451 6734
6453 11951
6454 9579
6455 14331
6457 15223
6459 15871
6460 9762
6460 10834
6462 7970
6464 17219
6464 16564
6469 7947
6469 16231
6469 8743
6473 11743
6475 10684
6476 15394
6477 8728
6477 9529
6477 12240
6478 12681
6483 9444
6486 9155
6488 7906
6488 12902
6489 15774
6490 16390
6491 14677
6492 6986
6499 11883
6502 13378
6502 16219
6508 7063
6510 12746
6511 17587
6512 13604
6520 13121
6520 11305
6520 15770
6520 15676
6524 10476
6524 16341
6526 9410
6527 13225
6527 17637
6529 9074
6529 11047
6531 8922
6531 18716
6532 6715
6533 17761
6535 6884
6538 9845
6540 15180
6540 13591
6541 15289
6543 7655
6544 7764
6551 13744
6552 9636
6553 10419
6554 7128
6556 12986
6557 16127
6557 14443
6557 11508
6558 7753
6562 13152
6564 8811
6566 12587
6566 18051
6570 7528
6571 15174
6575 16868
6578 10013
6579 12026
6580 12157
6581 8069
6581 14709
6583 9741
6583 12381
6583 11989
6586 11805
6589 17322
6589 8612
6590 10337
6590 9235
6592 10796
6593 9626
6599 13809
6604 11955
6606 6665
6606 7572
6611 11239
6612 13993
6614 8682
6615 13004
6618 17284
6620 14050
6621 17817
6624 16085
6625 11072
6626 11602
6626 11796
6628 11563
6628 11613
6628 17894
6629 13949
6630 11315
6630 9628
6631 11074
6631 13164
6633 13826
6635 14110
6637 12144
6638 14003
6644 17426
6644 8932
6644 11702
6645 13754
6650 8719
6651 12198
6652 8932
6653 9784
6656 17040
6658 11563
6659 17514
6659 14120
6659 8991
6660 8763
6661 8536
6661 11386
6667 18173
6670 13984
6670 7611
6671 13086
6674 13103
6677 12144
6678 8039
6680 14602
6681 8689
6685 9698
6685 8423
6689 16464
6691 10476
6692 11864
6693 9100
6702 16134
6703 17679
6711 13492
6712 15984
6712 17742
6716 16958
6716 11582
6719 13499
6719 8652
6720 14123
6722 13264
6722 9149
6724 10897
6727 7938
6728 15656
6729 13875
6730 13524
6734 14854
6735 17315
6739 16357
6740 17221
6743 13834
6744 15191
6746 13771
6747 14264
6747 8570
6747 14501
6748 15114
6749 15453
6751 14976
6753 11345
6753 12022
6756 17973
6757 17997
6762 7292
6763 10998
6764 16080
6768 10146
6768 13524
6772 7538
6773 17241
6774 16448
6774 15185
6774 9074
6775 13572
6775 8515
6785 11539
6789 10578
6789 13047
6795 13264
6795 9211
6797 9261
6798 16721
6798 14172
6798 8101
6799 8984
6799 15962
6799 12354
6803 11812
6803 7036
6803 14884
6804 15949
6805 14441
6806 17343
6809 7514
6811 16206
6813 9632
6813 9773
6815 14900
6815 7997
6816 18512
6816 9085
6816 8830
6818 7244
6818 8709
6818 8799
6822 7834
6822 11277
6823 11819
6823 11487
6823 7847
6824 17130
6827 14830
6829 18206
6829 8469
6831 16232
6832 13341
6832 10103
6833 7085
6833 12029
6834 11010
6834 9449
6835 12920
6835 7605
6836 7130
6840 14326
6841 10882
6842 12973
6844 15743
6848 9915
6849 7821
6849 12879
6850 11114
6851 14293
6856 13033
6857 13466
6857 9871
6858 17419
6859 12656
6859 11353
6860 10957
6864 15421
6865 16276
6866 8304
6866 14863
6868 10935
6870 7640
6871 16419
6872 15022
6875 7865
6875 15100
6881 15071
6884 17043
6885 14787
6885 8741
6892 7333
6895 17203
6897 16505
6899 12018
6899 14866
6900 10103
6901 14402
6910 12270
6910 15421
6911 17330
6913 8175
6915 14458
6919 7419
6919 11516
6923 13572
6925 9004
6928 13138
6929 18667
6941 13101
6944 12800
6944 8979
6949 17560
6950 7367
6953 14906
6956 18143
6958 18464
6959 15012
6961 7418
6961 9493
6963 18593
6965 7125
6966 11368
6971 17068
6978 17066
6980 10651
6985 17659
6985 13810
6987 12989
6988 13470
6989 9450
6994 14797
6994 14567
6995 10716
7000 8607
7002 16249
7002 18570
7003 15893
7005 7337
7010 18018
7011 14004
7017 14786
7017 14173
7019 15448
7024 16840
7028 8315
7032 16410
7033 18107
7034 8851
7034 8813
7043 10265
7043 16623
7046 7994
7048 10950
7050 7446
7052 14314
7054 8855
7058 15800
7058 8346
7059 17584
7059 12919
7060 13175
7062 8615
7063 12818
7065 7576
7066 18550
7067 7651
7071 16500
7072 18608
7080 16460
7081 7249
7084 9872
7084 15875
7085 9960
7087 11104
7087 13087
7088 12875
7089 13726
7089 8935
7090 15114
7091 17677
7098 15522
7099 13101
7101 11272
7102 10737
7103 11982
7111 9227
7111 8604
7111 10798
7111 12375
7113 13643
7115 11305
7115 14815
7116 12019
7121 12650
7121 16610
7124 17002
7131 13960
7131 11449
7132 17318
7135 9758
7135 13119
7137 10822
7137 9053
7139 11770
7140 7972
7145 18515
7150 11913
7150 15340
7150 12581
7153 18558
7161 14584
7161 11026
7181 8003
7181 11925
7182 18765
7183 12367
7184 13847
7193 12762
7194 7370
7196 15182
7199 10383
7206 9578
7208 13803
7208 10927
7209 8611
7209 18492
7210 16533
7211 15369
7211 9606
7212 12335
7212 18468
7215 17079
7219 12251
7220 11073
7221 9577
7222 8552
7222 7235
7222 7476
7223 10320
7224 8465
7224 9554
7225 11448
7226 10363
7226 11212
7228 10804
7230 15530
7231 8844
7232 7321
7237 14101
7237 18677
7242 7802
7244 17242
7244 15455
7247 13693
7249 9575
7251 8155
7252 10620
7253 15564
7253 8242
7253 13349
7253 9701
7253 11954
7254 17141
7254 9503
7255 18607
7258 11813
7259 15668
7259 8278
7260 16491
7261 15128
7261 18563
7262 7752
7263 8715
7267 16080
7267 10226
7267 14787
7276 12423
7279 14682
7279 18263
7281 18714
7283 7968
7283 12010
7283 14966
7286 18610
7286 18492
7290 9088
7290 13168
7290 15640
7292 10916
7293 8217
7293 16588
7295 13549
7295 15097
7300 11710
7301 13397
7301 10271
7302 16780
7302 13701
7302 18153
7304 11672
7306 18644
7307 7768
7308 11057
7308 9215
7311 14245
7312 10716
7312 9612
7317 11323
7318 7340
7321 17687
7323 7568
7324 12881
7324 16249
7325 16010
7325 8246
7327 11602
7327 8525
7328 7761
7328 17875
7329 8757
7330 7636
7331 15461
7332 11608
7332 14682
7334 7466
7335 9274
7335 14671
7336 15146
7336 10774
7337 16265
7337 8441
7340 11634
7344 8806
7347 18017
7351 15930
7352 8031
7355 14995
7355 15291
7364 12293
7366 17655
7368 17784
7368 8828
7371 12832
7377 17266
7378 8816
7382 13620
7385 17360
7386 11700
7389 9211
7391 15909
7392 17550
7392 13535
7393 11039
7394 10565
7400 12822
7401 7698
7406 13301
7411 12398
7415 17568
7415 10773
7419 8722
7419 18091
7420 14101
7423 10731
7427 16118
7428 12422
7433 18093
7435 12280
7435 18554
7435 9717
7439 9074
7442 10341
7444 12832
7444 16844
7445 14948
7445 8062
7446 8189
7447 12038
7447 18463
7449 10565
7452 10633
7452 13273
7452 8087
7461 11954
7464 8474
7465 15399
7467 8384
7467 16458
7469 16767
7470 14192
7470 16952
7471 17955
7472 17058
7472 8436
7473 12647
7474 8268
7474 17103
7474 8191
7476 8529
7477 9166
7479 15211
7479 14709
7479 15611
7482 14206
7487 10581
7491 12130
7491 16754
7491 10022
7492 15175
7496 12118
7497 16505
7503 16330
7504 9284
7505 15602
7505 11807
7508 7608
7508 14004
7511 13643
7511 10367
7515 13489
7515 15327
7516 17170
7518 15979
7521 18132
7523 10378
7525 14264
7528 12355
7531 15419
7535 17268
7540 18529
7541 9773
7543 15071
7544 8029
7548 16330
7554 7824
7556 15352
7556 18253
7558 7961
7564 14150
7565 9944
7565 13498
7566 13765
7567 9162
7568 12327
7569 16638
7575 12417
7575 9828
7577 18569
7579 15905
7579 11854
7581 16606
7581 10745
7581 14270
7582 16637
7587 11649
7591 12523
7598 17966
7599 12139
7600 8061
7605 8346
7609 16273
7609 18092
7610 13598
7611 17640
7613 7927
7616 8804
7617 17888
7620 14986
7620 14127
7625 13814
7627 18066
7627 7782
7629 11728
7631 12520
7632 14324
7633 10174
7633 16173
7634 16165
7636 11134
7639 10472
7641 10976
7647 15964
7650 13224
7650 14730
7650 10047
7662 15968
7663 17267
7667 11993
7667 10621
7668 16675
7668 11143
7670 11186
7671 9390
7673 12362
7673 11366
7673 17066
7678 14162
7678 15003
7678 10644
7678 13046
7678 14695
7681 12097
7684 11713
7684 17852
7684 11854
7690 14399
7691 14632
7693 11842
7697 14120
7699 10158
7700 10030
7702 12578
7708 8933
7709 10422
7710 16263
7712 16344
7713 16390
7716 9076
7717 18554
7718 18050
7718 8827
7719 16302
7720 9599
7721 17196
7722 15863
7727 13466
7730 17938
7731 13089
7734 10306
7737 16832
7742 11819
7744 11590
7745 13333
7752 9688
7753 17899
7754 8162
7754 11677
7755 15148
7756 7761
7759 13554
7759 7997
7760 9984
7763 13615
7764 11650
7765 10473
7765 16218
7765 8382
7772 9350
7773 10816
7775 16554
7788 8559
7789 15150
7792 18691
7792 14540
7793 8553
7793 16995
7793 11375
7796 8647
7798 10768
7799 16504
7805 16320
7807 12270
7809 16665
7811 14706
7812 8502
7814 15711
7815 13746
7815 15159
7816 13155
7816 13534
7817 13039
7818 17511
7818 13693
7819 14779
7822 12906
7829 10288
7829 11795
7831 11438
7831 17029
7836 16744
7837 12040
7837 10786
7838 13682
7839 12462
7841 10787
7844 18441
7850 14443
7852 16722
7852 18466
7861 8541
7864 17317
7865 16751
7868 14096
7868 14473
7873 16082
7876 13713
7890 17631
7892 12123
7892 8367
7894 16426
7894 18220
7896 17005
7897 10352
7900 9659
7900 16765
7902 10544
7903 12119
7906 15985
7906 8566
7908 7978
7909 11859
7911 13124
7917 18628
7920 9613
7921 18664
7922 9649
7922 12076
7927 14385
7931 11814
7931 10393
7932 11107
7933 9413
7937 12862
7938 12563
7938 14823
7943 16838
7943 11822
7948 9538
7948 10915
7949 18709
7950 18072
7951 16285
7953 16305
7954 13837
7957 12138
7958 9335
7964 11021
7965 10923
7965 8935
7968 11661
7971 15751
7976 8061
7978 12367
7979 14748
7981 9547
7987 16152
7989 16071
7990 15893
7994 9127
7995 12896
8000 14339
8001 13262
8002 14898
8003 10545
8003 13394
8004 13837
8005 14595
8008 15950
8008 14471
8018 18495
8019 8994
8021 10513
8021 14737
8022 8308
8022 17605
8025 16252
8028 10962
8029 17784
8030 13873
8030 13098
8031 13102
8038 12963
8039 8411
8039 10581
8039 14687
8040 17454
8047 16895
8048 9881
8050 12271
8054 8275
8054 13061
8055 16686
8056 10947
8061 11754
8061 13450
8062 12829
8063 11218
8065 14007
8067 13017
8069 16841
8070 10417
8070 18710
8070 12557
8074 11799
8075 9375
8077 15437
8078 8122
8079 8182
8086 10942
8087 14305
8087 15979
8088 15418
8090 14142
8091 11528
8092 8474
8093 16418
8094 13512
8094 18152
8095 8642
8099 13225
8099 13031
8100 9275
8101 10437
8101 10703
8102 11971
8103 13955
8106 18299
8122 16264
8122 18653
8131 10122
8144 8690
8144 9878
8145 8909
8149 8595
8155 18231
8159 9612
8160 11641
8161 18227
8169 15673
8169 10757
8169 11285
8171 13340
8171 11718
8182 17827
8188 8653
8189 8629
8190 12280
8190 17909
8191 17571
8192 12180
8194 18394
8203 15032
8205 10187
8207 14381
8210 17185
8212 14049
8213 14710
8215 12718
8216 17428
8217 9329
8219 14384
8219 13119
8221 16626
8223 15662
8223 15957
8224 11851
8225 9858
8225 11053
8230 11923
8232 10300
8232 12166
8234 11134
8241 8556
8242 12423
8243 17136
8248 17664
8249 18340
8251 9283
8252 18033
8252 15570
8252 17899
8253 11815
8254 10269
8260 10548
8261 8524
8262 10508
8264 15232
8264 15371
8265 14747
8265 10279
8267 16702
8269 14553
8269 11702
8271 9809
8271 16671
8274 10982
8275 15145
8276 13783
8281 15769
8281 10219
8288 8332
8293 17986
8293 10780
8298 15519
8299 10188
8300 16406
8307 17058
8310 15242
8310 8654
8315 12235
8315 8557
8315 18486
8316 16040
8320 9093
8322 17359
8324 14598
8328 16545
8331 8568
8331 12676
8332 11267
8332 12857
8342 11868
8342 8383
8348 9284
8355 11143
8359 9624
8379 17958
8380 17657
8380 12005
8383 8675
8385 11991
8385 11854
8386 18639
8387 16197
8395 17398
8396 10409
8396 15684
8400 13808
8402 13199
8410 10356
8410 10990
8413 10143
8415 11223
8415 10237
8418 17934
8423 12920
8430 14190
8433 15369
8433 15014
8435 11429
8436 17083
8437 13280
8441 10185
8441 10095
8446 13124
8453 11306
8454 13849
8454 9011
8457 15388
8462 11104
8464 11287
8465 9493
8466 18051
8469 18563
8471 9523
8476 10452
8495 17325
8500 17120
8500 12299
8502 18225
8503 9583
8504 13794
8505 12811
8506 9465
8506 10013
8506 11697
8510 9587
8510 17500
8511 11238
8512 9769
8512 9410
8513 14577
8521 13385
8521 15711
8523 8841
8526 10363
8530 14983
8532 10989
8535 13547
8539 9880
8539 12842
8539 12333
8540 12826
8541 10194
8548 9179
8548 9997
8556 11373
8556 13917
8557 17686
8559 12817
8560 12357
8561 15149
8562 9974
8565 10755
8566 14997
8569 16507
8569 18642
8572 14859
8587 18031
8588 16563
8589 12810
8595 17776
8595 12515
8595 13966
8596 15960
8596 12813
8596 12871
8604 8741
8607 11134
8609 11951
8614 10091
8620 8901
8620 18607
8622 16420
8625 13343
8626 15171
8627 13449
8633 9398
8650 8811
8650 10133
8653 8805
8654 8667
8656 9643
8657 9907
8659 18208
8667 15602
8669 15478
8669 18626
8669 12957
8670 17290
8671 17680
8671 11665
8671 15676
8673 10159
8674 17560
8674 17706
8674 12957
8675 17830
8678 12404
8679 10107
8679 11020
8679 17355
8681 9291
8685 15184
8685 13001
8687 17451
8687 16148
8688 9512
8688 12163
8689 16595
8690 17500
8691 14275
8694 10453
8695 9677
8698 10889
8698 16148
8698 12973
8701 15016
8703 17445
8705 15034
8706 9841
8709 9740
8711 11335
8721 11555
8728 15361
8729 12326
8729 8759
8732 12539
8734 10009
8734 14055
8737 15514
8742 13688
8745 13138
8750 17864
8758 9440
8759 14193
8763 11708
8763 9431
8763 9391
8764 13094
8782 9597
8788 12648
8789 9662
8799 11615
8800 17484
8804 12250
8808 9199
8816 9467
8820 18512
8822 14261
8827 18095
8831 12139
8831 11645
8835 11964
8837 17010
8840 15318
8842 13064
8843 9333
8843 17525
8846 17202
8846 9167
8847 17161
8850 9291
8850 14989
8850 12951
8851 10976
8856 11506
8858 14164
8858 17133
8859 18605
8866 15140
8867 10889
8869 13069
8874 12011
8876 9982
8877 17852
8879 12853
8879 14647
8880 11792
8880 13178
8881 16672
8881 17206
8882 11299
8885 9055
8886 17171
8887 9199
8892 11756
8894 14094
8895 15529
8895 16148
8896 11820
8898 16369
8906 10608
8907 11643
8907 18084
8913 18218
8915 12720
8915 17573
8919 15497
8920 16939
8921 12474
8926 11390
8928 13834
8931 8935
8933 17998
8933 13935
8935 15254
8936 18068
8937 14903
8941 10171
8942 9991
8943 13078
8943 12046
8946 16953
8946 16523
8949 9537
8949 14161
8956 9448
8956 12903
8964 16681
8964 15148
8968 17573
8976 16467
8976 9759
8984 16218
8984 12349
8987 9775
8991 10889
8993 10387
8993 11159
9004 11356
9004 9325
9023 15500
9040 17068
9041 9824
9041 10465
9041 14939
9042 18537
9052 14159
9054 11939
9054 17238
9059 12766
9062 18196
9063 10534
9065 11876
9068 10534
9069 13132
9069 10188
9069 16454
9074 11993
9075 10365
9076 18690
9078 17875
9090 13058
9091 15503
9093 17454
9095 14180
9095 15893
9096 9277
9097 18141
9099 10480
9103 14449
9106 18273
9110 16971
9110 12837
9116 11207
9119 18153
9121 14633
9121 9243
9146 12873
9147 9384
9151 11447
9153 14646
9154 16804
9162 10322
9165 16223
9168 11181
9182 13088
9182 15663
9185 15343
9186 9873
9187 17819
9190 10692
9192 12926
9199 16075
9200 15802
9200 9886
9202 12587
9205 10571
9207 11324
9210 14892
9212 12880
9212 12780
9212 14893
9215 10102
9223 15651
9223 16859
9226 12224
9226 16114
9226 9943
9234 16590
9235 15166
9238 16398
9239 11937
9248 14983
9249 9692
9250 13650
9250 11566
9251 18231
9255 17496
9257 12623
9261 15772
9266 14891
9273 14947
9274 13368
9280 13505
9283 11364
9289 13216
9293 9742
9297 9581
9305 15156
9306 17343
9310 17262
9311 13625
9317 12983
9324 14895
9325 11038
9326 11381
9327 10346
9328 14664
9329 14094
9330 15907
9331 12019
9334 10834
9334 10108
9338 17032
9339 14771
9343 18565
9350 11804
9354 16408
9356 16155
9357 13981
9361 16227
9361 16117
9364 17102
9368 15318
9374 18142
9375 10037
9376 12608
9377 17817
9379 9666
9380 15570
9387 17359
9388 10097
9389 15524
9390 15908
9392 16195
9392 9812
9394 11483
9395 13489
9396 10161
9396 17367
9407 12082
9415 13632
9417 18177
9425 16291
9425 15230
9433 10558
9434 17498
9434 17668
9434 10589
9434 16142
9437 9470
9441 13380
9442 14833
9444 17776
9444 11489
9444 16453
9445 10932
9449 14677
9451 15740
9454 16008
9459 15513
9463 16753
9465 10850
9467 14483
9469 16466
9470 11066
9471 10840
9472 17545
9476 16246
9479 12560
9479 10931
9487 10553
9501 12149
9507 12161
9507 15357
9508 16549
9517 16224
9518 11099
9518 14517
9523 10002
9525 15263
9533 16893
9541 11237
9544 15334
9546 17600
9548 15631
9552 15685
9554 17820
9559 16074
9560 11914
9573 12069
9573 14095
9575 13684
9577 14580
9579 14562
9583 15153
9593 11330
9597 13562
9597 10934
9599 15934
9600 12970
9603 12010
9605 10697
9610 15664
9610 16449
9619 17217
9622 12072
9622 14358
9623 9657
9623 15555
9630 11622
9631 16124
9631 10030
9632 13391
9633 14440
9634 15373
9636 9692
9645 12327
9649 15395
9649 17919
9650 13684
9652 13955
9655 12766
9663 18063
9667 13543
9669 16804
9686 11514
9687 9801
9687 16461
9688 9863
9691 18759
9692 14859
9692 15835
9693 12957
9695 15823
9700 12563
9702 15404
9704 16914
9704 14501
9707 12529
9707 18714
9707 15563
9708 18466
9709 10524
9711 18215
9715 10462
9717 10400
9719 17315
9723 15716
9731 11381
9740 18769
9743 15484
9746 16530
9751 14860
9754 10330
9758 14394
9765 14099
9765 12101
9769 11897
9773 14658
9775 14644
9775 10775
9780 13347
9780 15054
9783 9815
9784 10755
9784 15114
9785 17211
9790 11778
9791 13770
9792 17562
9794 18609
9800 11868
9802 18031
9805 16303
9809 17608
9810 16391
9811 9963
9812 11188
9816 17262
9821 14623
9822 16496
9828 18434
9836 17616
9839 12716
9841 18716
9844 11807
9845 15860
9845 12444
9845 12621
9846 13373
9854 18555
9854 11735
9858 14962
9858 13316
9860 10361
9860 12782
9863 17292
9863 15021
9866 17695
9872 12307
9875 13236
9877 12362
9883 15824
9886 18050
9890 16075
9892 11536
9893 14136
9893 15630
9893 12415
9895 17175
9896 13806
9901 11845
9907 12000
9908 11959
9910 18211
9911 15036
9915 16611
9915 14533
9944 10805
9947 12043
9949 14609
9949 14581
9951 16636
9956 17209
9956 14342
9957 13727
9957 11807
9958 17880
9958 13100
9960 17723
9963 12129
9965 18769
9969 10374
9970 12405
9977 11447
9983 14385
9984 13751
9994 12703
10002 17641
10003 12803
10003 14468
10008 12492
10010 11116
10013 11512
10019 14874
10020 18313
10023 10322
10024 13692
10024 13743
10026 15393
10031 11436
10033 13842
10038 16733
10041 12976
10041 14643
10042 14136
10045 12468
10049 10436
10053 14445
10055 18426
10055 14443
10064 11814
10072 18091
10076 14450
10077 13696
10079 16112
10086 11481
10088 16072
10089 13871
10103 10315
10105 13721
10105 14057
10105 13743
10107 13633
10107 13787
10108 14667
10108 15135
10111 11118
10114 16677
10115 15433
10117 13621
10121 11568
10123 18641
10127 12577
10128 16722
10137 13022
10139 17675
10141 13529
10142 10616
10142 15133
10142 17647
10148 13313
10150 17336
10151 16121
10151 14822
10157 16945
10157 17324
10162 11650
10162 11843
10162 15959
10164 11592
10164 11784
10164 12179
10165 16436
10167 11130
10169 14560
10190 14087
10194 16081
10201 16322
10201 11103
10202 15147
10216 15609
10216 14982
10216 17751
10223 12919
10224 13623
10225 18611
10229 12672
10232 16353
10232 17742
10233 15357
10234 15103
10238 13285
10262 15294
10263 16564
10265 17285
10271 13378
10271 17355
10271 18395
10276 16273
10279 13063
10287 12414
10296 12252
10298 14671
10299 18721
10302 13904
10307 11192
10307 12115
10312 11907
10315 11027
10323 13071
10325 10961
10330 13802
10337 11821
10338 14291
10339 10621
10340 13182
10343 13265
10349 11738
10349 11859
10352 10949
10362 16257
10362 13391
10364 16755
10368 18136
10370 13563
10371 14133
10373 15320
10374 10848
10378 11904
10382 16656
10382 14373
10383 12857
10389 13845
10391 18687
10392 14176
10392 14963
10392 16183
10393 16532
10393 16391
10394 15171
10396 12174
10400 12386
10401 16752
10407 14260
10409 13945
10411 11362
10411 13076
10412 16847
10413 12414
10414 13750
10415 16447
10429 11973
10432 13657
10432 14962
10437 11592
10438 15521
10439 17360
10443 12382
10455 14156
10456 16093
10459 15495
10462 17140
10470 10575
10475 14828
10477 10590
10478 10657
10478 15095
10478 11351
10479 11808
10482 16342
10482 18558
10484 12228
10485 18603
10492 15720
10495 17330
10496 14468
10497 16952
10498 14567
10502 12043
10506 15905
10511 11268
10513 12536
10524 12041
10534 12316
10535 15739
10535 10916
10540 14634
10542 17173
10542 13719
10543 15925
10547 11070
10551 17571
10553 12672
10558 12408
10563 13931
10563 18491
10563 11955
10572 18492
10572 16391
10573 11222
10574 12445
10574 13886
10575 12073
10576 15481
10576 11674
10576 11019
10576 18732
10577 13804
10579 12170
10584 15100
10585 15312
10585 14579
10588 17648
10593 15109
10598 14698
10598 16431
10601 15246
10605 12902
10606 18152
10615 17484
10618 13732
10619 13889
10621 14012
10621 17335
10622 12745
10623 11556
10625 12783
10627 12652
10630 17120
10630 12776
10635 13113
10642 17560
10649 13552
10649 11427
10649 11735
10656 14527
10659 13954
10662 14101
10666 18092
10674 10788
10679 15645
10684 12007
10685 18388
10691 17392
10691 17522
10694 16919
10704 15641
10705 12845
10707 14111
10719 13008
10721 18215
10723 10835
10730 12547
10731 15006
10732 15044
10736 13345
10737 15547
10743 11394
10744 11353
10745 12575
10754 11703
10759 14648
10760 17775
10770 15035
10770 15372
10771 14545
10771 16245
10773 13140
10774 16689
10775 18017
10778 13075
10780 17243
10780 11967
10783 17918
10788 15044
10789 17864
10791 15005
10806 14854
10818 12737
10822 15777
10823 17880
10836 11046
10840 17959
10842 14226
10846 11974
10850 18232
10850 14073
10881 11141
10881 12701
10884 12270
10885 14396
10888 11283
10894 16023
10895 18052
10898 15673
10903 11581
10904 18659
10904 14036
10927 13471
10933 14986
10938 15716
10950 16938
10954 14263
10955 17807
10959 11740
10972 12882
10975 15231
10975 15215
10979 13210
10981 14672
10986 17619
10987 12390
10990 11738
10998 13152
10998 15174
11001 12130
11009 15601
11009 12116
11012 11594
11013 16447
11019 13868
11021 16554
11029 17780
11039 17838
11042 13333
11042 12335
11044 17680
11047 15860
11047 13017
11052 16434
11053 12293
11054 15097
11054 18334
11058 15400
11060 13087
11065 13285
11067 11702
11069 14176
11069 16711
11073 13489
11079 15627
11096 17375
11102 16742
11103 15758
11109 18652
11117 11507
11132 11602
11137 15180
11139 18498
11139 12812
11139 12142
11141 13863
11150 13848
11153 11576
11153 13215
11160 17803
11174 15666
11177 14344
11193 14055
11200 12764
11204 11641
11219 17384
11219 14064
11223 18732
11224 12406
11229 11581
11235 11659
11237 16287
11243 13343
11245 13949
11247 11301
11248 18080
11248 11835
11267 16624
11267 15954
11272 15666
11272 17997
11274 18030
11277 15534
11278 11674
11286 11423
11286 11367
11292 17269
11293 15529
11301 14234
11305 14439
11308 16236
11310 15546
11310 15581
11310 18255
11311 17653
11311 13871
11317 11660
11318 13982
11323 16112
11325 13258
11325 16458
11336 15971
11337 12013
11338 18472
11339 12654
11340 18715
11341 16163
11342 12863
11344 18708
11344 12924
11344 17044
11347 12984
11351 13943
11356 13625
11357 18431
11361 12667
11363 17097
11364 17807
11366 14855
11388 11409
11388 17814
11389 17998
11393 15449
11393 13662
11395 15740
11395 13397
11403 16011
11405 11514
11410 16733
11419 12776
11420 13796
11423 16236
11426 18587
11426 12574
11429 14674
11432 16666
11437 16808
11441 17646
11446 15661
11446 18485
11448 18653
11453 18464
11453 15802
11458 12267
11459 16334
11463 13787
11465 13419
11465 18605
11467 12538
11467 13333
11469 15946
11469 14862
11470 17064
11478 13946
11479 18379
11480 17022
11482 18488
11485 14173
11488 15641
11489 15456
11490 17606
11512 14612
11516 15640
11523 11574
11523 15223
11524 13729
11525 17978
11528 16706
11529 11983
11530 13959
11533 18204
11538 11668
11540 14444
11542 17510
11546 14117
11547 15146
11547 13004
11551 14106
11557 12732
11557 18030
11568 13741
11587 12777
11592 18750
11595 13966
11603 12175
11622 14088
11637 11644
11647 16266
11648 17252
11655 13874
11656 16179
11658 15506
11659 15237
11659 12879
11665 13092
11669 16610
11670 11784
11675 15375
11680 18694
11682 16778
11685 12119
11686 18155
11687 15802
11687 14068
11695 14225
11697 13015
11698 16247
11701 12349
11701 18287
11707 15802
11715 13240
11716 12312
11716 12230
11722 13213
11723 16119
11734 15451
11742 15625
11744 17172
11746 17542
11750 15838
11752 16084
11759 13066
11762 12325
11765 16019
11767 12636
11776 14643
11778 14444
11778 18386
11778 16588
11779 14673
11784 17693
11789 13384
11789 18554
11793 18529
11796 18768
11797 15666
11801 18136
11802 18025
11802 16134
11806 17206
11809 18641
11817 11949
11818 15034
11824 13449
11825 17831
11827 16114
11831 14341
11832 18628
11833 12184
11833 14245
11844 12077
11844 12383
11845 16394
11849 13623
11850 15856
11852 18080
11853 16739
11856 16584
11865 15581
11867 16183
11874 16423
11874 13419
11876 17419
11887 18257
11899 16147
11909 12419
11909 18037
11910 18034
11912 18445
11917 13763
11922 18635
11924 17749
11925 18160
11926 13286
11934 14384
11938 12425
11939 14318
11941 15151
11942 13814
11943 18054
11948 15430
11953 16431
11959 17352
11969 18428
11982 12352
11987 18107
11988 17480
11989 15583
11990 16666
11991 13836
11991 17375
11992 18225
11992 13306
12009 12952
12010 14460
12011 12217
12012 14854
12013 17997
12017 15673
12027 16287
12033 17242
12037 15519
12039 13076
12042 14658
12047 16649
12047 12409
12048 14993
12048 13391
12050 18057
12051 17018
12053 17083
12062 17527
12071 12574
12074 16848
12074 15279
12075 13832
12076 15387
12077 18384
12079 17890
12082 12546
12083 14669
12099 14194
12106 14037
12116 18049
12122 18648
12123 12562
12123 16806
12129 17654
12144 15242
12144 13285
12149 13486
12157 12427
12163 16407
12164 16459
12167 14930
12168 12980
12169 14248
12170 12436
12178 14112
12182 15480
12185 12765
12188 13670
12195 17396
12195 16543
12206 16846
12208 18714
12214 14688
12216 14894
12216 13086
12218 12878
12225 18084
12225 18430
12229 18460
12230 13237
12234 12515
12236 15951
12241 17396
12248 17637
12281 12640
12285 17752
12287 15543
12289 15327
12290 15159
12292 18073
12295 17293
12303 17064
12307 14191
12322 16522
12328 14132
12330 12427
12341 15526
12354 16134
12358 17206
12366 15003
12368 14995
12386 13600
12387 12557
12397 16742
12397 15497
12399 17658
12414 16549
12415 17649
12422 18206
12426 15212
12437 14804
12440 15950
12447 16451
12458 14399
12474 13767
12483 14536
12490 15910
12501 15895
12501 13015
12513 13096
12514 14324
12523 15681
12526 15180
12536 15107
12568 18536
12573 16304
12575 16687
12582 13018
12597 16421
12610 14534
12615 15879
12623 15525
12628 16688
12657 14453
12662 14823
12666 12811
12667 18610
12672 17352
12677 15840
12677 18750
12693 13930
12694 16733
12698 13272
12700 18107
12700 18387
12701 15421
12705 15031
12721 14729
12737 18265
12745 16985
12746 13209
12752 14193
12752 17394
12755 14243
12760 17171
12761 18154
12762 13458
12766 15500
12774 13058
12778 15214
12792 17441
12796 14984
12798 15529
12801 14258
12802 15890
12816 15743
12828 16219
12828 13471
12831 17995
12837 14331
12851 13060
12851 16501
12858 17638
12860 13256
12871 13466
12873 12921
12878 13947
12879 17424
12880 16008
12884 14071
12889 15031
12892 16076
12892 16333
12903 17445
12903 14845
12905 15879
12907 15228
12918 13212
12926 14123
12945 15562
12947 16093
12950 18460
12952 14017
12953 15215
12957 18156
12975 18672
12982 14293
12984 13832
12985 17478
13007 13774
13024 16915
13024 17876
13029 14697
13029 15547
13037 14590
13039 14275
13042 16472
13043 14658
13045 13451
13046 17627
13051 15601
13051 16162
13052 14672
13052 18532
13057 13536
13057 16155
13058 13178
13059 14951
13063 13348
13064 18067
13066 14984
13072 18610
13072 13276
13080 17878
13085 15929
13089 16441
13092 14516
13097 14117
13099 14812
13102 13487
13104 18290
13107 13124
13108 15337
13111 13649
13117 14927
13119 16623
13123 13794
13143 16262
13164 18537
13167 15470
13179 17336
13182 16430
13199 15665
13199 14723
13199 18500
13200 16958
13207 13626
13208 16372
13233 17308
13237 16104
13238 18535
13240 17120
13241 15083
13246 17706
13254 18605
13259 13277
13279 14153
13285 13826
13285 17904
13287 14892
13305 14524
13305 15646
13316 17450
13325 18194
13332 15266
13334 18347
13344 15504
13347 18762
13368 14021
13376 15966
13378 18511
13379 18707
13385 15728
13393 16564
13408 14413
13449 18446
13449 13519
13452 16486
13453 16497
13455 15755
13459 18676
13461 16529
13463 18613
13464 16677
13467 13997
13469 16501
13470 15934
13473 14671
13474 16362
13494 15024
13497 15893
13500 13900
13500 16847
13528 18768
13532 16344
13532 14442
13563 16864
13590 16901
13603 15718
13606 17500
13611 16589
13612 15021
13618 13945
13620 14471
13622 14101
13626 16585
13632 14859
13634 16851
13636 16938
13645 18474
13647 13663
13661 16174
13662 13681
13672 13806
13701 18532
13721 16692
13733 15529
13735 18366
13735 17518
13736 16872
13748 16572
13753 15835
13754 15611
13756 16615
13766 18057
13772 13899
13777 18434
13778 15711
13797 17935
13797 15179
13803 14683
13804 14708
13814 15421
13825 13838
13829 18079
13837 17769
13842 15418
13846 18073
13852 17667
13856 14149
13860 17640
13860 16582
13872 15769
13880 14082
13884 18378
13902 18557
13916 18177
13930 14011
13930 17495
13931 15007
13937 15671
13940 17511
13950 15546
13959 14400
13960 18464
13964 18294
13965 15717
13969 15330
14004 16409
14006 14217
14006 14246
14012 18468
14022 16792
14049 14673
14055 15159
14073 16424
14073 16223
14075 17392
14112 15251
14112 18588
14119 18314
14119 18076
14120 17948
14121 17357
14125 18049
14130 18656
14130 16257
14146 15241
14149 16423
14161 16120
14162 17742
14163 15075
14164 18533
14172 16945
14172 16331
14179 16274
14179 18443
14180 16008
14184 18449
14189 15809
14196 14607
14234 16069
14241 16835
14246 17617
14255 17981
14272 15234
14272 15498
14291 17652
14292 17752
14294 17769
14295 17627
14297 18253
14298 15546
14298 15391
14304 15773
14305 17062
14314 16481
14330 15348
14331 15444
14337 17967
14338 14566
14354 17823
14358 14547
14365 18161
14385 14896
14394 15575
14400 14590
14410 17681
14415 17966
14448 16080
14448 17267
14461 17244
14469 15631
14473 17292
14532 16174
14560 17776
14569 18084
14577 17421
14580 15309
14587 15418
14595 17209
14595 17763
14600 18675
14602 17385
14606 15771
14616 17775
14630 15451
14632 15851
14644 14695
14657 15923
14660 17211
14665 15499
14669 14793
14674 16951
14688 15402
14705 15682
14727 17262
14728 18627
14729 15256
14732 16629
14747 18194
14761 16496
14761 17044
14771 17360
14781 14963
14787 15148
14788 15157
14790 18676
14829 15580
14831 17872
14838 18463
14857 17904
14860 16460
14861 17170
14876 17549
14884 15480
14884 17721
14894 15347
14895 17904
14904 15919
14908 16231
14952 16843
14954 17292
14973 17961
14982 17213
14983 17133
14996 16100
14997 18574
15007 15839
15009 16172
15011 18575
15012 15861
15016 17831
15023 17343
15024 16353
15037 15963
15072 16635
15082 18613
15097 17657
15102 16127
15103 16274
15108 16337
15133 17815
15135 15722
15138 17357
15138 18317
15152 17081
15158 16246
15159 17286
15167 16046
15173 17655
15188 17904
15223 18444
15229 17828
15230 17583
15233 18531
15234 16870
15234 15535
15240 15838
15245 16829
15248 18533
15250 17550
15260 16579
15265 16353
15278 17640
15307 18254
15311 17816
15311 15940
15321 17480
15347 17019
15363 18250
15369 16420
15370 18476
15370 18611
15376 18177
15389 17421
15390 16733
15393 18579
15393 17807
15406 15870
15410 17664
15412 17643
15414 16613
15421 18190
15433 15895
15444 17782
15445 17252
15448 15749
15453 16127
15453 17894
15453 17935
15454 15663
15455 17545
15467 18090
15484 17084
15495 18030
15502 17510
15507 16671
15517 17603
15519 16238
15543 16127
15560 16455
15563 16078
15576 16957
15583 17266
15583 16010
15596 18588
15604 16579
15606 18572
15606 17094
15627 17479
15640 15777
15647 17372
15671 16216
15672 16050
15678 17527
15685 18690
15721 17484
15722 18328
15725 16715
15739 18443
15741 18142
15742 16430
15750 18258
15764 16587
15766 16345
15776 17332
15776 17878
15802 16677
15802 18061
15819 17149
15838 18283
15854 16721
15855 16715
15859 16866
15870 17336
15925 16703
15932 17043
15960 16040
15975 17287
16007 16616
16008 18718
16019 16629
16041 16716
16054 16512
16063 16835
16064 17652
16074 16088
16077 18769
16085 17904
16085 17478
16103 17262
16114 17288
16115 18150
16119 18498
16127 17266
16140 16870
16142 18394
16151 17570
16165 17242
16219 17793
16239 17041
16246 16648
16257 17616
16263 18154
16272 17874
16327 16965
16327 16503
16330 16722
16331 16987
16333 18673
16351 17514
16357 16919
16380 16730
16402 16523
16406 16618
16407 17559
16409 16778
16410 16867
16421 16689
16429 17010
16441 17326
16466 17719
16473 16499
16478 18476
16499 17599
16530 16907
16579 17116
16579 18459
16579 17821
16588 18624
16605 18490
16605 18191
16606 17523
16618 17648
16636 17518
16638 18161
16646 17443
16646 18030
16649 16664
16650 16710
16657 16662
16663 16755
16666 17473
16688 17223
16691 18329
16708 18609
16715 17631
16734 17550
16741 17174
16742 18604
16780 17392
16780 18111
16793 18387
16806 18009
16829 18153
16835 17686
16845 17582
16848 17528
16901 17657
16906 17699
16915 17467
16927 18555
16967 18157
17043 18403
17064 18500
17074 18729
17097 17443
17138 17706
17153 18715
17170 18073
17193 18687
17217 17496
17228 17977
17265 17672
17287 18054
17343 17422
17372 18379
17373 18049
17384 17425
17422 18687
17473 18034
17478 18556
17558 17912
17643 17839
17664 17889
17668 17763
17668 17755
17731 18641
17743 17900
17756 18380
17761 18035
17924 18715
17938 18257
18018 18441
18065 18215
18071 18592
18106 18709
18165 18298
18211 18393
