1 3928
1 1097
1 586
1 236
1 4286
2 19944
3 2784
3 1068
3 7020
3 6628
3 10013
4 3956
8 10
8 715
9 8032
10 41
10 4907
13 138
14 2352
14 16752
14 15
15 963
15 5637
15 3349
16 44
17 256
17 1792
17 7685
17 15080
17 20982
17 4620
17 4818
17 5430
17 25
20 225
20 115
20 21
20 174
21 23009
21 1125
21 414
23 24
26 13097
26 2291
26 2908
27 12637
30 2183
33 9280
33 11905
33 590
33 11591
34 11810
34 7470
35 17002
35 7878
35 1455
36 512
36 5288
36 1174
36 3647
37 19072
37 16064
37 18597
37 38
37 8904
37 2010
37 6214
37 314
40 1032
40 1182
41 474
41 4863
41 15941
41 2287
42 11138
44 156
46 5073
46 7426
46 3441
46 3665
47 2296
47 658
47 70
52 3897
52 20684
56 6560
56 2470
56 2987
56 3155
56 7414
56 10424
57 1824
57 11553
57 5957
57 5958
57 5769
57 277
60 20425
63 6204
63 8925
63 13029
64 16075
67 5060
67 18198
68 2304
68 18369
68 924
68 11069
68 19537
69 4560
70 18441
70 4365
70 3730
70 6940
70 7709
70 12319
70 12192
70 3105
70 11171
70 5924
70 2217
70 8135
70 22817
70 19634
70 5428
70 310
70 8378
70 3517
70 4935
70 18248
70 8266
70 6861
70 16219
70 14051
70 999
70 924
70 12268
70 1520
70 13938
70 754
70 6271
73 852
74 3168
74 458
74 7618
74 213
75 77
75 9774
76 786
77 433
82 496
82 2257
82 93
82 10473
83 670
84 19879
84 11596
84 1309
84 8208
84 6289
84 2930
84 1460
84 1560
84 19503
84 413
85 10389
86 1945
86 10076
90 10908
91 7618
91 4583
91 4681
91 4903
91 1717
91 3352
92 1707
92 9569
92 1691
92 4101
92 469
94 9521
94 8687
94 17630
94 17975
96 2178
96 1477
96 7051
96 7052
96 1199
96 2033
96 14334
96 3038
99 2286
101 11617
101 11615
102 690
102 4907
102 8650
104 105
105 371
105 373
106 17795
108 109
109 2438
109 351
110 114
110 2476
111 8969
111 14099
113 15049
114 17872
114 12234
115 13264
115 15689
115 1268
115 8766
116 728
116 857
116 22523
116 1692
116 4085
117 1691
117 1019
119 120
124 4280
124 20345
124 3338
124 4267
124 22205
125 13818
127 13241
127 1762
127 17299
127 8867
127 7998
128 1024
128 3680
128 12539
129 5200
129 6580
129 18509
129 6486
129 613
130 21679
134 2152
136 12756
136 3877
138 314
138 1051
139 5808
139 252
139 2975
140 5537
140 22980
140 2390
141 9457
141 1212
141 807
142 3064
142 12523
142 748
142 6709
142 7854
143 2146
143 2963
143 12524
143 2965
143 6709
144 9339
144 1414
145 148
145 5405
145 422
146 148
147 12664
147 7768
147 1254
147 310
147 6136
149 7514
150 10336
150 1762
150 18482
150 11733
150 3511
151 22376
152 8539
152 2860
153 155
155 12832
155 5218
155 18811
155 8558
155 7759
155 3153
155 11861
155 4023
155 18808
155 7995
155 5565
155 5566
156 653
158 19906
159 14432
159 22242
159 4899
159 6373
159 422
159 5738
159 21516
159 9090
159 3283
159 1812
159 1974
159 2967
159 10003
159 441
159 11139
159 733
159 19902
159 3039
160 520
160 1520
160 7010
160 9820
160 2501
161 7072
161 1728
161 337
161 1068
161 3277
161 945
161 1019
161 13500
161 3455
166 688
166 19682
166 8195
173 1834
174 8512
174 175
174 727
174 252
174 3167
177 21457
177 21458
177 3167
178 386
178 451
178 19050
178 7490
178 5421
178 7665
178 179
178 182
178 16781
178 11291
178 3455
180 1176
180 22757
180 365
181 337
181 12147
181 4732
182 995
182 7697
182 2867
182 1012
182 8957
182 8958
182 1503
183 731
183 5430
184 11224
184 10720
184 355
184 5429
184 6350
185 17491
185 1223
188 6666
188 2044
188 189
188 1349
189 3213
191 3800
194 5786
195 912
195 3793
196 198
197 797
199 3412
201 3827
201 206
203 3773
208 2100
208 214
209 8664
209 483
209 4668
209 1351
210 1028
212 21704
212 335
212 5924
212 910
212 17079
213 5842
216 467
217 3783
218 3099
218 9254
218 910
218 11892
218 219
218 2139
219 913
219 4515
222 806
223 5225
226 673
227 11448
228 2421
228 2423
230 231
232 233
234 22179
237 12502
237 12501
237 15638
238 1360
240 3183
241 625
241 323
241 2623
242 3379
242 4756
242 6038
242 924
242 1309
242 5790
243 1201
244 7859
244 3155
244 10763
244 7573
247 251
248 5185
248 4818
252 3377
253 4580
254 1339
255 4301
257 258
258 2727
258 559
260 16683
262 3152
262 5387
262 9668
262 14197
262 2894
263 2522
263 930
263 18492
263 4154
263 16709
264 3467
265 268
268 15293
269 6244
269 13701
269 5444
269 2799
269 18128
269 6645
269 9494
269 2713
269 4207
269 14300
271 12014
272 1339
272 830
272 8407
274 14345
274 275
276 2893
276 10549
276 10550
276 10551
277 14346
277 14353
279 14344
279 14354
280 14472
281 7282
283 1219
283 478
283 967
289 1401
291 292
292 16377
294 296
299 300
299 454
300 1209
303 9497
303 2243
304 5456
304 3291
306 14334
306 8794
306 2741
306 1830
306 5199
310 12162
310 1762
310 655
310 19987
310 6328
310 18905
310 605
311 805
311 3368
311 11241
311 2221
311 13329
311 4532
311 6333
311 7326
311 10751
312 14145
314 2827
314 4754
314 1620
314 405
314 7958
314 1081
314 2526
315 5082
316 5280
316 3808
316 22500
316 10598
316 1574
316 583
316 522
316 11597
316 8208
316 992
316 9340
318 7723
318 3333
318 5355
318 9548
318 407
318 12475
319 7707
320 611
324 325
325 22527
326 2176
327 840
327 5048
327 1212
328 15328
328 2968
329 521
329 6418
329 1227
335 3648
335 2378
335 1021
335 22278
336 467
338 1173
338 3174
338 12829
339 13896
339 988
339 1730
339 2732
340 4739
340 2982
340 1099
340 364
340 1303
340 6589
341 2982
341 711
341 7852
341 9523
341 342
341 9273
341 3994
341 1562
342 7134
342 10199
342 10390
342 10381
344 478
346 5691
347 423
348 770
348 10532
348 746
350 13546
350 494
351 4876
351 4875
351 3204
351 14569
353 1813
353 3958
354 888
357 358
357 807
360 11137
360 995
360 4286
361 744
361 1131
361 5868
361 1716
361 3545
361 1019
364 947
365 836
365 2857
365 9613
365 20367
365 11097
365 1695
368 13624
368 22114
371 2166
371 16374
371 5054
373 1969
386 451
386 1226
386 1397
388 7457
388 16356
388 16357
388 998
388 904
388 11759
388 20112
388 11349
391 392
392 3141
393 2387
393 2916
393 3405
394 3289
396 1521
397 1730
399 1274
399 2827
401 17469
401 16982
406 13704
406 12890
406 4140
407 1601
407 3099
407 2830
412 10045
413 8663
414 20581
415 551
416 7393
416 4314
416 7411
416 7394
418 1084
418 6357
419 5699
419 647
419 423
420 552
420 19752
420 579
420 12963
420 1226
421 498
421 3901
421 3783
422 6155
422 1151
422 2681
423 12032
423 731
423 1275
423 11389
428 429
430 3024
430 780
432 1752
433 434
435 5174
435 5256
435 7134
435 3958
435 5022
435 7973
441 1200
441 450
441 15147
441 2243
447 912
447 9721
448 449
449 1043
449 8862
449 20575
451 1001
451 7723
451 12386
451 856
454 16581
458 1712
458 2243
458 466
458 2814
459 16809
459 6987
459 849
461 10410
461 2051
461 12052
463 2764
464 11032
464 1946
464 4795
464 3271
465 15874
465 11011
465 3238
465 17802
465 754
465 7992
466 2827
466 5887
467 2803
467 2236
468 469
469 9440
469 23046
469 1830
469 8682
469 17611
469 2001
470 8459
473 5140
475 4906
475 476
476 2361
476 19372
476 1358
478 2483
480 2804
480 9357
481 2351
482 12101
483 6125
483 591
485 486
486 591
487 489
489 4154
494 3680
494 4580
494 14869
494 20441
494 8634
496 9391
496 6283
496 19109
496 4277
497 3065
497 498
497 9991
498 1477
498 13552
498 10006
498 7065
499 1477
499 599
499 3065
499 1274
499 13531
499 988
500 1937
500 4106
500 2763
500 20860
503 1568
503 1927
504 5525
504 5526
504 3510
505 506
505 1124
506 2305
506 1125
506 2598
506 6350
506 11966
509 6705
512 1454
513 1801
513 3049
513 985
514 9713
514 5129
514 5770
514 20300
514 11951
514 3664
514 1937
514 8338
514 5881
514 20989
515 5375
515 9205
515 5374
515 5047
516 5377
516 10516
516 10517
516 8473
518 7721
518 606
518 758
520 713
520 838
520 8143
521 10043
521 10041
522 4098
523 1510
525 3804
525 526
526 5083
526 6156
527 4993
527 3458
527 2836
527 2290
529 2489
530 14016
530 13570
530 22340
530 12166
530 2633
530 17645
530 5869
530 8533
531 1601
531 10603
531 7718
531 1153
531 9547
531 7911
531 532
531 17879
531 11002
531 12859
531 10076
531 12861
532 6914
532 14827
532 15173
532 9254
532 12689
532 17642
532 17643
532 4396
532 8781
532 8305
532 8307
532 10262
532 5527
532 11577
533 3651
533 14376
533 623
533 1745
533 1530
533 5630
534 5296
534 6135
534 8398
534 1239
535 9490
535 9491
535 18757
535 7215
536 17377
536 4210
536 2499
538 5419
538 11062
538 18767
539 2244
539 877
540 6250
542 6250
543 1369
543 1890
544 4464
545 1265
545 1266
545 6477
547 2640
547 761
548 2400
548 20457
548 16644
548 13806
548 4647
551 4591
551 1147
551 3359
551 2300
555 8562
555 8187
555 3061
555 19046
555 21463
558 5552
558 19793
558 17166
558 16071
559 2125
562 1108
567 14714
569 570
571 4751
573 6115
573 8051
576 577
578 609
578 1028
579 20629
580 15145
580 12547
581 18280
582 1987
582 12166
583 13104
585 19378
585 19255
586 1171
587 1287
587 1168
587 5301
587 856
587 5243
587 13468
587 3326
587 3327
588 1474
588 6515
590 9283
591 3206
592 593
592 594
592 4855
592 14351
593 1416
595 8056
595 8753
595 2155
595 2484
597 3868
598 602
598 14587
599 1984
599 8813
599 13008
599 3511
599 6169
599 5470
600 12017
600 11383
601 4737
601 14085
601 13478
601 13389
601 7341
601 9682
601 6165
601 3686
601 1231
601 15294
602 11964
604 7989
606 842
609 5928
609 22500
609 7829
609 719
610 3808
610 11907
610 3420
610 3006
611 10488
613 17025
614 2488
614 5025
614 4482
614 1882
614 20434
615 648
615 2368
615 1883
616 1161
616 13595
616 4076
616 8102
616 646
617 7681
618 8413
620 2058
620 8412
620 621
622 2272
623 3832
623 10977
623 18558
623 9933
625 9682
625 13629
625 5110
626 9277
626 8270
629 1538
630 3435
632 16528
632 7352
634 1840
634 6772
634 1749
634 1935
637 2178
642 2536
642 1416
646 8413
646 2574
647 21299
647 2626
647 21300
647 683
648 1389
651 8344
651 1635
652 698
653 12227
653 4839
654 2574
655 3616
655 22207
656 5952
656 2817
656 6483
657 13462
657 12007
657 4780
657 6125
657 20277
657 20278
657 10999
657 22778
659 1113
659 1014
663 18168
663 664
664 1112
664 15193
664 3395
669 20638
670 15608
670 1036
670 1627
670 4228
672 746
673 14887
673 11357
673 9427
673 1112
673 4250
673 4251
673 16858
674 22666
675 677
679 680
680 3738
681 11922
681 8519
681 9170
681 2262
681 9127
683 2678
684 7798
687 6465
687 8199
687 5320
687 6026
687 5548
687 3694
687 5359
687 10288
687 3154
687 2102
687 20313
690 8025
693 1824
698 699
704 705
704 1878
706 2042
706 2043
706 707
707 18920
708 709
711 712
711 2706
713 1451
713 1142
713 1370
713 10363
713 6588
713 1023
717 15235
717 8646
718 3122
719 11588
719 3901
719 6959
722 2480
722 10462
722 6838
723 2550
723 5695
725 4130
725 7002
727 728
727 15982
727 7402
727 1974
728 2143
728 3149
730 7954
730 1228
730 3949
731 1106
731 1100
732 1449
732 9595
732 3399
735 21911
738 3127
739 1645
741 17020
746 5272
746 9195
746 18830
747 9917
747 9918
748 1707
750 20785
751 11674
752 1212
754 6659
754 1212
754 1227
754 4092
754 2743
754 1948
755 11072
755 2017
755 18196
755 15543
755 22201
755 3291
757 7050
762 1641
763 2405
764 18491
764 13211
764 5532
764 9204
764 765
765 13210
765 20987
768 769
771 1187
772 11688
772 11115
772 13006
774 808
776 777
784 1760
786 10642
786 11815
787 10424
787 17377
787 1698
788 7773
788 4093
792 10274
795 3961
795 986
795 1075
795 3404
796 11902
796 3238
797 3131
797 2038
797 8669
800 15832
802 803
803 13530
804 7593
804 9742
806 2199
809 1174
810 5214
811 1520
811 14850
813 3621
813 10262
814 815
815 18462
816 19152
816 817
816 818
818 10336
818 8336
818 12002
818 6404
818 10984
818 12400
818 6124
818 6125
818 3598
818 6038
818 8119
822 823
824 2509
825 2834
826 828
826 9069
826 16159
827 2992
827 5680
827 5356
827 828
828 2310
829 9091
830 832
830 12162
830 9379
830 13700
830 2860
830 18867
830 18868
830 2391
830 3901
830 20063
836 2857
838 2827
838 2467
838 947
838 3214
840 10597
840 1574
841 7193
842 1196
843 844
851 8004
851 20439
852 14880
852 12268
852 1636
852 8936
852 9165
852 4203
852 19084
852 4205
852 1839
852 19634
852 1557
852 23064
852 23065
852 6907
852 7454
857 4129
857 8362
864 10945
864 6326
865 2059
865 1132
865 4695
866 5505
871 2560
871 13526
872 3628
877 8796
882 9344
884 885
886 887
891 15834
891 17491
893 894
898 12696
898 12697
899 6285
900 11606
903 17949
903 17951
904 6588
904 3106
904 4214
905 19561
905 6884
905 16909
905 18525
905 10405
906 12602
906 975
908 2337
908 1743
908 2345
909 3778
909 7506
910 22764
910 2622
912 20554
912 5950
914 13460
914 4811
914 15964
914 941
914 2015
915 6146
915 1859
915 17836
915 4365
915 17711
915 3410
915 9218
915 17837
915 18971
915 12991
917 3871
917 3439
919 7680
919 10498
919 2917
919 9222
919 13356
919 3408
919 1521
919 6967
919 2782
921 2875
922 6675
924 1067
924 15601
924 948
924 13853
927 2464
927 10390
929 951
930 12645
930 2894
931 4270
934 9026
934 15910
934 7607
935 1784
935 987
937 3828
937 1191
941 5077
942 4752
942 3161
942 9897
943 2308
944 5540
945 15328
945 8718
945 946
945 5076
945 4570
946 1784
948 949
949 12969
950 951
952 1753
952 3491
958 13448
960 8321
960 6477
961 2946
961 5130
966 13904
966 3755
967 8111
967 1935
968 969
974 2731
976 3824
978 2643
981 7226
982 3561
983 3961
986 3171
986 5413
987 1451
987 2827
987 1900
987 1903
987 13908
987 1113
988 2065
988 2783
991 3670
992 5280
992 5281
993 2104
993 5033
993 1113
994 2500
994 8731
994 1564
994 3333
994 17574
995 8140
995 10794
995 7916
995 5430
995 22841
995 12698
995 1117
995 14239
996 7864
996 11391
997 4794
997 1198
997 16071
998 2983
998 15881
998 8397
998 1200
998 9201
998 2649
998 2617
998 7356
999 22441
999 21450
999 8274
999 3510
1001 4363
1001 12049
1001 8885
1001 2657
1002 6646
1004 1216
1004 3329
1004 2819
1004 1641
1004 2490
1004 13950
1006 17619
1008 2479
1010 3412
1011 3840
1011 4437
1011 13510
1014 17636
1014 4813
1015 2658
1016 1018
1016 5791
1018 15525
1018 7966
1019 22168
1022 2002
1022 1978
1023 13306
1023 21003
1025 1026
1031 1387
1031 1052
1033 2589
1034 2336
1035 7920
1035 8388
1036 11320
1036 4714
1036 3645
1038 1040
1038 1042
1039 1040
1043 12680
1043 22174
1044 1948
1046 10908
1047 4270
1049 7457
1049 11460
1049 2860
1049 3533
1049 2158
1049 12484
1049 1050
1049 19867
1049 3295
1050 4056
1052 2871
1052 1106
1052 2855
1052 1462
1054 15180
1057 4907
1061 6746
1063 1065
1065 20033
1068 15648
1070 1738
1070 21421
1070 1887
1071 1582
1074 4270
1076 3961
1078 10824
1079 1080
1079 7105
1079 8141
1084 9760
1084 5295
1085 3761
1085 4894
1086 1090
1088 5128
1089 2152
1090 2391
1092 19041
1092 10435
1092 17227
1092 13651
1092 1108
1092 9749
1092 23067
1097 9584
1097 11714
1097 7493
1099 1773
1100 3778
1101 16640
1101 14979
1101 12963
1103 8153
1103 15124
1105 9682
1106 12451
1106 4298
1106 1107
1106 2585
1108 10377
1108 4459
1108 16814
1108 1591
1108 13114
1109 4993
1109 22466
1109 4911
1110 3665
1110 5290
1110 2579
1110 4795
1110 13765
1111 3665
1111 4597
1112 4380
1113 4993
1113 6670
1113 2032
1114 1471
1116 18492
1117 3461
1119 1120
1121 8731
1121 4524
1121 16311
1122 15353
1122 1390
1122 1391
1125 7713
1125 1443
1125 1212
1126 1806
1126 2086
1126 1807
1130 3724
1131 5525
1131 9782
1133 15468
1133 5063
1136 1137
1138 1139
1140 20789
1141 2051
1141 8468
1141 1462
1143 1322
1145 14597
1145 2967
1149 19716
1150 19838
1151 1155
1151 2230
1152 1601
1152 1157
1153 1154
1153 1155
1153 9549
1154 6914
1154 13092
1154 11718
1154 1158
1154 13660
1154 20687
1154 13266
1154 8307
1154 2231
1154 12860
1155 1732
1155 4363
1155 9549
1155 9551
1155 2228
1157 14505
1157 4029
1157 1414
1157 14127
1158 1601
1158 20685
1158 20687
1158 2229
1158 12860
1160 1161
1161 3046
1161 8427
1161 6931
1161 7540
1161 5086
1162 1163
1162 1675
1162 4197
1163 1600
1163 10040
1164 2835
1164 4291
1165 19553
1165 10435
1165 11813
1165 9222
1165 2455
1165 2860
1165 21966
1165 19987
1165 4916
1165 5078
1165 4921
1165 14617
1165 20127
1168 7366
1169 17370
1170 1192
1171 1377
1171 4534
1172 18530
1173 20023
1173 3911
1174 12050
1174 5419
1176 10523
1176 2860
1176 1730
1176 1283
1177 3026
1178 4270
1178 2799
1180 1182
1181 5096
1181 11859
1181 6875
1182 2498
1182 7130
1182 8158
1182 6655
1183 2312
1183 8611
1183 2244
1183 2645
1183 2151
1184 21805
1185 5396
1185 2151
1188 1189
1188 1190
1189 6447
1192 6400
1192 2091
1192 1934
1193 2602
1193 11222
1194 2264
1195 6147
1196 6450
1198 6131
1199 3147
1199 4516
1199 1957
1200 21107
1202 7573
1204 7994
1204 10430
1207 1208
1207 11163
1208 2544
1208 7697
1208 1695
1208 8103
1209 4993
1209 3247
1210 1529
1210 8892
1211 1615
1213 2456
1213 6599
1215 12345
1216 1375
1219 5939
1220 1252
1221 17024
1221 6810
1221 17387
1221 9709
1221 9710
1228 2793
1231 13390
1233 16700
1243 1862
1245 1748
1259 4778
1259 9275
1259 4757
1259 5245
1260 3519
1261 4771
1262 4480
1262 9449
1262 1263
1263 15249
1267 2449
1267 1999
1269 1270
1270 1371
1271 6929
1271 3844
1271 12012
1274 2105
1275 2857
1275 4903
1275 1669
1275 7110
1277 1920
1277 15433
1279 6705
1279 2391
1280 22651
1282 6412
1282 1589
1283 9915
1283 5446
1284 7752
1284 11857
1287 3905
1287 7051
1287 9926
1287 6728
1287 8617
1287 22958
1287 13904
1287 7986
1287 5909
1287 7003
1288 5808
1288 7355
1290 6144
1290 11746
1290 12387
1290 21903
1292 14868
1293 1793
1293 3283
1293 6981
1293 6246
1293 21599
1295 3966
1297 19336
1297 19338
1297 19339
1297 1500
1298 1300
1300 1345
1301 2223
1302 20897
1302 5851
1302 8158
1302 15254
1303 10066
1303 6197
1305 12152
1305 18100
1305 4950
1307 14626
1308 2894
1309 6580
1310 4291
1310 4966
1312 5189
1314 3645
1316 5241
1316 1707
1319 1320
1319 5800
1320 4129
1321 6565
1322 16049
1322 3670
1323 3269
1325 7631
1328 1329
1328 2060
1329 6433
1336 10646
1338 15048
1338 3518
1339 8384
1339 1411
1339 8379
1344 6940
1345 20984
1345 11480
1345 4371
1347 2412
1351 3879
1353 10830
1354 8094
1354 1503
1357 5835
1358 4872
1358 6972
1358 11462
1358 1479
1361 9554
1361 3122
1361 1701
1362 9818
1363 1365
1368 1370
1368 3322
1369 2761
1369 1626
1369 8851
1370 3071
1375 4580
1375 2196
1376 16745
1376 16747
1377 5472
1378 10272
1379 3768
1379 19082
1380 7616
1381 3466
1381 8388
1384 6772
1384 7940
1384 22527
1386 8152
1387 1802
1388 5280
1389 4833
1389 6531
1389 3500
1390 1392
1390 21411
1392 1393
1392 15493
1396 10268
1398 8186
1398 20887
1400 7784
1400 6139
1400 2387
1400 11919
1401 5508
1404 1405
1407 22590
1409 2104
1409 20757
1410 20834
1410 15461
1411 3619
1413 2633
1414 9123
1414 7876
1414 2857
1414 6450
1416 9008
1416 14339
1417 1420
1421 1705
1422 10441
1422 5626
1422 4787
1423 1424
1425 4973
1427 4616
1427 13753
1427 19068
1429 17354
1429 13669
1430 17081
1432 1433
1434 3800
1434 1435
1434 21564
1434 8167
1438 8482
1440 10577
1442 9337
1445 1584
1445 1970
1445 4858
1451 1858
1451 2139
1451 1532
1451 4190
1453 22274
1453 2147
1453 2158
1454 9392
1454 3051
1454 7900
1454 4168
1455 20771
1455 9852
1455 9171
1456 6499
1456 4605
1462 11688
1462 10282
1462 11685
1465 20603
1468 1469
1469 3098
1470 12276
1472 1473
1473 11230
1475 4229
1477 7051
1477 7639
1479 2917
1479 7247
1479 2416
1479 2771
1479 11836
1481 12152
1481 5457
1485 3160
1485 4681
1487 2331
1488 8250
1488 1955
1496 2890
1496 4618
1497 7657
1498 5018
1498 17383
1498 10799
1499 3067
1501 2768
1501 1610
1501 4726
1503 3344
1504 1627
1504 2507
1507 2690
1507 1509
1507 3599
1509 4802
1513 7674
1518 4448
1518 9515
1519 9084
1520 21627
1520 8330
1520 2860
1520 10544
1520 1521
1520 3803
1520 9278
1521 2499
1521 14372
1521 10246
1521 8015
1521 22745
1521 7005
1525 1527
1527 1529
1530 2473
1530 3693
1533 16203
1533 10919
1542 10001
1544 2241
1547 23003
1547 1548
1554 6761
1554 4127
1554 21143
1556 9052
1557 5211
1557 9014
1557 6919
1560 7183
1562 18300
1563 8482
1563 8947
1563 4580
1563 21830
1563 1710
1564 4601
1564 2068
1564 3813
1564 7966
1568 6863
1573 10400
1573 22881
1573 12162
1573 8708
1573 4297
1573 13324
1573 8563
1573 10581
1574 15084
1574 8102
1575 1703
1577 5408
1579 4085
1579 2119
1582 2642
1582 6323
1582 18669
1584 5130
1584 5267
1584 17118
1587 1588
1588 4701
1590 11521
1590 13092
1591 1592
1591 10377
1594 1595
1596 8306
1600 13872
1600 21442
1603 3563
1604 15801
1604 9301
1606 1607
1608 9940
1608 9941
1609 2800
1610 2531
1612 10073
1613 5282
1613 13163
1615 5465
1617 19970
1617 1618
1618 6890
1618 2975
1623 2876
1623 2295
1626 8804
1626 2761
1634 6538
1635 8641
1635 1805
1635 13070
1637 1638
1639 4538
1639 3260
1639 8750
1639 2975
1640 15497
1640 5348
1642 2252
1642 15166
1642 8724
1642 8725
1642 7702
1643 2942
1649 18135
1651 18135
1655 9812
1655 7620
1659 4652
1662 5816
1662 19122
1662 8250
1662 4869
1665 1666
1667 1668
1674 4434
1675 3199
1678 1679
1679 1880
1679 7734
1681 1696
1681 10889
1682 6880
1682 16003
1682 19020
1686 15872
1686 22256
1686 6629
1686 10509
1686 3408
1686 5396
1687 13217
1687 22786
1687 11953
1688 7808
1688 4521
1688 18221
1688 8942
1688 4530
1688 9429
1688 4664
1688 9407
1692 4585
1692 1698
1692 1822
1693 6038
1693 11342
1696 12460
1696 7916
1698 1699
1698 23116
1698 8598
1698 7161
1699 15781
1699 2254
1702 12994
1703 1798
1707 9569
1707 12069
1709 1783
1711 5083
1711 1788
1711 4662
1716 17879
1716 2860
1716 11632
1716 1717
1716 18742
1716 3223
1717 12386
1717 5802
1717 6829
1717 10354
1717 3778
1717 20637
1718 7616
1718 15663
1719 17112
1719 3383
1719 6140
1719 16799
1722 18109
1723 13226
1724 6076
1725 7487
1728 3148
1728 5300
1736 20184
1738 1739
1739 9353
1741 1742
1743 2344
1744 1745
1744 2166
1745 2165
1749 21956
1750 12505
1750 5558
1751 4857
1751 5052
1754 1755
1756 1757
1762 14060
1762 22510
1762 3408
1762 6321
1762 3060
1762 12887
1762 5272
1762 10335
1764 1765
1764 5158
1769 12848
1769 2102
1769 2015
1770 4616
1771 11994
1773 16659
1773 11996
1775 19763
1778 16824
1779 6432
1779 5670
1779 5414
1779 2253
1779 6513
1779 5748
1779 4023
1779 4916
1779 8316
1779 9855
1780 18211
1780 13349
1780 10536
1780 13865
1780 13265
1780 4914
1780 5748
1780 4023
1780 14360
1784 19556
1784 21321
1784 3629
1784 22702
1784 2015
1785 10213
1785 16502
1787 1994
1787 13219
1787 3094
1788 1789
1789 11872
1789 9854
1789 2575
1790 3616
1790 1791
1793 9459
1794 3668
1794 3397
1794 10014
1796 1875
1800 6442
1800 5484
1805 13650
1805 2020
1810 5632
1810 6858
1810 4276
1812 3909
1813 11570
1813 8759
1815 3719
1817 6891
1821 2213
1822 4205
1823 5923
1823 1829
1823 6247
1823 7243
1823 18188
1823 13453
1823 4203
1823 9013
1823 9180
1823 2877
1824 15620
1824 4657
1830 1926
1831 8224
1831 4774
1833 8078
1834 3460
1834 6730
1834 20079
1834 15248
1834 4820
1834 18645
1836 2913
1836 19045
1839 8816
1839 7587
1839 3525
1840 5941
1843 7745
1853 14069
1855 14069
1856 4765
1858 1861
1864 1873
1866 1868
1869 1871
1883 4482
1883 11597
1887 10542
1890 7050
1890 5363
1891 8733
1892 7050
1892 8733
1893 9137
1893 20095
1899 8242
1900 1902
1902 22752
1902 14883
1902 17254
1902 5874
1902 7491
1904 11916
1905 20963
1905 5193
1905 2034
1905 11956
1905 4981
1905 5018
1905 16571
1910 1911
1912 6124
1912 1914
1912 6236
1912 5414
1913 2628
1917 6329
1917 21652
1921 6640
1923 7250
1923 10743
1928 1929
1930 10289
1930 7957
1934 10165
1935 10401
1935 2387
1937 7520
1937 16318
1938 6323
1939 3865
1939 3061
1945 13184
1946 1948
1948 2318
1950 14100
1951 8880
1951 20616
1951 10040
1953 11584
1953 16091
1953 10044
1953 4150
1953 11583
1958 9435
1958 21334
1960 11553
1960 3463
1960 5613
1960 15637
1960 3638
1960 9749
1966 12997
1972 10739
1972 16821
1972 2534
1974 6563
1974 9926
1974 3407
1974 15057
1974 3094
1974 11759
1974 2908
1977 3311
1978 20250
1978 1979
1984 2786
1984 3003
1984 15278
1984 13008
1984 7387
1984 11229
1985 21156
1986 3253
1986 7270
1989 5575
1989 14024
1989 4810
1989 3597
1989 2197
1989 11637
1990 3123
1990 18195
1990 13581
1990 5990
1992 5048
1998 2885
1999 4263
2008 2011
2009 2010
2010 8902
2010 5300
2010 5301
2010 13625
2010 4117
2013 20479
2013 20477
2013 9287
2015 7459
2015 17452
2015 4118
2015 5919
2018 5282
2022 20361
2022 2129
2022 3793
2023 4575
2024 3414
2024 16150
2024 5319
2024 14006
2024 18454
2024 16986
2031 21513
2033 10690
2033 7270
2034 2083
2034 2351
2035 2656
2037 8672
2037 7854
2039 10245
2042 22507
2047 7375
2051 13665
2051 13386
2051 13654
2051 13083
2052 5249
2052 6443
2052 6166
2052 4974
2052 5247
2053 6165
2053 15678
2057 4564
2063 2064
2067 11006
2070 2693
2073 2074
2074 5866
2075 7330
2076 12153
2083 5313
2083 3268
2084 5924
2085 5033
2085 7476
2090 2092
2092 4996
2092 3854
2096 3072
2096 9009
2097 2099
2101 17250
2101 11731
2102 10048
2102 17902
2102 3414
2102 20349
2104 20451
2104 3334
2104 9787
2104 10959
2104 4368
2104 4665
2104 4667
2104 21296
2105 9391
2107 7000
2107 8560
2114 10961
2114 11497
2115 11487
2116 3690
2119 2121
2119 16262
2120 6738
2123 19552
2123 19041
2123 19554
2123 3620
2123 9254
2123 13674
2123 18643
2123 19634
2123 18867
2123 18644
2123 7221
2123 18362
2123 3327
2123 11069
2123 20063
2124 8903
2132 14881
2132 15735
2132 22164
2132 11319
2139 11945
2140 5645
2141 17264
2141 7766
2141 2270
2146 2963
2147 7650
2147 6573
2151 6432
2151 8611
2151 7457
2151 7930
2151 9179
2151 18362
2152 5347
2152 12329
2152 4682
2152 11319
2158 15900
2158 15901
2159 2817
2162 7515
2164 4627
2164 12349
2164 2166
2166 16375
2166 6559
2167 12951
2169 18303
2172 12799
2180 16886
2183 2185
2184 2187
2185 4232
2185 4945
2185 6442
2185 4449
2186 4449
2186 5985
2186 6442
2186 2189
2186 2743
2186 12426
2187 11595
2187 11116
2187 10877
2187 7879
2188 5985
2188 4231
2188 3688
2188 3687
2188 15503
2188 4882
2188 4947
2188 13663
2189 3688
2189 5985
2189 6104
2195 18741
2198 5528
2198 2199
2199 2200
2199 8242
2199 16775
2202 12496
2202 12315
2202 5591
2205 6224
2205 2503
2206 2208
2207 2208
2208 3283
2210 12540
2210 22788
2210 6846
2211 6275
2215 7208
2217 12069
2217 2534
2217 20297
2217 17359
2217 7028
2219 11613
2220 21541
2222 6601
2222 21451
2223 2793
2228 10616
2228 18737
2228 18746
2228 18732
2229 3778
2229 13675
2229 2230
2229 5883
2230 3575
2236 2238
2238 12152
2238 12150
2238 12151
2241 3628
2244 5628
2244 15197
2244 4606
2247 2689
2247 2251
2248 2251
2249 2251
2252 6705
2252 2810
2252 15166
2253 3232
2253 21820
2253 19226
2253 6180
2255 11835
2257 16744
2262 6384
2262 11522
2262 3283
2264 7957
2266 17762
2266 2268
2272 4329
2272 6135
2281 2283
2288 7507
2289 3768
2289 6508
2292 2703
2297 3984
2297 4458
2297 10010
2297 2298
2297 3998
2298 7118
2299 6616
2299 6427
2304 2842
2306 2621
2308 3931
2308 2310
2309 5216
2310 2531
2311 4910
2315 12322
2315 12278
2315 18215
2315 4053
2315 4054
2315 12665
2315 7002
2315 21723
2316 18296
2316 10498
2316 11972
2317 5002
2317 3908
2317 2485
2321 8344
2321 12892
2321 8845
2326 16061
2327 17372
2327 16061
2328 12766
2331 11659
2331 14100
2331 15357
2332 2333
2336 10709
2344 2347
2344 9503
2344 2446
2348 2349
2350 7149
2351 6383
2357 13392
2357 20491
2357 17956
2357 7574
2359 5141
2360 15128
2362 11388
2362 4398
2362 21126
2362 6271
2364 9986
2364 7652
2364 21706
2364 7537
2364 4734
2364 8186
2364 2366
2367 7645
2367 11437
2367 7599
2368 6118
2369 6314
2372 8241
2377 5083
2377 12000
2377 10571
2377 2494
2377 6462
2382 19828
2383 11510
2384 2763
2384 17846
2385 22715
2386 8658
2387 7865
2387 3406
2390 17550
2391 23108
2393 2397
2393 2575
2394 2398
2395 10304
2396 9586
2398 4770
2398 15013
2398 15014
2398 14920
2398 20009
2398 9714
2398 13334
2398 17655
2401 2520
2401 2610
2401 9164
2401 5597
2404 2405
2413 4976
2413 3122
2415 2416
2416 16304
2416 8925
2417 9836
2417 5463
2418 15480
2434 10607
2436 2545
2437 2438
2439 18211
2439 5414
2440 2443
2440 13734
2443 5320
2443 5674
2443 4802
2446 2448
2446 9508
2447 21926
2448 9504
2448 4267
2449 2717
2450 9193
2450 4426
2450 6451
2450 4325
2455 4888
2455 5267
2455 5740
2458 8194
2458 7787
2459 4788
2460 2461
2461 18726
2462 9272
2462 9131
2462 9651
2462 9270
2468 4673
2471 8662
2471 15830
2473 11455
2476 9193
2479 20505
2479 13301
2480 12010
2480 13381
2481 14644
2490 2760
2490 8103
2493 15893
2494 12014
2496 20348
2496 20679
2498 3076
2499 4053
2499 10621
2499 6128
2500 7025
2500 12475
2501 3337
2501 3338
2501 14294
2502 10872
2502 2857
2503 3422
2506 9922
2508 2813
2509 12785
2509 5141
2509 5142
2512 19070
2521 2522
2528 5085
2530 14493
2531 20066
2531 2975
2534 13829
2539 9230
2543 4418
2544 2572
2546 4024
2546 16014
2549 2550
2551 5219
2553 2557
2554 2557
2555 9538
2555 2556
2555 9458
2561 9276
2565 6208
2573 10249
2574 6947
2575 4650
2575 15883
2576 2577
2581 4575
2585 15754
2587 2588
2590 5827
2590 5190
2590 13350
2590 9862
2590 13231
2591 2611
2595 8456
2595 10795
2595 4215
2597 6141
2597 2598
2598 4268
2601 7665
2601 11994
2601 11396
2602 3274
2602 5650
2603 14438
2604 10045
2604 2645
2614 12705
2616 10467
2621 3057
2624 18830
2625 5091
2628 3668
2628 8918
2628 8751
2632 18408
2632 11549
2633 8352
2633 2636
2633 11860
2633 13461
2634 4624
2634 3668
2637 2639
2640 17219
2640 9518
2641 9186
2642 6512
2642 14035
2642 4660
2645 8986
2650 3377
2652 2779
2654 4223
2655 2712
2655 7130
2655 2711
2656 2712
2658 6329
2658 5422
2660 2661
2662 2664
2662 4801
2666 3497
2666 20491
2671 11930
2678 6803
2678 2948
2679 17016
2679 16991
2680 10163
2681 9264
2681 22581
2682 9265
2683 12725
2683 2807
2684 7205
2690 8723
2690 5446
2697 5150
2703 14926
2708 3552
2708 17413
2708 4461
2708 15504
2708 16600
2708 20952
2710 7130
2713 7487
2714 18010
2714 7487
2715 16763
2715 7349
2715 19133
2716 8976
2716 14467
2720 3559
2721 10636
2724 19422
2730 3769
2731 10285
2732 8689
2732 10990
2734 7709
2741 12557
2742 9465
2742 13035
2742 21915
2742 6887
2743 9643
2743 4427
2747 8386
2755 3232
2756 2757
2757 12199
2761 8163
2761 5015
2763 6808
2763 6830
2763 6831
2764 2865
2766 16987
2766 8684
2771 14530
2772 2872
2772 5274
2772 2875
2772 2773
2774 2777
2776 9010
2779 4078
2782 3153
2783 11093
2784 5282
2785 2788
2786 8581
2787 3745
2788 2789
2788 2790
2791 3466
2791 3844
2791 15679
2793 17519
2795 20510
2795 7119
2799 18288
2799 2991
2807 21953
2807 7710
2811 2812
2812 7196
2816 3183
2819 6418
2821 2822
2827 5019
2827 13907
2827 12617
2827 20211
2827 5308
2834 2835
2835 2836
2835 5511
2837 5903
2841 21804
2841 13630
2842 2844
2843 5885
2846 6130
2846 20003
2848 8632
2851 11159
2851 9967
2855 6425
2857 14207
2857 13907
2857 5909
2857 4918
2857 7064
2857 3167
2858 12675
2858 19836
2860 3456
2860 20610
2860 8069
2860 19986
2860 19988
2860 5922
2860 17839
2860 15409
2860 4664
2860 17593
2860 4159
2860 12484
2860 13642
2860 3409
2860 3410
2860 19041
2860 5873
2860 6520
2864 5080
2864 5012
2864 15837
2864 5982
2864 7319
2867 4873
2867 5071
2867 8471
2869 20389
2869 19519
2870 8752
2870 3813
2871 4353
2871 4644
2872 7338
2872 6115
2875 9842
2876 12002
2876 9765
2876 7020
2876 12445
2876 4207
2876 11229
2878 4288
2878 9554
2878 15691
2878 3902
2879 17744
2880 15265
2885 3285
2886 9358
2889 4100
2894 10272
2894 3201
2894 16579
2896 4783
2899 10090
2901 2903
2902 2903
2907 2917
2907 5740
2907 3410
2907 3159
2907 7614
2907 22655
2908 11825
2908 8941
2913 9153
2913 3029
2916 19246
2917 4664
2917 7491
2918 14288
2918 5747
2919 4228
2921 2922
2929 5296
2930 7170
2930 17487
2930 16176
2930 3380
2930 16023
2930 12798
2936 9356
2940 6278
2941 3626
2941 2942
2942 6237
2945 2946
2948 16029
2948 15007
2953 5092
2956 19102
2957 15480
2960 16762
2961 2965
2962 10798
2963 2965
2967 13181
2967 15947
2967 6373
2971 13010
2971 5954
2971 17573
2979 12996
2979 2980
2981 12848
2981 10587
2981 5347
2981 16126
2985 3205
2987 4145
2987 20307
2987 2988
2987 5582
2990 2991
2991 17769
2991 7231
2991 7230
2992 2994
2992 9788
2992 13205
2992 22414
2993 5025
2993 4783
2997 14408
3000 3001
3000 4474
3001 3481
3001 12090
3002 16919
3004 22547
3006 5928
3006 15949
3009 5338
3010 4016
3011 3016
3011 8175
3012 3014
3013 3015
3015 3017
3019 3022
3024 3312
3030 16561
3030 14453
3030 6870
3030 5425
3033 22991
3034 22483
3038 15332
3038 11038
3039 8136
3039 3723
3039 12183
3039 22169
3039 7643
3040 6498
3041 3043
3041 4812
3041 4963
3042 4812
3043 4645
3043 12298
3043 22767
3043 5875
3043 3158
3043 5135
3043 10076
3046 21056
3047 5771
3049 9968
3050 5650
3052 15490
3052 9902
3052 13279
3053 3054
3054 10976
3054 4422
3054 10864
3054 10867
3054 10868
3054 18655
3060 10241
3060 18169
3060 4065
3061 3619
3061 4069
3061 16611
3061 4922
3061 19579
3061 4924
3061 13885
3062 12840
3062 4065
3062 3862
3064 7744
3066 3067
3067 3131
3070 7546
3070 7547
3073 14027
3073 17007
3073 18512
3073 5873
3073 16727
3073 10843
3077 3078
3079 13578
3088 3096
3089 3458
3089 3092
3094 10512
3094 12923
3094 3457
3094 19452
3094 15627
3094 6511
3094 20752
3094 10610
3094 19476
3094 12924
3095 10610
3097 4376
3097 16544
3097 14867
3097 9164
3097 6917
3102 8273
3102 4926
3104 18696
3104 3106
3104 18700
3104 18695
3113 3160
3114 8268
3114 3877
3119 11241
3119 21130
3119 3541
3122 7981
3127 4619
3128 3669
3129 12785
3129 8882
3129 7070
3130 11647
3132 5484
3135 3986
3137 6899
3138 11776
3140 17403
3140 13197
3142 12389
3144 11588
3145 12680
3145 6325
3151 3152
3153 20976
3153 17318
3153 8936
3153 20139
3153 16462
3153 13424
3153 4116
3153 7354
3153 19834
3154 6384
3154 3155
3154 21736
3154 13100
3154 15824
3154 8339
3154 3543
3154 14841
3156 5922
3156 7763
3156 3158
3158 10816
3158 11521
3158 21507
3158 11690
3158 5135
3158 11632
3158 13460
3158 5875
3158 12698
3158 7484
3158 11037
3159 18850
3159 13093
3159 21994
3159 7480
3159 5816
3159 11290
3160 6719
3160 5791
3161 7392
3162 4914
3163 16212
3164 4634
3164 5087
3167 11632
3167 11995
3167 14789
3167 13639
3167 19567
3167 22192
3167 18743
3167 18648
3167 14873
3167 6319
3167 12637
3171 6727
3172 11627
3172 13076
3176 13361
3177 6617
3177 8597
3179 5896
3179 3380
3183 10682
3185 14293
3185 14294
3185 5877
3189 13405
3199 6442
3199 5604
3200 3201
3202 6858
3202 4659
3202 8556
3204 16139
3204 9022
3204 3206
3205 3739
3205 9021
3205 3207
3206 3209
3206 14574
3207 3208
3208 3210
3209 19272
3209 3738
3209 19274
3210 12952
3212 17914
3214 12102
3214 4137
3214 11855
3214 12030
3214 6718
3217 3582
3220 4260
3222 11824
3222 10450
3222 12699
3222 20386
3222 8359
3227 10975
3228 3229
3231 6308
3235 6480
3235 6481
3237 3238
3238 14340
3238 12934
3238 7047
3238 7309
3240 15428
3241 13093
3241 5802
3241 10513
3241 5842
3241 13240
3241 11929
3241 13887
3244 4442
3245 5465
3246 15601
3253 14025
3257 5186
3257 8994
3260 4386
3260 3476
3263 9100
3263 9484
3264 4521
3264 14919
3265 4950
3268 3270
3275 16366
3277 3485
3277 11689
3277 6943
3282 6211
3282 3283
3283 7457
3283 5897
3283 8302
3283 7631
3283 7100
3283 21599
3295 21427
3298 4766
3299 4175
3300 19983
3303 20480
3303 3871
3306 6272
3318 12185
3321 4860
3323 3325
3324 3327
3327 5804
3327 6490
3329 11298
3333 3335
3334 8931
3334 20173
3335 13031
3335 16311
3336 3337
3336 3339
3338 13031
3338 14250
3338 10959
3338 4752
3338 3800
3342 17636
3343 5559
3347 16328
3353 16082
3359 3361
3363 4419
3363 7307
3364 7696
3365 16172
3368 9176
3368 13528
3368 22559
3368 13070
3372 8672
3377 7246
3377 7696
3377 10998
3377 18269
3378 5896
3378 3379
3379 12446
3381 3390
3383 6140
3384 17456
3384 10568
3384 7008
3384 20560
3384 6125
3385 7210
3385 6570
3386 15024
3387 14584
3387 15977
3387 11747
3400 3401
3401 6234
3405 7911
3406 8472
3406 3407
3407 10336
3407 5587
3407 6127
3407 3409
3407 13426
3407 5267
3407 11449
3407 11450
3408 7808
3408 14883
3408 9765
3408 11945
3408 16459
3408 10509
3408 3409
3408 5874
3408 10198
3408 12517
3409 10535
3409 5783
3410 6122
3410 13420
3410 15409
3415 7865
3422 16977
3423 6940
3426 18183
3436 16365
3437 10151
3438 4925
3439 5202
3445 14072
3451 4950
3451 18221
3451 6446
3454 5761
3455 11032
3455 11805
3456 3457
3456 5954
3456 14226
3457 10686
3458 5922
3458 21507
3458 21994
3458 21109
3458 22103
3458 20665
3458 21982
3462 8946
3462 9706
3463 17957
3463 15007
3465 6353
3465 13604
3466 7856
3466 22566
3470 3594
3471 3474
3479 4644
3481 4475
3483 7047
3484 3557
3485 14720
3485 21386
3485 3558
3490 5298
3491 4291
3493 9193
3493 17593
3493 10435
3493 8069
3493 8903
3494 8388
3499 16473
3500 16473
3503 4149
3504 3506
3509 19872
3509 16485
3509 20241
3509 20242
3509 4664
3509 3865
3509 17757
3510 3977
3510 11610
3510 3818
3511 5267
3511 13686
3511 20713
3511 12906
3511 21772
3511 9779
3511 17076
3511 16734
3511 7035
3511 10334
3512 10076
3513 3516
3514 4362
3514 4365
3515 8957
3516 9232
3516 8322
3516 14018
3517 13631
3533 4362
3533 4363
3536 6570
3538 3539
3539 17095
3539 5671
3539 6125
3539 5267
3539 4916
3539 15582
3541 3542
3544 13498
3544 17223
3545 11716
3545 11915
3545 5868
3545 18733
3545 19247
3545 10249
3545 3770
3546 14234
3547 4224
3547 7006
3550 3551
3550 4495
3551 3552
3555 4220
3557 3559
3559 22776
3559 22775
3561 17608
3562 6026
3562 4358
3565 3566
3569 3570
3571 6048
3571 13216
3571 21172
3575 18732
3575 18737
3575 19219
3575 18741
3575 19222
3577 7865
3577 15179
3580 17916
3580 4050
3580 13236
3580 10909
3580 17909
3583 19107
3586 3587
3588 3589
3594 22525
3597 3963
3600 4319
3601 10794
3603 22730
3603 9811
3604 9811
3611 5376
3611 13602
3611 8484
3613 22152
3613 13984
3616 9098
3619 5114
3619 3621
3620 7618
3620 8357
3620 3622
3620 19249
3620 5234
3620 18003
3620 12916
3620 5175
3621 5235
3622 15698
3622 5235
3622 5234
3624 4415
3633 4624
3633 9219
3638 14514
3638 7460
3639 11829
3643 14902
3645 16145
3645 10626
3645 16277
3647 9115
3647 5045
3648 3724
3653 14572
3654 7873
3655 3656
3655 3657
3655 3661
3655 3662
3657 21581
3661 7618
3661 19755
3661 19758
3661 10234
3661 13852
3662 21210
3664 11840
3664 4617
3664 10763
3664 10764
3664 14114
3668 4802
3668 6153
3669 13993
3669 15367
3670 5808
3671 16088
3680 6384
3683 6320
3685 3686
3686 20978
3689 11595
3691 7136
3693 4839
3694 5686
3700 15879
3701 17352
3701 9568
3702 19360
3702 12364
3706 22472
3706 15842
3709 12745
3710 3787
3710 21973
3711 10548
3715 8058
3715 5675
3715 7860
3721 12840
3721 18865
3721 8956
3725 16298
3727 10367
3731 3732
3738 23039
3741 14051
3750 6145
3750 7700
3751 7791
3752 19888
3752 6938
3752 15194
3753 4397
3754 5530
3761 8538
3763 19306
3763 9187
3763 7020
3764 3765
3765 6778
3765 21798
3770 18744
3770 4882
3771 7722
3771 11357
3774 7048
3774 4243
3778 3901
3778 9343
3779 8828
3779 23085
3779 5838
3781 3994
3781 17758
3782 5020
3783 22087
3784 4987
3787 4123
3788 3789
3788 3791
3789 3790
3791 15299
3796 11976
3796 20850
3796 3923
3796 4207
3796 22507
3797 22506
3797 3925
3797 4054
3797 20850
3798 13696
3799 10076
3799 6125
3799 21118
3800 3945
3800 11110
3801 7322
3803 9278
3806 7672
3806 10701
3807 13323
3807 13499
3807 5151
3808 6980
3808 8893
3808 8158
3812 4908
3813 18562
3815 5371
3818 20711
3818 10249
3818 16749
3818 5778
3818 13461
3819 11738
3819 22347
3819 5262
3820 4569
3822 3823
3823 9987
3823 5739
3824 3825
3826 8422
3827 4264
3828 4315
3832 6836
3836 8130
3836 14117
3836 14118
3836 4210
3844 19760
3845 6289
3845 4242
3845 22701
3850 9358
3854 4996
3857 3858
3860 3861
3863 7730
3865 5396
3865 16598
3865 9477
3866 4271
3871 20480
3871 4336
3873 4704
3873 10820
3877 4415
3879 10011
3879 11767
3880 19325
3882 12249
3882 6369
3882 10997
3882 6350
3882 10719
3883 3887
3884 12249
3884 5428
3884 5430
3884 3886
3885 10998
3885 6350
3886 14234
3887 10997
3897 21259
3901 20952
3905 12789
3913 3916
3918 20730
3918 4534
3922 3925
3923 16728
3938 20512
3942 3946
3942 3947
3945 3946
3946 11754
3947 5528
3947 11755
3947 11179
3947 9187
3949 10711
3950 5922
3950 4918
3950 18967
3953 3954
3954 6154
3954 3955
3954 4417
3966 10294
3966 7686
3968 6556
3968 8246
3972 3973
3973 9823
3976 4714
3976 4715
3983 22225
3987 3990
3993 8252
3993 17533
3994 14794
3994 4076
3998 5236
3998 5837
4000 11512
4000 17867
4000 17869
4001 4207
4002 20182
4003 7351
4008 14009
4010 4011
4011 4169
4012 14248
4025 4026
4026 4027
4030 10003
4031 4033
4035 10326
4037 14317
4038 4040
4044 4045
4045 15427
4046 4464
4051 18087
4052 4054
4053 14372
4053 19013
4053 20407
4053 4311
4054 16728
4054 13025
4058 7499
4058 5166
4062 4346
4062 10251
4065 16834
4065 13884
4065 8589
4065 10293
4065 14743
4065 4924
4067 4397
4070 4071
4072 10290
4072 17107
4073 4074
4073 15822
4073 12550
4079 20542
4082 8661
4085 4495
4090 11664
4090 9916
4091 14968
4091 9524
4091 4116
4095 4097
4095 7733
4106 4228
4108 4111
4110 4114
4111 4114
4114 12615
4114 4115
4114 4239
4115 11883
4115 9296
4115 8787
4115 8789
4115 14358
4115 14035
4116 8694
4116 10679
4117 8903
4118 5147
4118 18672
4118 4119
4118 6136
4119 4120
4121 6855
4122 12744
4122 4287
4122 4127
4123 17229
4123 21971
4127 21978
4136 18526
4137 19361
4137 20964
4139 22704
4142 5297
4142 20802
4142 9828
4142 8605
4144 11062
4144 18767
4148 5371
4149 6330
4150 5304
4150 4345
4151 4386
4155 17593
4155 9757
4155 9429
4156 7024
4161 5107
4161 9302
4161 5111
4162 5113
4166 22956
4167 17460
4186 5211
4192 4193
4195 10746
4195 17972
4197 4561
4197 9230
4201 9175
4203 4204
4206 6716
4206 4908
4206 11157
4207 9443
4207 7044
4207 5473
4207 12939
4207 13699
4207 5843
4207 11158
4207 6329
4207 12444
4209 9443
4209 13699
4209 9029
4209 5031
4210 6977
4210 14699
4210 5464
4211 12116
4216 5608
4229 8469
4231 13009
4232 8986
4232 4427
4233 4234
4233 6514
4234 6436
4237 14452
4239 5065
4239 15782
4242 9061
4243 11187
4250 5743
4251 7042
4251 11002
4253 4254
4256 11727
4257 11730
4257 9911
4259 11729
4259 11730
4260 5171
4261 4262
4265 10411
4266 12436
4266 5598
4267 15301
4267 6087
4267 8303
4267 19567
4270 9155
4270 6334
4280 14896
4280 17253
4280 11437
4280 6981
4282 4283
4285 5419
4287 4288
4288 13269
4291 4965
4291 4967
4291 9403
4293 18166
4295 8892
4295 9619
4295 9620
4296 4297
4298 12358
4298 12359
4301 4528
4302 9218
4306 18548
4306 18549
4308 7387
4308 9340
4311 17942
4317 14561
4317 6125
4324 11472
4332 6312
4334 10125
4334 16214
4336 11538
4339 6732
4340 4341
4342 12435
4342 4343
4343 4344
4345 4354
4345 4351
4349 4354
4352 4353
4352 4355
4358 7460
4360 5130
4362 8956
4363 21608
4363 4365
4365 15626
4365 8781
4365 14226
4368 6051
4368 10164
4376 4384
4376 4385
4376 5954
4376 13454
4376 9785
4376 4377
4384 9786
4385 15887
4386 15810
4386 11139
4386 11140
4386 7845
4386 7849
4386 8493
4386 15694
4386 15187
4386 17124
4386 17125
4387 4388
4389 11520
4391 11002
4391 11003
4391 12501
4391 7718
4396 7670
4397 5659
4397 16522
4397 5663
4398 20978
4399 4400
4403 21043
4403 4404
4409 21608
4409 6668
4414 5418
4423 8277
4424 5500
4425 7361
4426 10606
4426 5871
4427 9561
4428 8984
4429 12820
4429 16996
4431 7737
4432 20777
4434 10234
4438 6253
4439 4440
4442 5433
4442 5902
4444 8491
4445 8490
4446 10730
4446 10731
4447 5310
4447 9831
4449 10412
4450 6706
4450 7739
4450 20723
4452 5403
4454 4455
4459 4461
4462 6034
4473 7934
4477 4478
4481 13513
4486 15336
4490 11529
4498 4499
4498 10371
4507 4508
4509 4534
4510 6564
4511 8692
4511 8694
4515 5735
4521 19603
4521 4525
4522 4649
4522 16258
4523 4914
4523 4525
4523 8071
4524 17095
4524 5102
4524 10968
4524 4916
4524 4664
4524 15898
4525 12727
4526 20296
4526 12885
4530 5102
4531 5396
4541 9969
4543 7369
4546 14608
4548 13976
4548 4857
4548 6187
4558 20704
4559 6881
4559 5033
4559 5804
4559 5584
4559 5586
4559 5812
4561 17382
4570 15340
4570 15341
4572 12927
4584 10948
4586 4587
4586 4591
4587 4588
4589 11957
4598 7328
4598 6895
4599 7329
4600 5432
4605 4606
4609 8437
4613 5520
4618 6580
4623 5902
4624 14407
4626 7612
4627 6228
4627 4628
4629 5402
4630 8413
4633 11309
4634 4636
4634 9006
4640 19854
4644 11552
4644 14063
4644 4789
4645 11824
4645 12517
4649 9160
4649 15857
4652 7271
4652 10599
4653 6134
4656 16471
4657 14551
4659 12340
4662 4663
4663 9392
4663 9468
4663 13591
4666 12049
4668 7597
4671 5435
4678 4682
4680 12867
4680 5670
4680 8071
4682 8611
4687 15432
4687 4688
4689 6664
4689 17855
4690 15168
4690 12761
4690 14450
4690 12759
4695 13399
4701 4702
4705 20142
4709 9128
4714 10082
4714 5165
4719 15832
4719 11898
4719 8099
4719 10780
4722 9689
4724 5745
4732 15201
4732 12154
4732 12155
4737 15148
4737 16701
4739 12337
4739 21651
4739 6140
4741 4742
4745 6488
4746 11791
4748 13188
4748 13189
4748 13190
4748 19278
4752 10336
4752 4794
4757 9967
4761 4764
4765 17824
4765 17827
4765 9255
4765 17037
4765 7125
4777 5002
4779 20992
4779 22059
4779 4780
4783 6962
4783 9684
4783 10358
4787 7490
4787 17077
4787 10487
4788 10656
4788 12833
4788 10659
4788 10493
4789 14157
4789 6222
4793 6214
4794 20049
4794 7245
4801 12128
4801 21769
4801 13524
4801 23006
4801 8158
4802 6133
4812 6881
4812 10249
4812 4814
4812 5587
4813 7618
4813 13095
4813 4815
4813 18448
4813 12249
4813 17018
4813 19931
4813 5309
4814 4816
4814 5804
4814 5133
4815 21645
4821 16617
4824 17265
4825 5399
4831 11668
4833 5356
4838 8454
4839 5455
4843 4961
4846 11600
4850 7652
4854 15728
4857 18016
4857 5712
4857 19507
4858 21955
4858 17565
4860 5202
4860 8651
4873 12849
4873 5074
4873 17239
4875 4876
4875 4877
4876 5361
4876 4877
4883 5226
4883 7151
4889 15965
4893 9402
4896 4940
4897 4898
4900 14779
4900 4901
4902 4955
4908 4985
4908 13059
4908 6718
4909 16674
4910 8930
4910 10610
4911 6883
4912 21848
4914 5670
4914 5674
4914 4916
4914 9785
4914 8313
4916 9221
4916 19226
4916 7851
4916 5676
4916 5294
4916 14899
4916 17090
4916 7491
4916 17095
4916 9178
4916 5597
4916 7134
4916 6124
4916 10869
4916 8697
4916 17018
4916 6140
4920 5856
4920 5305
4920 14922
4923 16488
4925 10158
4926 18485
4927 11452
4935 18970
4937 17604
4940 5504
4941 5468
4941 14985
4941 9187
4941 11340
4945 4948
4954 20027
4954 13892
4956 4958
4957 6480
4962 13480
4964 10354
4964 9254
4965 7511
4966 4968
4967 4968
4967 10537
4967 5670
4969 5256
4969 21433
4969 19782
4973 5248
4973 4975
4974 4975
4977 5512
4977 21907
4977 11446
4982 8420
4986 8993
4988 8993
4989 16750
4992 21900
4997 4999
5002 16863
5002 13591
5007 5008
5008 16860
5009 9089
5012 5014
5017 5018
5018 12611
5018 7973
5018 10801
5018 9160
5018 8780
5018 18994
5018 15541
5018 21883
5018 5532
5018 5021
5022 17072
5022 9160
5022 13141
5022 19727
5024 5025
5024 5253
5026 5027
5033 18409
5033 5196
5037 5038
5038 11123
5038 13364
5039 6754
5039 7972
5040 8113
5040 5042
5040 8467
5040 18385
5041 8192
5042 6754
5042 8113
5042 5044
5042 15477
5042 18361
5045 22277
5047 7641
5047 9714
5050 12842
5050 19666
5052 11878
5058 5061
5063 19000
5064 7160
5064 7298
5070 5072
5076 11986
5076 10299
5076 5190
5078 19555
5082 7439
5083 14779
5085 8635
5091 13592
5091 11950
5096 7574
5096 21453
5097 5911
5101 13426
5102 17774
5103 14016
5103 19361
5103 19378
5103 13526
5103 6329
5103 7449
5103 11004
5109 7921
5111 7250
5111 5156
5114 10013
5114 17335
5122 21266
5123 17733
5123 15679
5124 11299
5128 6569
5129 12271
5130 5322
5132 22158
5132 5135
5133 5135
5134 5586
5138 5336
5138 17560
5141 8178
5144 7200
5149 13241
5149 22659
5149 5876
5159 6347
5160 14173
5162 5164
5163 13683
5168 10531
5175 21668
5175 21667
5176 5427
5183 15248
5183 12493
5186 9064
5188 18482
5188 18127
5190 9582
5195 5376
5195 7979
5195 6213
5198 5199
5199 8018
5200 6580
5200 6119
5211 5212
5216 16243
5216 11020
5217 11021
5222 7325
5223 5224
5224 5225
5225 22192
5226 10736
5226 21255
5229 6662
5230 12215
5233 5234
5233 5235
5234 20525
5234 18194
5234 21498
5234 12636
5236 19210
5242 8912
5242 8909
5245 5882
5249 11468
5249 7042
5253 22594
5253 20744
5253 21097
5253 21098
5253 21099
5253 21320
5253 22963
5253 8123
5253 17820
5254 5255
5255 15083
5255 11684
5255 12135
5255 15371
5255 5260
5255 7227
5256 19784
5256 11681
5257 5258
5260 5261
5262 19607
5265 7221
5266 12502
5266 5782
5267 11809
5267 7682
5267 7683
5267 9829
5267 10711
5267 6929
5267 20969
5267 17090
5267 6926
5267 12465
5267 13462
5267 17785
5267 12251
5267 11824
5267 21118
5267 17087
5268 5269
5272 12887
5282 13859
5282 16556
5282 10772
5284 7805
5285 5286
5294 14808
5301 9673
5302 5303
5303 5641
5303 11706
5305 10041
5305 5307
5305 14884
5305 10044
5307 10010
5307 10043
5307 10042
5309 7509
5310 12057
5310 12059
5310 6125
5310 17278
5316 12860
5319 6375
5319 8199
5320 16586
5320 16588
5323 9006
5324 7143
5326 7296
5326 8679
5331 12129
5333 5334
5334 6408
5334 8376
5337 7443
5341 5864
5344 5346
5345 5347
5346 7765
5346 16527
5347 7931
5347 21103
5350 5351
5356 6737
5358 6465
5359 11873
5359 12741
5359 7925
5359 5429
5360 14822
5360 15555
5360 14815
5360 12126
5360 8207
5362 15001
5362 9214
5366 5367
5369 6525
5369 15566
5392 5393
5396 7682
5396 6629
5399 5400
5399 13407
5399 7753
5401 9375
5402 8854
5403 8008
5403 15108
5412 8180
5415 15259
5415 7517
5419 10478
5419 13117
5419 10708
5423 6628
5423 13861
5424 7681
5424 16419
5424 20113
5428 6367
5429 6368
5429 16406
5430 9222
5430 8359
5430 10188
5430 6254
5430 22194
5430 10869
5430 16733
5430 7903
5437 14220
5438 12288
5438 9545
5440 9467
5443 16796
5444 18850
5448 5452
5449 20476
5449 20478
5458 10765
5461 17453
5463 10850
5463 9836
5463 9839
5467 5652
5467 13967
5469 7514
5469 7820
5470 5471
5471 12525
5472 10194
5473 12162
5473 17935
5475 18266
5476 5477
5482 5484
5482 5485
5484 5485
5485 14424
5487 21753
5488 15472
5498 5520
5498 13507
5500 14002
5500 7742
5501 20555
5501 14453
5501 6246
5504 19756
5504 15967
5504 13461
5504 19759
5507 6474
5513 6593
5514 9114
5514 7646
5515 9593
5515 14149
5515 6223
5516 5517
5517 6594
5520 13507
5520 11270
5520 22946
5521 5522
5521 7647
5526 14178
5532 6705
5532 6906
5532 6908
5536 8560
5558 6059
5560 16032
5560 16030
5561 5562
5569 7387
5576 5581
5577 5579
5579 5581
5584 11247
5586 6440
5587 14913
5587 14791
5587 13526
5589 12079
5590 10661
5594 12908
5595 7690
5597 5922
5597 8106
5597 8303
5597 10263
5597 9178
5599 19657
5600 7456
5602 8714
5602 5636
5602 10214
5605 14922
5605 8022
5605 8647
5607 6365
5620 9568
5620 6321
5620 19474
5620 10509
5621 9558
5622 5650
5631 10812
5636 20312
5639 5640
5640 13243
5643 5644
5646 16454
5652 12504
5660 5667
5661 5666
5664 5665
5666 5667
5669 6904
5671 14851
5671 5672
5671 5673
5671 7853
5671 9178
5673 9217
5673 5907
5674 9222
5674 20361
5674 17017
5674 18204
5674 12413
5677 5905
5678 5679
5681 13000
5686 13729
5686 9375
5694 6752
5694 6749
5694 18406
5694 9175
5695 8498
5696 8138
5701 22981
5708 5709
5711 5897
5713 19507
5714 22442
5714 8114
5714 11663
5716 6051
5731 16836
5740 7042
5740 7013
5740 9831
5740 11693
5740 9137
5740 10553
5740 17786
5740 14842
5741 11691
5741 11693
5741 11694
5746 5747
5748 7640
5748 13868
5748 8070
5749 8467
5750 6449
5756 5823
5760 10889
5770 17833
5778 7041
5778 8693
5778 12633
5778 5819
5778 8191
5782 7102
5783 13866
5788 8107
5788 5789
5792 5793
5795 5805
5795 13135
5796 5797
5797 14440
5797 7353
5802 9338
5803 6073
5803 18962
5803 18874
5803 6759
5804 7902
5805 10945
5805 10089
5805 8489
5808 6264
5809 9602
5812 5872
5812 13439
5813 10216
5813 7234
5814 6984
5814 20116
5816 14016
5816 13241
5816 22103
5816 7481
5816 6591
5819 15872
5819 6756
5819 6143
5821 6326
5826 17538
5826 17540
5832 16596
5834 20538
5836 5840
5839 12175
5842 7616
5842 15663
5842 14057
5842 11929
5843 13699
5847 5851
5848 8755
5848 10884
5848 10887
5853 19500
5854 18007
5862 6412
5862 5863
5866 7092
5869 5877
5870 5874
5870 11475
5870 14779
5871 5876
5872 15828
5872 5877
5872 19836
5873 10250
5873 6126
5873 5876
5873 7637
5873 8893
5875 13010
5875 13011
5875 7482
5875 10843
5876 15331
5876 9254
5876 14058
5876 6910
5877 14382
5877 6127
5877 7638
5877 7639
5877 6910
5881 16424
5881 5882
5882 12302
5883 8377
5883 9367
5888 5889
5889 16671
5890 5891
5896 15831
5902 13415
5905 5908
5906 5909
5908 5909
5911 7661
5915 8108
5919 9283
5919 11507
5922 7277
5922 11037
5922 11549
5928 5929
5932 10945
5938 9365
5940 7331
5940 7316
5941 5943
5942 5943
5943 7698
5945 5946
5953 5956
5954 11003
5954 11396
5954 6629
5954 13455
5954 12079
5954 22549
5954 9783
5954 16733
5956 14776
5958 5959
5960 7080
5961 9867
5968 5970
5983 11808
5983 15866
5984 15588
5984 15342
5985 11172
5985 11022
5987 15343
5992 12903
5995 12793
5996 8113
5997 9038
6000 10716
6005 9040
6008 6010
6009 21484
6012 7996
6013 22548
6014 21116
6016 15548
6024 19464
6024 15528
6024 14898
6024 19463
6025 14901
6026 19464
6026 12977
6026 10461
6031 21472
6036 16979
6036 15271
6040 8043
6046 6047
6050 12804
6050 22141
6054 8217
6055 6056
6070 6072
6070 6569
6070 14314
6072 12001
6073 18874
6077 12054
6082 9826
6084 6086
6087 15378
6087 9502
6093 15061
6095 20714
6099 12275
6100 22087
6113 12313
6115 18519
6120 6124
6120 9765
6120 7638
6120 7639
6121 10249
6122 6123
6122 6124
6123 10249
6123 7638
6123 6127
6124 12007
6124 10333
6124 18897
6124 12381
6125 7693
6125 7822
6125 11410
6125 6313
6125 13875
6125 17332
6125 10553
6125 17090
6125 18897
6125 12251
6125 15966
6125 9829
6125 9831
6125 14825
6125 14826
6128 10498
6131 6771
6137 13192
6137 13196
6140 11767
6140 11218
6140 7035
6140 11420
6140 7038
6141 8244
6141 11767
6141 15736
6141 12412
6141 7037
6141 12741
6142 11368
6147 15129
6147 21261
6163 23069
6166 7147
6167 7144
6168 6727
6177 6179
6178 9832
6178 6179
6183 6184
6189 6356
6189 6191
6198 10578
6198 12180
6198 12685
6203 7972
6208 17088
6208 16880
6208 11468
6208 16878
6209 11724
6212 9803
6215 6216
6218 10787
6220 15410
6220 18829
6222 6780
6235 18570
6239 22154
6241 9334
6244 6247
6244 6245
6245 9692
6246 6247
6246 12484
6248 6249
6249 8922
6249 10124
6253 6525
6254 7685
6254 18725
6255 9199
6256 6258
6257 6258
6259 17952
6259 9038
6259 17951
6261 21828
6268 8360
6268 12244
6268 6269
6271 10714
6271 14795
6271 16135
6271 14536
6271 19243
6271 15182
6271 21490
6271 6935
6271 6936
6271 11389
6278 20416
6283 19109
6286 6450
6297 9759
6298 6299
6299 16763
6299 13196
6301 12743
6303 12776
6307 17956
6307 17955
6307 11140
6313 11714
6313 15964
6313 9829
6319 6673
6319 12117
6321 21705
6322 9714
6323 10296
6326 21106
6326 8158
6327 17833
6327 11804
6328 19840
6328 14950
6328 11706
6328 9621
6329 8936
6329 12575
6334 20847
6336 18362
6337 9227
6338 17122
6338 9227
6338 9228
6338 8613
6339 8125
6339 8126
6343 6907
6346 22471
6349 16683
6349 14341
6350 15463
6354 13735
6366 10720
6367 16406
6368 16406
6376 19920
6376 15289
6382 21347
6390 16627
6394 6395
6396 9461
6401 14562
6403 7927
6403 9937
6403 7251
6403 14797
6403 13871
6404 7121
6404 6405
6405 13870
6408 8121
6408 12628
6408 21733
6415 6718
6416 19659
6416 11869
6418 10280
6418 22700
6418 10067
6418 6427
6419 7459
6419 6421
6419 6423
6420 6422
6421 10280
6421 6423
6422 6423
6424 18700
6427 7647
6435 12563
6435 12565
6437 6439
6443 17505
6445 9131
6445 9133
6450 12004
6456 14939
6461 19337
6461 14234
6462 13419
6462 6463
6463 6464
6464 19319
6464 19341
6465 19336
6465 19322
6465 19339
6471 10400
6476 8552
6484 7881
6487 15192
6488 7674
6488 6910
6490 6494
6491 6492
6499 6510
6505 12338
6505 18191
6506 21869
6511 10968
6511 11287
6522 6783
6531 11810
6542 21544
6543 6544
6553 6554
6557 6558
6566 6567
6573 15709
6574 6575
6575 9536
6575 10705
6575 9494
6580 11804
6581 18790
6583 6584
6584 16903
6591 22383
6597 6599
6599 6641
6599 10890
6599 18962
6600 6601
6602 9983
6602 17359
6605 6606
6606 6608
6611 9624
6611 6613
6617 13361
6618 8739
6621 10554
6624 6627
6628 12442
6628 20556
6629 10381
6629 15247
6629 11446
6629 6649
6630 6647
6631 6649
6637 13342
6637 9183
6641 6885
6647 14775
6649 10344
6649 12413
6654 14162
6655 10780
6655 13524
6657 6658
6658 11500
6658 8212
6659 6662
6660 6662
6661 10120
6667 6668
6669 11099
6669 7468
6675 15744
6675 11139
6675 8389
6684 6685
6692 8459
6692 6693
6693 15123
6696 9398
6697 9897
6698 6702
6705 14914
6705 14470
6705 14306
6707 9493
6716 13060
6716 11083
6716 18834
6716 11158
6716 6717
6717 11156
6717 11157
6717 6718
6718 14993
6718 8342
6725 6726
6738 6739
6739 6740
6742 13099
6746 13112
6749 6752
6749 6751
6755 16073
6770 9812
6772 9384
6777 11416
6778 13743
6778 12431
6780 22916
6780 21126
6780 13900
6780 18453
6780 7645
6781 7646
6781 10598
6781 16221
6781 13814
6784 6785
6787 13010
6791 15199
6794 12574
6794 12575
6803 16624
6806 7823
6807 12651
6808 21048
6808 14410
6808 10971
6808 6831
6809 10224
6809 6810
6809 11036
6809 18866
6810 17026
6816 6818
6816 6819
6816 6820
6817 21571
6817 11451
6817 21572
6817 16135
6818 6820
6820 11239
6821 8495
6821 6822
6821 6823
6825 8008
6827 14013
6829 21048
6829 20431
6829 15663
6831 16178
6831 18994
6838 18608
6838 6929
6838 17528
6838 12250
6838 12251
6838 6842
6838 10495
6839 6840
6845 12051
6847 19124
6847 11870
6849 8708
6853 6854
6854 12811
6854 6855
6856 6858
6867 6869
6867 23126
6868 12998
6868 11007
6870 19969
6870 8100
6871 9778
6874 9897
6878 12004
6880 9391
6881 10890
6881 18450
6881 8630
6883 11850
6883 22160
6883 22161
6883 14804
6883 18390
6883 14807
6883 7289
6887 16336
6887 11531
6887 21917
6892 14998
6897 12030
6898 7928
6899 18403
6899 9588
6902 12014
6903 10115
6903 17535
6904 18288
6904 11422
6905 6906
6906 6912
6908 10700
6908 12635
6909 8691
6910 12482
6910 14020
6910 7709
6910 10429
6910 6911
6911 11375
6913 16097
6914 13122
6914 21712
6914 7618
6914 20027
6917 21712
6917 7061
6917 8560
6921 14260
6921 14261
6924 20036
6924 8052
6924 8053
6924 12854
6925 11944
6926 7617
6926 12268
6929 7822
6929 12250
6929 14431
6930 16852
6930 19277
6931 14137
6934 6936
6934 12619
6934 7645
6934 7646
6936 14199
6938 12034
6940 22572
6940 8823
6940 8824
6945 6946
6950 21441
6951 8101
6954 8531
6960 17856
6975 10699
6977 9184
6977 13591
6981 6982
6981 10701
6984 13426
6988 20780
6989 22523
6993 11113
6995 8163
6999 7674
7002 15521
7002 15353
7006 18251
7008 16774
7008 8913
7008 20913
7008 11158
7008 12060
7010 7355
7012 12049
7013 18359
7013 16750
7013 21647
7017 7019
7018 9136
7018 10968
7018 11043
7018 15189
7019 8207
7020 10470
7020 10471
7020 10354
7020 11219
7024 7471
7025 20673
7039 7040
7039 20730
7042 16803
7042 9833
7042 16749
7042 12883
7042 15966
7045 7328
7045 7239
7045 7047
7047 8748
7047 7207
7049 19804
7051 7640
7052 11827
7052 14251
7055 12403
7070 18068
7070 18070
7072 11955
7072 8190
7073 8190
7079 10039
7080 13714
7084 11604
7090 17618
7100 21269
7103 7104
7106 22050
7113 11752
7116 11901
7118 13894
7121 12826
7122 7125
7125 9408
7125 7904
7125 21538
7125 7908
7125 10452
7125 20437
7125 7255
7125 21535
7126 23118
7127 7128
7130 13928
7130 13938
7134 16258
7138 20698
7138 9967
7140 7802
7142 9609
7157 7158
7161 10444
7189 7190
7192 10816
7196 7197
7201 14891
7202 17704
7204 7206
7207 16923
7208 8370
7210 7211
7215 21692
7215 10124
7216 7218
7216 19342
7219 22179
7221 8191
7221 11633
7221 7823
7227 15083
7227 9486
7228 15083
7228 8407
7240 7280
7240 7281
7240 7284
7242 10187
7243 10187
7243 7244
7243 7749
7245 15392
7247 11972
7251 20600
7251 14837
7252 7254
7252 13526
7254 9038
7255 7256
7255 7906
7255 17063
7256 17770
7257 9618
7260 7266
7261 7266
7263 7267
7264 7266
7264 7267
7270 9222
7270 14569
7270 15726
7270 14575
7271 9985
7271 11475
7274 13070
7285 12329
7285 14851
7285 7287
7286 7288
7286 12329
7286 14851
7286 13877
7289 15117
7289 22160
7289 9137
7289 22676
7289 9209
7289 13722
7289 13887
7289 13214
7289 11871
7301 7302
7303 7304
7304 15627
7307 20043
7307 18610
7310 7313
7311 10869
7314 23088
7314 10210
7314 8131
7320 19040
7320 19598
7323 7324
7325 21327
7327 7328
7328 11751
7338 16307
7338 13949
7338 10677
7339 19720
7339 7681
7340 18440
7340 18461
7340 16685
7341 11642
7341 18441
7349 7350
7349 7351
7350 7351
7351 10032
7351 7644
7356 10197
7359 17732
7361 9122
7368 10833
7370 22346
7371 21906
7371 13307
7372 7374
7374 18537
7374 7571
7386 20295
7393 12227
7393 7396
7399 15988
7402 15488
7403 8347
7409 18464
7413 21186
7416 8688
7416 10866
7416 12027
7419 7420
7420 8009
7420 8843
7421 21498
7421 20523
7421 20525
7426 22443
7427 9161
7427 14484
7428 21366
7435 13344
7435 7436
7441 14519
7441 12699
7441 15245
7441 15246
7441 14518
7453 7454
7457 11525
7457 10886
7457 19760
7457 8262
7461 7462
7465 7467
7465 7979
7465 7468
7466 11099
7468 11098
7468 7979
7468 12451
7469 7952
7469 7470
7471 9316
7479 7485
7480 15188
7481 7482
7488 7489
7491 10087
7491 19719
7492 10088
7492 17659
7492 7494
7493 10208
7493 8099
7493 10088
7494 20921
7494 11451
7494 20551
7498 13688
7506 13886
7506 8207
7509 8274
7509 12164
7512 7519
7522 7532
7523 7529
7524 7531
7525 7528
7525 17053
7528 7530
7528 7531
7529 7530
7544 12603
7547 13875
7548 13932
7548 21253
7548 13934
7549 22776
7549 22769
7549 22771
7556 11260
7556 11254
7557 9482
7557 18403
7558 7560
7558 10211
7560 12604
7561 10010
7561 8131
7561 10742
7563 7682
7567 10748
7571 12643
7571 7661
7571 10047
7591 7592
7595 7867
7605 8231
7607 22599
7608 7609
7610 15411
7612 7613
7616 12386
7616 18148
7616 8694
7616 20637
7618 9253
7618 18929
7618 18161
7618 10450
7618 16981
7619 16520
7619 10339
7624 11103
7639 7748
7639 11846
7639 19600
7639 9784
7639 9530
7639 12699
7640 15200
7640 18213
7640 18854
7640 18855
7640 10511
7640 15057
7640 19603
7640 19604
7640 19605
7640 10199
7640 12698
7642 7643
7645 12147
7646 16641
7646 9825
7646 19669
7647 7648
7659 8066
7659 17991
7660 8065
7660 8063
7665 11995
7665 13860
7665 14413
7666 7667
7674 9970
7680 18880
7680 15726
7681 12413
7681 19720
7682 10968
7683 7684
7684 13240
7689 7690
7692 17092
7692 14824
7692 8913
7692 13042
7692 20980
7692 9783
7692 12060
7692 12381
7693 11156
7693 19660
7693 12534
7694 14825
7694 17092
7694 9782
7694 12007
7696 18269
7696 11238
7698 7699
7702 13146
7703 17438
7703 17223
7706 14985
7706 9218
7709 11248
7710 7711
7714 7715
7716 21175
7718 11003
7719 8929
7719 10107
7721 9301
7722 13674
7723 7724
7728 18978
7736 14836
7743 7744
7744 10337
7749 10103
7752 8788
7752 11866
7752 9819
7754 7755
7757 18669
7760 12701
7762 11633
7766 7768
7771 14959
7779 7780
7783 15355
7784 17168
7784 17167
7792 7793
7796 9928
7799 9412
7800 22154
7803 8904
7803 14473
7803 11021
7804 9912
7821 8616
7821 8614
7822 13127
7822 8496
7822 7825
7822 12249
7822 12251
7822 10333
7822 12543
7824 8616
7824 10249
7824 12923
7824 10968
7824 15161
7839 15488
7842 7848
7842 7844
7844 8771
7845 7849
7846 8771
7847 7849
7848 14074
7852 17482
7852 17483
7853 15272
7855 7856
7861 7869
7865 18505
7867 15228
7868 12466
7869 8856
7869 8858
7869 7895
7876 20184
7883 7884
7884 7885
7887 8390
7890 7891
7894 18453
7894 16951
7896 11636
7896 14748
7896 11916
7898 20200
7898 12312
7899 17563
7902 22749
7905 17771
7907 7909
7910 10107
7910 8731
7910 9725
7911 9715
7911 9188
7911 10959
7915 11267
7916 7917
7940 22429
7942 9137
7942 13191
7949 14857
7954 14802
7960 19499
7971 10410
7972 13298
7972 13363
7972 10934
7972 8538
7972 14330
7972 14751
7973 17064
7973 12850
7973 16178
7975 7976
7984 21303
7986 9831
7987 9232
7994 23017
7999 19441
8001 10421
8003 10426
8003 12612
8003 16822
8004 8177
8005 12681
8005 13818
8006 12730
8006 19013
8006 17942
8006 20407
8012 13390
8013 17557
8025 12142
8032 8033
8033 14946
8040 8041
8040 8838
8048 10536
8048 17772
8048 14501
8048 17774
8051 20658
8062 11358
8063 8067
8064 8065
8065 8067
8069 18744
8069 18737
8069 8936
8072 8073
8077 18943
8087 8801
8095 15272
8099 9651
8100 9898
8100 11375
8100 15255
8100 8207
8100 13660
8102 10834
8106 9504
8108 8109
8111 11603
8118 22308
8122 22594
8125 8128
8134 15592
8142 10065
8149 19295
8158 12066
8158 10247
8158 21452
8158 9205
8158 15221
8158 19871
8158 8892
8158 11805
8158 12064
8159 11352
8171 18499
8176 15512
8177 15836
8178 9329
8184 9688
8187 8560
8193 8196
8194 11562
8194 11563
8194 19683
8194 8197
8196 8197
8198 22362
8198 22364
8198 16606
8206 8905
8207 9651
8207 19347
8207 14744
8211 11630
8213 8214
8222 9119
8227 10180
8227 10182
8237 13764
8242 23114
8242 12788
8242 11966
8244 13010
8244 23114
8244 13011
8244 16652
8249 19647
8250 15990
8250 10357
8258 8261
8274 9421
8274 9419
8274 9677
8279 9823
8280 22255
8284 11426
8290 11042
8290 15091
8291 20299
8294 9049
8298 8299
8304 13026
8305 13092
8305 8307
8306 13091
8308 13732
8310 22835
8314 9819
8316 13452
8321 8322
8322 14203
8322 10573
8325 8326
8331 9278
8331 8870
8335 21921
8336 11450
8340 17466
8340 22118
8340 11086
8343 10521
8343 11930
8344 12018
8347 10526
8349 11396
8349 18978
8349 11996
8350 8353
8350 18869
8350 10959
8354 8355
8355 19745
8356 15663
8357 9787
8357 10381
8357 14294
8357 13031
8359 14657
8359 10959
8359 12689
8359 18898
8360 9187
8360 12182
8362 8363
8362 21836
8362 9107
8362 14327
8364 8367
8365 8366
8368 13923
8368 12932
8368 14101
8370 12930
8384 12831
8384 11807
8389 8390
8390 16813
8390 13364
8390 13366
8393 8396
8394 8396
8396 14348
8396 19231
8407 12135
8407 12136
8407 18831
8407 16056
8415 8420
8417 8419
8418 8420
8419 8420
8420 10942
8420 10943
8427 13946
8427 13943
8428 13945
8428 21556
8429 13943
8433 9365
8434 8436
8438 11602
8447 19399
8449 21773
8456 11235
8459 18521
8467 18223
8469 16934
8473 16675
8476 18489
8479 13058
8483 11749
8483 11543
8484 19367
8485 8667
8485 14493
8485 11317
8486 13712
8486 13601
8486 13714
8486 20279
8487 15351
8491 21060
8491 9985
8494 12764
8494 12885
8516 11615
8518 16686
8526 9398
8533 14016
8535 8536
8538 13366
8539 12923
8540 9865
8552 8553
8552 21234
8552 9643
8554 8555
8556 11338
8559 19077
8562 13868
8564 13277
8568 14355
8568 14356
8568 14341
8568 10550
8569 11600
8569 8570
8569 8571
8570 12911
8574 16666
8575 8576
8576 12082
8576 12083
8580 22499
8582 13772
8584 8586
8585 13442
8585 8588
8585 9013
8589 13885
8590 16401
8591 21132
8601 8602
8604 8979
8610 10892
8613 12208
8613 9035
8613 21892
8615 11289
8615 18091
8615 11285
8615 11417
8618 8939
8621 19083
8622 21002
8622 16510
8622 13519
8625 9951
8630 13426
8630 9137
8641 14859
8641 21026
8653 10655
8658 8659
8662 9107
8662 16364
8666 8667
8668 15295
8677 10305
8683 19071
8691 11929
8692 8693
8694 20632
8694 10429
8694 9343
8696 13023
8698 19023
8718 15328
8718 9008
8718 9009
8724 8726
8730 8898
8731 9787
8731 14250
8739 17516
8742 9301
8745 8750
8746 13259
8746 8749
8756 22007
8761 9132
8763 8764
8767 15921
8770 9229
8772 8774
8779 11519
8781 14180
8781 8782
8781 18733
8783 12284
8783 22574
8788 11364
8788 11881
8788 9295
8788 18485
8788 9687
8789 14682
8789 16878
8789 19163
8789 16875
8790 15267
8791 15268
8791 16072
8791 13646
8791 13648
8791 11319
8791 18206
8792 8994
8792 16477
8801 22742
8805 8806
8806 8810
8811 12866
8819 10124
8825 9669
8830 9105
8843 18687
8849 8850
8856 8858
8857 8862
8859 8861
8864 8868
8865 8867
8878 8879
8883 8886
8885 8886
8887 11397
8888 13479
8891 14565
8893 19894
8893 12443
8893 12636
8893 10686
8898 8899
8900 22949
8900 9230
8900 12887
8902 8903
8903 19762
8904 16196
8904 11021
8904 16176
8904 12371
8905 13625
8905 10450
8905 11437
8908 8939
8913 12060
8913 9783
8918 9834
8923 9191
8929 21968
8929 21969
8929 21965
8930 12318
8934 8940
8936 17612
8936 17593
8936 23064
8936 23066
8937 8940
8938 17929
8938 10076
8938 8940
8938 13334
8939 15609
8941 8942
8941 13639
8953 8967
8956 13442
8956 13238
8956 13237
8957 14964
8957 13238
8963 10497
8967 9688
8970 14634
8976 10061
8981 10909
8983 8985
8984 8986
8987 8989
8992 16491
8995 8996
8996 13436
9008 9168
9009 16689
9009 13234
9012 10970
9012 21982
9014 13301
9014 12431
9015 20744
9020 9022
9021 14570
9029 12926
9031 16712
9035 14406
9037 13002
9038 9254
9038 13001
9038 17770
9038 17772
9038 9039
9039 10116
9039 20038
9042 11406
9044 18536
9058 13887
9060 14824
9060 15735
9061 9160
9067 9068
9076 23048
9081 19342
9083 9619
9087 15754
9087 13773
9107 14327
9109 22998
9125 12376
9126 9128
9131 9136
9132 14846
9134 9137
9135 14844
9136 12404
9136 13461
9136 17784
9136 14846
9137 9831
9137 11690
9137 16749
9137 13425
9137 10190
9137 22328
9137 11003
9145 10816
9146 16526
9147 13067
9153 14634
9155 15910
9157 10597
9159 10238
9160 20100
9160 14669
9160 19606
9160 17657
9162 9163
9165 9166
9169 21193
9170 15645
9173 13368
9173 21957
9173 13367
9174 13467
9178 9179
9178 17358
9179 10187
9179 15085
9180 14504
9186 15697
9188 10472
9188 9337
9188 12245
9190 19576
9194 9196
9203 9204
9204 12433
9205 16219
9208 12451
9209 9210
9210 15189
9213 9217
9214 9464
9214 18542
9216 9731
9217 16143
9218 18971
9218 20577
9221 9320
9222 10616
9226 13488
9230 11688
9231 9232
9232 14986
9240 9241
9245 9251
9246 9247
9248 21808
9249 17456
9249 13236
9249 11036
9249 20526
9249 17055
9252 11943
9254 19329
9254 15663
9254 20637
9254 17824
9254 16289
9254 17949
9254 15664
9254 19257
9254 22340
9254 19361
9254 19300
9254 18525
9254 16486
9254 21738
9254 18161
9254 17940
9254 9338
9259 14473
9273 10381
9277 16197
9278 14874
9283 15967
9283 15965
9296 9300
9296 18237
9297 9299
9297 9300
9298 14242
9299 9687
9300 9825
9300 11576
9301 15802
9301 18443
9323 9324
9329 14840
9334 16871
9343 13697
9343 13699
9343 15019
9344 10610
9354 15506
9354 15219
9376 17359
9379 19617
9379 18985
9383 9410
9384 22659
9385 14267
9385 11653
9388 19523
9396 9995
9396 9397
9398 12026
9399 20160
9399 9779
9399 9781
9404 18008
9404 13904
9411 9777
9415 9417
9419 10851
9420 9422
9422 14743
9426 15872
9426 11410
9429 11399
9435 10948
9440 12153
9444 13698
9444 10812
9444 9445
9452 11321
9457 18522
9457 9583
9465 21916
9465 21917
9473 18543
9478 11839
9480 9481
9487 11680
9487 11681
9490 9492
9494 19189
9495 9496
9499 15631
9502 9503
9504 9506
9510 9512
9513 18464
9517 9520
9517 12608
9517 9532
9517 9519
9519 11160
9519 16188
9521 9537
9521 21338
9521 16188
9533 10268
9535 9536
9537 20925
9548 12862
9549 12861
9551 12862
9553 11890
9555 10551
9557 9558
9559 15641
9559 17395
9559 12765
9563 9566
9568 22918
9568 13478
9572 9574
9573 9575
9579 14752
9586 10303
9590 9593
9591 14147
9591 21230
9602 13963
9611 10566
9634 18014
9648 11489
9651 21021
9662 9663
9676 14450
9677 9678
9684 19162
9685 19162
9692 19384
9693 14226
9693 22101
9693 9695
9698 19539
9709 9710
9711 21819
9715 9718
9716 19130
9721 10840
9725 19723
9726 17330
9728 18268
9740 14489
9742 9743
9752 9755
9753 9756
9755 21030
9756 21029
9761 12489
9761 22183
9764 9765
9765 13632
9765 13835
9766 10514
9766 9767
9770 9771
9779 16733
9781 20278
9783 20902
9783 11081
9783 18786
9783 13266
9783 13875
9783 11157
9783 11158
9785 15048
9785 15081
9786 13251
9786 11364
9787 14250
9787 12475
9794 13209
9794 10246
9796 14414
9797 9800
9799 21918
9800 10512
9801 9802
9802 21428
9806 17981
9807 16215
9809 10322
9810 21097
9817 22378
9817 9819
9819 13491
9819 11365
9820 9822
9822 10880
9823 12329
9823 13002
9824 9825
9825 19258
9827 14435
9827 12679
9828 16949
9829 13424
9829 11733
9830 22596
9830 9832
9830 13421
9830 13422
9830 10553
9830 15964
9831 13421
9831 15965
9832 13096
9832 9985
9832 17018
9833 11633
9835 9836
9835 9838
9839 10201
9842 15310
9849 16288
9850 11249
9854 15189
9859 11080
9861 9863
9862 13375
9862 10436
9862 9863
9863 13373
9886 13410
9888 19809
9888 9890
9888 19815
9891 9893
9893 10142
9896 17122
9896 12406
9898 15554
9900 12406
9904 17066
9905 9906
9906 20118
9906 21401
9912 11219
9916 14804
9917 9918
9921 18642
9934 11642
9934 15558
9935 14837
9939 20600
9942 13834
9943 22747
9945 20279
9946 15150
9954 10663
9955 22626
9967 16798
9982 9985
9982 9983
9983 14497
9983 17359
9985 19433
9985 13096
9985 12249
10001 10002
10010 12260
10017 10018
10019 16883
10022 15135
10038 12680
10038 18723
10038 18039
10039 17000
10041 10043
10042 10044
10045 15998
10056 10794
10056 15426
10058 22756
10076 15951
10076 11376
10076 19313
10087 10088
10093 10097
10093 10098
10093 10094
10094 10098
10095 10099
10095 20588
10099 21569
10099 21570
10118 18760
10122 11586
10122 20308
10127 10129
10148 10274
10158 22837
10158 19349
10166 11639
10170 21632
10171 12186
10171 12187
10182 20400
10182 12609
10183 15848
10183 15842
10184 11362
10184 20955
10184 10186
10184 10189
10185 20955
10185 11319
10186 10187
10186 10188
10188 15178
10189 12882
10190 12162
10194 13653
10199 17931
10199 20645
10202 20868
10208 22937
10210 10458
10212 14830
10219 10221
10220 20495
10223 18258
10224 17456
10225 10227
10225 10228
10225 10229
10229 10347
10241 17981
10246 20852
10246 23113
10246 13209
10247 10248
10249 19952
10249 18107
10249 16749
10249 15189
10249 18743
10249 10843
10251 20072
10251 10337
10251 10867
10253 10259
10254 10256
10254 10260
10255 10258
10257 10258
10272 13541
10273 10274
10277 19842
10277 19843
10280 17474
10286 16184
10291 10292
10293 10452
10296 10750
10302 10303
10303 22864
10303 19637
10305 10332
10309 18563
10311 10312
10313 18392
10322 21126
10322 11789
10322 16215
10322 21624
10322 14587
10325 10329
10326 10329
10329 19664
10329 16341
10334 11900
10335 11610
10337 15727
10337 17077
10337 13686
10337 10391
10338 16338
10339 13704
10347 10348
10354 20431
10354 20825
10354 20027
10364 10366
10372 10920
10372 10921
10381 14294
10391 12449
10391 15967
10396 10416
10402 14951
10404 10405
10405 19842
10405 18554
10409 17891
10410 22043
10410 14656
10410 13917
10411 12923
10412 12923
10417 10419
10424 12014
10426 17652
10429 12268
10438 10824
10447 10449
10447 10451
10448 10450
10450 10451
10451 13525
10452 11639
10452 21199
10454 23025
10469 14769
10472 11863
10476 10477
10498 10623
10498 17067
10508 11104
10508 10509
10508 10510
10508 11450
10508 16733
10508 16734
10509 12699
10511 12449
10511 15544
10511 22194
10511 15545
10511 12699
10511 16734
10512 17570
10513 12445
10516 10517
10518 16525
10521 21935
10521 13325
10534 10535
10535 21741
10536 12867
10543 14848
10543 10687
10547 18826
10555 22471
10560 13082
10563 17923
10567 10568
10568 18786
10568 11718
10568 14824
10568 18893
10568 19762
10573 10574
10575 17118
10582 12128
10582 11592
10584 13576
10584 14379
10584 11575
10588 16392
10590 10591
10591 10592
10591 10594
10592 10595
10598 20034
10598 11116
10598 17805
10598 11119
10604 10605
10615 10616
10616 18731
10616 18735
10616 18672
10616 19221
10616 19222
10616 18741
10617 17266
10618 22687
10629 10827
10645 10649
10645 10647
10646 10647
10652 10653
10654 11703
10656 15187
10662 11687
10684 17529
10685 17206
10686 14861
10690 12107
10699 21799
10700 17755
10700 11293
10701 19018
10702 12192
10702 19866
10702 15371
10702 19862
10712 15394
10714 14205
10716 20191
10720 10721
10724 22160
10724 13241
10730 14205
10732 15660
10732 14669
10733 19908
10738 10980
10747 21586
10749 21106
10750 22885
10755 11021
10756 10757
10759 10761
10767 10768
10770 11790
10772 11531
10772 14788
10775 10776
10780 17888
10780 19169
10780 19042
10780 21600
10780 15690
10780 13745
10780 18363
10781 14720
10781 21386
10781 14717
10799 17383
10801 19653
10801 16766
10801 16765
10802 21881
10802 17946
10807 11432
10807 21137
10807 19698
10807 12293
10807 12295
10808 18824
10809 14493
10809 18390
10812 22465
10822 19711
10830 16780
10831 21472
10832 10833
10835 11809
10835 13268
10839 10840
10840 10841
10846 10847
10863 21334
10864 10867
10872 20673
10872 13908
10885 10887
10894 14733
10895 12238
10907 10909
10921 16886
10922 10924
10925 22422
10928 10929
10934 20506
10946 10947
10949 10950
10953 11968
10953 19444
10964 14080
10964 14079
10970 12988
10971 18134
10971 19759
10973 10976
10974 10975
10978 10979
10980 14864
10980 11467
10980 20079
10994 20470
10997 18848
10997 18849
10999 15963
10999 13462
11000 19524
11000 14164
11001 19587
11002 14164
11002 13461
11002 13462
11002 15965
11015 20297
11019 11763
11020 19918
11022 11172
11024 11025
11024 12581
11024 22893
11053 11054
11056 13144
11058 19936
11070 22273
11076 11085
11081 18294
11081 12533
11081 11869
11081 15246
11082 17465
11082 22118
11082 21638
11083 15988
11083 17466
11083 22117
11085 17467
11087 20392
11087 14401
11087 20252
11104 15545
11105 11107
11111 16703
11114 12451
11114 11116
11114 11119
11115 11118
11116 18626
11116 13009
11116 12440
11118 18625
11118 18626
11123 11124
11130 15100
11130 15102
11131 16405
11136 13497
11136 11868
11136 12781
11158 13266
11160 14980
11164 11167
11172 14536
11172 13963
11172 14252
11178 11179
11178 11180
11184 12359
11203 21543
11208 11209
11212 11213
11212 20357
11213 11217
11214 11217
11216 11218
11217 22257
11218 11616
11218 11767
11218 16103
11219 21741
11222 16263
11228 13289
11228 13283
11228 13287
11229 22016
11229 22014
11229 14303
11230 20338
11230 19750
11239 15916
11243 11244
11245 14652
11253 11256
11253 11261
11255 11257
11255 15111
11257 11258
11264 11267
11269 11270
11273 14843
11280 19121
11284 11285
11285 11289
11288 18090
11290 11521
11290 18851
11300 20479
11313 12841
11316 13712
11317 11521
11317 21708
11319 11362
11319 17443
11319 11365
11319 13451
11328 11872
11331 13834
11332 11453
11340 21030
11340 21117
11344 11345
11346 11348
11349 12337
11357 17438
11362 18679
11363 13490
11364 15452
11364 21351
11364 15081
11367 17269
11368 17064
11368 15934
11387 13898
11387 12253
11389 11515
11389 13167
11389 20709
11396 11996
11397 13127
11398 11399
11403 11404
11405 11406
11411 17408
11411 11413
11412 18610
11412 11413
11414 12480
11417 15189
11422 13227
11422 16477
11423 11469
11424 11426
11424 23084
11426 14585
11426 11469
11426 11431
11427 11469
11431 13491
11431 13490
11437 13343
11437 20437
11446 14383
11447 12870
11449 11590
11450 15546
11450 12700
11450 17757
11450 16734
11451 12866
11451 13924
11451 12870
11452 15143
11452 15141
11457 20801
11457 16479
11458 11459
11460 12006
11468 21926
11468 22505
11468 19576
11468 14108
11472 15337
11475 22450
11475 20357
11481 17391
11490 16384
11500 15563
11503 22803
11508 20909
11512 11513
11515 13167
11516 13167
11521 13648
11521 20628
11524 18379
11529 20234
11529 11530
11531 18986
11533 15899
11537 19391
11544 13710
11547 12042
11547 12079
11549 20871
11563 22363
11563 13300
11563 19682
11564 11566
11571 13798
11576 11577
11577 20400
11583 11584
11591 15489
11597 22093
11598 11599
11614 13736
11615 11616
11622 15772
11625 12268
11625 20206
11626 17143
11639 14085
11639 14087
11641 18440
11641 11642
11642 12073
11647 17871
11657 11658
11663 11744
11665 11666
11670 16010
11672 21218
11676 15712
11676 15713
11683 11684
11684 12662
11685 12696
11686 13874
11687 11715
11690 11692
11690 11693
11690 11694
11690 15966
11690 15967
11694 18933
11699 11700
11700 12030
11708 11709
11715 17397
11718 14827
11720 18152
11729 11730
11733 13423
11738 11739
11739 19249
11739 20601
11741 19898
11741 19042
11741 21463
11742 20601
11742 12475
11749 11751
11754 11755
11759 18364
11759 11767
11763 14696
11764 14697
11764 14234
11764 23028
11764 11765
11764 14694
11765 11766
11767 11943
11767 21465
11768 14697
11772 11948
11773 11774
11774 19354
11774 19508
11774 19254
11774 11775
11785 11786
11797 11800
11803 17627
11803 17628
11809 11824
11813 17617
11813 14042
11813 11814
11818 12327
11819 15257
11822 12528
11824 21705
11824 15544
11827 17221
11843 17220
11844 16070
11846 16356
11847 19921
11852 19266
11852 19263
11860 19379
11860 19380
11860 19615
11861 12420
11866 14034
11866 14036
11867 14033
11871 11872
11871 13158
11874 16195
11875 17811
11875 17812
11893 11894
11898 20995
11901 11902
11912 12905
11913 11915
11914 22531
11914 17460
11921 11922
11925 11928
11945 17784
11945 14060
11945 17299
11946 13282
11946 14060
11966 15462
11976 11977
11976 12444
11984 13620
11985 13619
11994 18384
11994 11996
11994 19168
11996 22187
11999 12446
12002 15339
12007 18034
12007 13875
12007 16153
12012 15748
12013 14463
12021 19627
12025 12090
12036 12038
12037 18338
12046 12048
12053 12055
12057 12060
12063 18115
12072 12073
12082 12083
12084 12085
12086 15592
12088 16100
12089 12091
12093 12097
12096 12097
12107 12696
12107 20419
12112 15039
12126 12152
12126 12883
12130 12131
12130 14156
12132 12134
12135 19784
12136 15371
12137 13904
12141 12142
12150 12152
12151 16550
12152 22848
12153 21880
12153 14702
12154 17968
12155 12156
12156 12835
12156 16235
12156 16236
12156 22073
12157 12158
12159 12161
12162 12164
12164 12468
12164 12268
12164 12166
12166 19256
12176 12177
12183 20882
12183 19967
12186 21632
12187 12188
12190 12736
12190 21865
12208 14922
12209 17188
12214 16236
12214 12220
12214 22078
12215 12219
12216 12217
12217 12218
12217 12219
12235 13615
12237 12239
12239 12240
12247 12250
12247 20475
12248 12251
12249 18875
12253 22593
12263 21651
12263 18364
12268 17318
12268 20205
12268 17332
12289 15952
12293 19698
12295 19552
12301 16611
12307 12333
12309 17489
12310 17489
12312 20201
12329 16160
12329 12847
12329 12849
12329 12850
12329 17239
12329 19288
12329 13141
12329 16766
12333 15899
12336 12337
12344 21557
12353 12357
12355 12356
12356 12378
12361 12362
12362 16149
12375 12496
12377 20195
12380 14016
12381 15735
12388 18499
12388 12389
12389 12390
12393 14473
12395 12398
12401 12402
12404 17785
12408 16134
12412 12788
12412 14180
12420 17382
12431 22961
12433 15787
12445 13291
12466 12985
12466 12987
12472 12473
12473 12474
12475 18155
12475 13523
12475 20761
12480 14179
12480 18917
12482 12483
12482 20063
12484 15748
12484 19865
12484 19868
12496 12497
12499 17535
12500 16754
12501 15638
12510 14077
12511 16042
12516 12517
12517 20179
12518 12521
12522 17821
12523 12524
12533 16840
12533 12535
12536 13149
12536 19790
12536 13151
12537 21272
12537 13153
12544 12545
12548 12549
12550 13992
12550 13991
12551 16842
12553 20208
12557 12558
12569 14448
12569 12571
12572 15777
12574 17849
12575 12576
12580 13508
12584 19708
12589 12590
12596 13802
12598 13802
12598 12599
12600 13412
12605 12606
12609 15344
12609 17269
12622 12623
12634 12846
12637 22777
12637 19021
12656 19520
12656 21304
12656 20015
12666 12776
12670 20618
12671 13321
12671 20619
12679 12682
12681 12682
12685 14784
12685 21924
12691 13811
12691 22670
12696 20775
12698 15546
12698 15222
12701 15790
12710 18343
12712 12713
12713 12715
12715 12717
12715 12718
12716 12719
12719 15826
12719 12854
12727 12728
12733 21582
12741 16683
12750 13221
12761 13770
12764 21040
12775 13580
12775 21253
12775 22845
12782 21496
12791 19593
12801 12802
12816 14668
12827 12828
12831 15461
12838 22362
12838 16606
12840 15158
12843 12844
12844 16381
12846 15872
12847 12848
12849 21568
12853 14216
12859 12865
12861 16803
12861 21551
12862 12865
12866 18211
12866 18207
12867 18210
12867 16260
12868 13648
12868 21546
12869 14308
12869 21548
12882 14815
12883 15338
12885 20297
12886 14496
12886 12888
12887 12888
12888 14496
12892 12961
12897 17672
12906 14431
12907 12910
12908 14403
12923 15304
12925 14445
12925 19118
12930 12934
12937 12939
12942 12943
12946 12947
12948 13723
12948 12949
12950 18853
12952 17016
12952 12955
12971 12973
12977 12978
12983 12984
12988 16457
12990 14111
13001 16006
13010 17639
13011 13491
13021 21505
13021 21508
13025 22506
13030 13031
13031 15405
13035 14253
13035 19255
13036 13041
13036 13039
13040 13041
13041 13042
13051 14822
13051 14815
13063 15057
13063 18610
13063 21102
13063 21103
13095 19433
13095 17018
13101 13102
13104 21400
13104 21538
13104 21279
13106 13107
13121 20414
13123 21864
13123 21843
13123 13125
13129 13130
13132 13133
13141 19289
13141 16135
13146 13150
13147 16841
13147 13150
13151 16839
13152 21271
13153 13154
13156 13158
13174 14996
13180 21902
13189 22756
13190 15174
13191 21899
13193 13196
13194 17849
13194 13195
13196 20285
13206 13207
13219 13468
13224 14220
13237 13239
13241 21109
13246 13249
13247 13248
13256 13259
13261 13262
13265 21219
13265 14062
13268 21118
13270 14669
13270 14670
13279 18007
13283 13284
13283 13290
13284 13289
13285 13289
13289 13290
13291 15598
13291 13295
13295 14220
13299 17819
13305 21000
13306 20999
13307 21906
13317 14902
13320 15696
13326 13328
13340 18883
13343 21611
13354 14016
13362 13366
13363 16017
13371 16941
13374 15731
13374 13375
13383 13385
13388 17557
13398 20134
13401 18938
13412 13413
13414 13415
13416 21002
13416 21435
13424 17784
13425 17784
13425 17785
13428 13432
13432 13433
13435 15464
13449 13450
13452 13489
13452 13491
13452 22377
13456 14392
13461 18034
13461 15305
13462 15338
13462 17332
13462 16153
13462 15965
13470 13471
13477 21589
13478 13479
13481 22078
13484 22870
13494 13495
13498 17438
13512 13513
13512 13515
13513 13515
13518 22072
13526 19700
13526 15798
13544 13545
13553 20159
13558 13560
13570 19254
13573 13574
13580 22846
13582 13583
13598 13602
13601 13711
13602 19366
13614 13616
13614 13793
13614 20269
13615 16410
13625 18342
13632 13633
13632 13635
13633 17777
13634 13635
13648 19092
13674 13676
13685 17757
13685 13686
13696 18526
13696 19357
13696 19509
13703 13705
13704 13705
13707 13708
13713 13714
13714 14284
13718 13720
13719 16339
13720 16339
13721 19301
13730 13731
13755 13756
13763 15922
13771 14090
13777 13778
13780 13781
13787 13788
13800 13801
13800 14510
13813 13816
13814 17178
13814 13815
13816 17955
13818 15180
13839 22478
13847 13850
13848 13849
13849 18011
13852 19755
13852 13853
13854 18732
13854 19222
13863 18246
13864 13866
13864 13868
13872 13879
13884 16835
13885 16835
13886 16834
13886 14743
13891 14881
13898 13900
13908 20674
13913 13914
13924 14382
13925 21368
13928 15797
13934 22844
13934 22846
13936 17799
13939 15223
13954 20824
13954 20072
13955 21398
13960 17519
13963 17633
13970 13971
13972 13974
13973 13974
13978 13979
13983 13984
13990 13992
14009 14011
14014 14016
14014 14015
14016 22338
14016 21074
14022 14023
14026 17104
14026 14028
14031 23106
14033 14034
14033 22403
14034 18135
14045 19599
14047 19655
14049 14050
14051 15473
14051 14052
14072 17745
14085 14086
14088 14104
14093 14094
14095 17962
14100 22083
14100 21123
14100 14101
14100 14106
14101 22085
14101 22086
14102 14103
14104 16872
14104 14108
14105 14107
14108 19574
14125 14126
14131 17211
14139 14812
14141 15651
14141 14812
14141 14142
14146 16109
14147 14150
14158 14592
14158 14832
14158 14479
14160 14231
14162 20110
14165 17243
14165 17247
14170 19564
14185 14186
14185 22293
14189 14903
14200 14203
14208 16441
14212 16226
14213 21006
14213 21007
14216 14221
14226 18249
14226 19386
14234 22352
14236 22533
14239 22989
14251 16160
14251 16158
14256 20562
14266 14267
14273 14274
14279 14281
14284 14440
14286 20087
14293 14298
14296 14299
14297 14298
14305 14306
14334 17610
14341 20161
14344 14353
14345 14356
14348 19231
14356 17302
14361 17760
14362 17760
14367 14368
14371 14372
14375 21512
14385 15445
14392 15075
14396 17999
14397 15157
14401 16520
14403 14405
14415 15524
14415 18117
14424 15460
14426 18771
14431 22880
14432 14435
14432 18780
14435 19900
14435 19901
14436 19457
14436 15611
14440 14443
14441 14442
14453 20536
14454 20537
14454 19626
14463 14464
14464 19608
14464 14465
14464 14466
14475 22394
14477 14478
14485 20123
14485 14486
14498 18967
14501 14503
14502 22650
14502 22646
14509 15988
14518 14519
14523 14524
14523 16301
14545 14546
14556 16210
14564 19042
14566 19960
14571 14574
14594 14603
14594 20630
14610 14614
14622 14623
14650 14652
14668 14670
14669 17064
14669 17063
14670 14671
14671 17063
14682 14683
14687 14750
14689 14690
14691 14696
14692 14696
14698 19761
14702 14703
14713 14714
14716 14717
14717 14719
14718 14720
14730 14733
14743 19594
14769 19493
14779 14809
14780 14781
14784 19339
14784 19340
14788 14789
14789 14873
14805 14808
14806 14808
14806 17657
14809 14810
14809 16314
14830 19452
14837 18969
14842 17456
14842 17457
14842 20560
14842 21253
14848 20688
14849 20688
14849 20689
14856 14857
14857 23090
14857 20267
14858 22808
14861 18242
14872 17378
14875 19741
14875 14877
14878 14879
14880 16435
14882 16026
14882 15735
14882 21831
14885 19738
14899 14998
14905 15582
14910 18912
14912 14913
14949 14950
14957 14958
14966 14967
14972 18361
14981 14982
14985 15952
14988 14990
14999 15000
15007 20940
15013 15014
15025 21343
15027 15032
15027 15028
15034 20072
15043 18000
15043 15044
15044 17259
15057 20358
15059 15060
15071 15072
15073 22410
15081 16103
15096 15472
15100 15104
15102 18662
15104 16404
15121 15655
15133 15134
15137 17837
15140 15141
15148 18045
15159 15161
15161 15854
15163 19716
15173 17644
15187 17955
15187 22858
15201 15202
15220 15221
15222 22237
15242 21714
15248 15249
15255 19356
15255 19357
15255 19358
15270 16979
15280 15281
15293 18176
15294 18045
15296 18177
15300 15303
15304 17404
15305 16925
15306 15307
15314 15316
15322 20191
15323 20191
15333 22610
15338 15339
15339 18111
15340 15341
15350 20690
15350 16559
15354 19042
15354 19212
15354 19047
15357 15358
15373 18816
15388 20216
15388 15389
15392 20822
15406 15407
15409 18710
15416 16048
15416 22564
15436 15437
15438 20923
15443 15445
15444 18918
15444 18915
15444 19269
15444 20742
15444 17663
15459 15460
15468 18520
15468 18519
15472 15782
15475 15476
15480 16629
15484 18551
15487 17156
15504 20952
15504 19788
15504 16826
15504 20950
15506 15536
15506 15508
15512 21662
15515 19552
15515 22010
15532 22539
15538 20602
15538 15541
15539 20603
15539 15542
15544 19600
15550 15551
15550 22543
15558 19181
15562 15972
15568 15569
15574 16521
15579 15580
15607 15609
15626 19197
15627 18482
15632 23020
15635 19770
15635 19771
15636 15744
15639 15640
15643 18427
15647 15648
15652 17140
15652 18695
15663 17952
15663 18149
15663 21031
15663 20429
15663 17935
15663 20062
15663 20637
15663 17950
15667 20408
15684 15685
15699 15700
15713 20278
15713 20279
15714 15715
15726 16485
15735 19958
15736 16652
15743 15791
15748 18999
15749 15754
15755 21328
15755 15756
15757 22389
15764 17740
15790 16608
15798 15802
15799 15800
15800 22779
15812 17040
15828 17573
15832 16160
15832 17239
15844 15846
15863 15864
15864 15865
15879 16195
15917 22373
15918 22012
15921 17593
15924 15925
15928 15931
15929 15930
15939 17720
15939 17718
15946 18764
15953 18298
15956 21980
15956 20918
15957 15958
15958 17663
15963 16749
15965 18481
15965 15966
15969 15970
15973 20782
15992 18996
15997 15998
16002 16003
16022 19859
16027 16028
16036 16037
16071 16073
16071 17484
16072 22508
16079 16082
16080 16081
16081 16082
16098 17222
16099 16100
16102 18484
16104 16105
16104 16106
16105 20879
16112 16113
16112 22962
16122 16392
16124 16125
16135 18011
16143 16144
16143 16975
16145 22723
16159 21843
16161 16162
16178 20553
16178 17223
16178 21751
16186 16189
16187 16190
16191 16193
16191 22732
16194 22855
16195 17604
16197 22854
16197 22855
16205 19169
16216 16219
16218 16219
16229 16230
16231 16232
16234 22078
16235 22074
16235 22078
16236 22077
16237 21090
16237 16238
16250 16252
16264 16289
16266 16267
16267 19464
16267 19465
16267 16273
16268 19461
16269 16273
16269 19460
16269 19461
16285 20713
16289 21033
16302 16303
16305 19871
16306 16307
16312 21080
16312 21081
16334 16335
16336 19786
16338 17077
16357 16462
16357 17935
16364 17165
16381 17863
16387 16389
16404 16405
16413 16415
16427 16428
16427 16429
16431 19180
16432 22623
16433 23016
16451 19682
16466 16468
16469 17806
16472 18853
16497 16499
16498 20009
16498 16499
16509 17437
16517 19792
16520 18081
16523 16817
16531 16532
16532 16825
16538 16539
16552 16553
16552 16554
16553 16554
16557 17089
16557 17482
16557 19077
16571 21410
16593 16595
16611 16613
16617 16618
16619 17964
16620 16622
16621 16622
16627 16628
16651 17573
16655 22556
16655 18180
16657 19704
16657 16658
16661 16662
16675 19024
16675 19023
16686 16687
16695 16715
16711 22526
16714 16723
16715 18564
16718 16720
16732 16733
16734 17757
16750 22573
16750 18898
16753 16755
16754 16756
16763 21385
16767 21883
16784 21417
16799 19736
16800 18927
16803 19204
16815 22922
16821 20340
16821 16823
16824 20339
16839 21272
16845 16850
16846 20994
16847 16848
16847 20769
16847 16851
16901 16902
16905 20519
16906 21091
16908 16911
16911 16912
16915 16916
16918 21523
16925 19043
16935 16937
16945 16946
16949 23017
16951 16952
16954 16955
16961 16962
16965 21977
16965 21975
16981 20601
16988 17027
17003 17004
17008 17014
17015 17551
17031 18357
17038 22855
17042 19686
17045 17046
17047 17050
17063 17939
17063 17239
17063 19288
17064 17938
17069 17070
17071 17072
17076 17077
17077 21772
17085 17093
17089 19271
17090 17096
17090 17091
17091 17092
17092 17093
17093 17094
17112 18927
17123 22155
17125 22157
17154 17519
17174 17175
17178 17955
17197 17198
17198 17199
17202 19514
17204 17935
17216 17217
17218 17221
17218 17223
17220 20553
17221 17222
17223 18899
17223 21750
17223 18103
17244 17247
17246 20218
17267 17269
17268 20400
17269 20401
17279 17282
17280 17282
17281 17282
17283 17284
17286 19919
17302 19518
17317 22978
17318 17849
17331 17930
17340 17766
17343 21880
17351 22916
17359 20297
17359 22335
17373 19951
17379 17381
17384 17385
17399 17400
17399 17401
17404 17834
17409 18608
17432 17433
17433 20553
17433 21750
17445 20064
17445 22283
17449 18482
17460 17461
17464 17466
17485 21183
17500 17507
17504 17506
17505 19997
17510 17511
17522 17539
17529 17530
17535 17536
17538 17539
17541 20571
17547 17548
17563 21241
17565 19917
17570 17576
17570 17666
17570 17779
17570 17778
17572 17577
17572 17573
17572 17574
17585 17586
17595 21627
17595 21628
17596 21627
17596 21628
17602 17603
17612 20206
17617 19579
17617 19577
17617 18611
17624 17625
17625 20566
17633 17635
17636 21244
17642 17643
17644 17645
17651 17653
17652 17653
17656 17657
17664 17666
17667 21949
17670 17779
17672 17673
17679 22533
17691 17693
17695 17696
17703 17704
17716 17717
17721 17723
17722 17723
17726 17727
17732 19645
17738 17739
17739 17740
17751 20729
17770 17773
17784 18879
17789 19055
17807 17808
17808 18713
17808 18714
17811 17812
17820 17821
17821 22962
17821 21318
17824 17827
17824 17948
17826 20430
17835 17837
17835 17839
17856 22174
17863 18121
17864 19240
17864 18125
17877 19141
17883 18708
17893 17895
17910 17912
17910 17911
17913 17917
17928 17930
17935 19736
17940 19196
17955 22319
17959 17962
17985 17986
17995 21265
17999 18000
18004 20895
18019 18021
18037 18038
18055 18061
18074 18075
18076 18077
18081 22431
18102 18103
18107 19952
18107 18743
18113 18901
18113 22382
18114 22413
18121 18819
18121 18123
18122 18124
18124 19237
18124 19239
18134 19759
18144 19085
18155 21252
18155 21963
18155 18156
18155 21965
18155 20761
18156 21252
18157 21252
18175 20326
18188 18549
18191 18192
18205 18206
18214 18215
18222 20316
18225 18226
18235 19494
18238 18242
18240 18241
18241 18243
18250 18253
18255 18256
18263 19837
18264 21837
18271 20647
18276 18277
18278 18280
18283 18284
18290 19959
18317 18318
18322 19809
18322 18325
18323 19810
18323 19820
18323 19818
18323 19814
18324 19817
18324 19819
18324 19814
18325 19816
18325 19819
18329 19415
18335 18336
18341 18388
18346 18348
18372 21665
18378 18380
18383 18385
18385 18386
18397 18399
18398 18399
18402 21824
18408 21857
18410 18411
18441 22210
18445 18446
18448 18449
18449 18450
18459 18461
18475 18476
18497 19515
18497 20884
18517 21346
18523 19011
18523 18644
18523 18526
18524 19330
18525 18526
18526 18528
18526 19301
18526 19256
18528 20273
18538 18740
18538 18743
18548 21083
18556 19197
18571 18573
18576 18577
18581 18583
18588 21392
18588 21390
18594 18596
18610 20041
18611 19576
18623 18624
18624 18741
18637 18837
18645 19755
18655 19196
18672 18740
18672 19222
18672 18743
18672 19220
18679 19271
18682 19709
18683 18685
18683 20158
18683 18687
18684 23057
18684 18687
18685 18686
18687 20882
18693 18695
18694 18699
18703 21349
18704 21351
18710 18714
18710 18717
18711 18716
18711 18717
18712 18716
18714 18720
18715 18717
18715 18718
18716 20793
18716 20788
18717 18720
18717 20787
18727 18728
18731 18734
18732 18734
18733 19146
18734 19146
18734 22540
18734 18738
18734 19220
18734 19222
18735 18744
18735 18746
18735 18740
18736 18740
18737 18746
18741 19247
18742 20443
18742 19247
18743 19247
18743 19224
18744 19219
18745 19248
18746 19219
18778 19566
18779 19007
18787 19203
18792 18793
18793 18916
18793 20222
18794 18795
18795 18797
18800 21325
18804 18805
18808 18810
18813 18814
18815 20288
18815 19489
18815 20286
18815 21342
18816 19354
18816 19254
18837 18838
18839 22214
18844 20322
18844 20323
18847 19535
18850 18851
18857 18860
18858 18860
18858 20364
18861 19160
18887 18888
18896 20096
18900 21750
18901 21751
18904 19040
18904 18906
18908 18909
18912 18915
18912 18917
18923 20187
18944 18945
18944 20889
18952 23008
18957 21981
18957 18959
18971 18972
18978 20290
18978 22215
18978 19355
18978 20286
18984 18985
19007 19010
19007 19462
19010 19011
19023 19029
19024 19025
19030 19031
19032 19033
19042 20114
19046 21464
19057 19062
19058 19060
19059 19065
19059 19066
19070 20919
19078 20976
19078 19080
19079 19080
19095 19304
19095 19305
19101 19102
19104 19108
19106 19108
19107 19908
19114 19115
19114 19116
19114 19118
19116 19118
19116 19119
19118 21509
19119 19121
19137 19138
19146 19862
19146 19864
19146 19866
19146 19867
19147 19864
19147 19866
19147 19863
19153 19155
19165 22737
19167 19168
19167 19170
19189 19190
19214 19217
19229 22936
19236 19239
19240 21362
19251 19845
19254 19256
19254 19358
19257 20290
19257 19355
19263 19265
19267 19269
19274 19275
19282 19285
19284 19287
19286 19287
19288 19290
19289 19290
19316 19317
19322 19336
19331 19332
19331 19334
19335 21416
19335 19337
19340 20313
19346 19347
19350 19352
19353 19357
19357 20290
19357 20624
19375 19377
19379 19380
19380 20996
19380 19381
19381 19583
19387 19388
19414 19417
19419 19420
19423 19424
19439 21808
19439 21806
19439 21807
19443 22631
19454 19455
19460 19466
19461 19462
19463 19464
19464 19465
19464 20623
19467 19468
19488 19489
19489 20288
19501 19502
19505 19506
19514 22796
19552 21966
19552 19986
19552 22009
19552 22010
19561 20273
19572 19576
19572 19577
19573 21801
19575 22505
19589 19590
19599 19602
19599 19605
19600 19605
19601 19603
19602 19604
19617 21602
19618 19640
19618 19641
19620 19621
19669 19670
19711 19713
19712 19713
19714 20692
19718 20396
19723 19902
19732 19733
19732 19734
19733 19734
19737 19741
19743 21058
19750 20338
19757 19759
19760 19761
19764 19769
19764 19775
19766 19777
19766 19778
19766 19771
19767 19772
19767 19773
19768 19778
19769 19778
19770 19771
19771 19775
19772 19777
19773 19776
19773 19777
19774 19778
19775 19777
19785 19786
19786 19787
19798 19799
19799 22130
19801 20485
19807 19808
19808 19813
19811 19819
19811 19814
19812 19814
19813 19816
19815 19817
19815 19818
19815 19820
19817 19819
19829 22193
19862 19868
19863 19864
19864 19869
19865 19866
19866 19869
19867 19868
19873 19877
19875 19876
19875 19879
19878 19879
19897 19898
19913 19914
19919 19920
19948 19949
19949 20123
19956 22343
19957 22341
19960 19961
19965 19969
19993 19998
19995 19997
19995 19999
19997 19999
20003 20135
20023 20025
20032 20545
20113 20115
20122 21054
20154 20155
20176 20177
20183 20185
20201 20202
20211 20212
20214 20215
20217 20218
20221 20224
20222 20223
20222 20225
20244 21512
20272 20273
20284 20285
20285 21480
20332 20333
20332 20335
20345 22204
20345 21661
20357 20358
20362 20365
20364 20366
20377 20378
20383 20385
20388 20389
20417 20419
20418 20419
20430 20431
20437 21365
20437 21539
20437 21415
20460 20462
20463 20464
20479 22286
20500 20502
20518 20519
20539 22240
20542 21530
20543 20545
20543 20546
20548 20550
20551 20552
20552 20553
20555 20556
20555 20558
20560 20561
20568 21370
20604 20611
20604 20612
20605 20666
20605 20611
20605 20606
20605 20607
20606 20967
20608 20754
20608 20613
20624 21342
20626 20627
20632 20633
20632 20634
20645 22258
20645 21861
20646 20647
20653 20654
20654 21618
20654 21619
20685 21551
20691 20693
20699 20702
20712 20715
20713 20714
20714 20715
20719 20721
20740 22199
20759 20761
20761 20764
20767 20770
20787 20790
20811 20814
20812 20814
20836 22899
20841 21443
20874 20875
20884 22170
20890 20894
20891 20892
20892 20893
20893 20894
20910 20912
20917 20918
20927 20930
20950 20951
20963 20964
21004 21005
21015 21018
21023 21026
21042 21045
21050 21051
21063 21066
21082 21083
21088 21091
21090 22073
21090 22074
21092 21094
21156 21791
21157 21792
21171 21174
21172 21173
21196 21197
21203 21204
21215 21216
21221 21222
21225 21226
21235 21236
21252 21253
21254 21255
21270 21273
21271 21273
21288 21289
21308 21311
21310 21311
21318 21319
21330 21333
21332 21364
21349 21350
21390 21392
21395 21396
21429 21430
21457 21531
21476 21477
21489 22592
21502 21510
21503 21505
21506 21507
21507 21509
21509 21510
21532 21534
21545 21546
21613 21614
21622 21623
21632 21635
21633 21634
21639 21640
21640 21644
21645 21647
21655 21657
21659 21661
21662 21665
21686 21688
21706 21707
21707 21708
21715 21717
21715 21718
21716 21719
21720 21722
21721 21723
21726 21727
21727 21728
21791 21792
21802 21803
21839 22640
21840 22094
21861 21863
21863 21864
21872 21874
21910 21913
21912 21913
21916 21917
21917 22974
21918 21920
21943 21944
21944 21945
21959 21961
21962 21966
21964 21968
21964 21965
21966 21969
22015 22016
22055 22056
22055 22057
22068 22069
22075 22076
22075 22077
22076 22080
22083 22084
22103 22449
22104 22105
22140 22142
22154 22156
22161 22162
22180 22181
22180 22182
22215 22216
22231 22232
22233 22234
22233 22235
22259 22260
22260 22482
22292 23053
22297 22298
22332 22333
22344 22348
22346 22349
22349 22899
22363 22364
22383 22384
22391 22392
22403 22405
22408 22857
22427 22428
22437 22439
22453 22454
22483 22485
22519 22521
22521 22848
22539 22540
22566 22567
22569 22573
22574 22576
22593 22594
22613 22614
22629 22630
22645 22648
22645 22649
22645 22647
22649 22650
22660 22661
22661 22664
22661 22662
22667 22668
22678 22681
22680 22681
22681 22682
22686 22688
22686 22687
22695 22698
22724 22725
22755 22756
22769 22775
22773 22774
22786 22787
22802 22803
22818 22819
22820 22832
22823 22825
22827 22828
22873 22875
22873 22876
22961 22962
22971 22972
22981 22982
22993 22994
23002 23003
23030 23031
23034 23035
23046 23047
23055 23056
23073 23077
23075 23077
23125 23127
