4 1694
6 3439
7 1247
10 3024
11 2081
17 3424
17 1650
17 1175
20 692
21 2856
24 1602
30 3268
31 95
34 3697
35 899
40 3100
41 3808
42 4857
50 1678
55 3156
59 3589
59 2726
60 4807
62 1323
62 1806
66 907
67 1218
69 2317
73 736
73 3963
75 4831
76 2488
82 181
83 4244
87 583
89 2985
91 2989
96 4306
97 946
98 3666
98 4486
99 3474
99 3820
99 2847
101 4530
102 2629
104 1768
104 3232
107 4892
108 1082
112 432
113 2741
114 763
114 3383
116 5234
116 1293
116 3695
120 5176
120 1899
121 956
124 4557
126 1461
130 4830
135 2700
136 848
138 244
142 2619
143 2234
146 804
147 4484
151 3532
152 1458
158 4586
159 1534
161 3386
161 3420
161 4754
163 2710
167 2204
169 4847
169 2327
171 2241
174 4283
178 2390
179 1759
185 4282
188 4540
189 2349
189 1471
190 2684
191 3663
192 1418
196 4094
197 819
199 3881
200 1855
204 2518
206 3857
208 3598
214 3137
215 570
215 4882
216 3754
222 271
227 2705
227 2714
230 1933
232 748
234 750
239 5140
240 5142
243 1688
244 4509
244 4087
245 534
246 2046
247 4986
249 1520
249 4155
250 905
250 3382
254 5087
254 4811
254 4406
254 4959
255 2476
260 2385
266 4837
267 4883
268 4783
272 3873
280 3798
287 1027
289 2737
291 678
292 708
294 3237
295 568
297 3434
299 1148
299 5006
300 1449
302 2191
309 1479
312 2181
314 4344
315 3545
315 2715
317 3948
317 4869
318 794
319 1028
320 1330
321 5064
322 583
324 4568
324 2110
325 5137
325 1909
326 4068
326 4701
329 2716
330 363
330 3863
331 1985
340 4455
341 3922
344 1385
344 5042
350 2259
351 3188
355 4691
355 3077
357 1778
357 2890
357 399
360 3252
361 3247
362 1604
363 4911
366 685
366 2719
373 4440
380 4152
381 4559
382 786
382 3779
383 2744
383 1318
387 1108
387 3981
387 4495
392 4722
392 2139
392 2684
393 1008
393 3467
396 3856
399 3532
401 1740
403 1998
405 3604
407 4698
409 4163
417 3053
422 3930
422 5014
422 1558
424 3949
429 2162
429 4163
431 4810
432 4953
433 2944
433 1327
435 5032
436 1068
436 2814
441 4489
442 2745
445 2575
448 3320
450 4161
451 3399
452 1195
452 2268
453 928
453 4776
454 4410
456 4480
457 848
458 5191
459 3172
462 4144
466 2647
469 1040
474 1711
477 696
477 2743
482 4770
482 1014
483 4720
483 4551
484 3449
486 4529
487 1504
487 1928
487 1468
488 4704
490 1137
491 915
491 4782
492 4846
495 3855
498 4852
499 2305
501 3676
505 3010
505 3418
506 2132
508 2913
511 4837
513 5037
514 4860
517 1787
518 5049
523 696
523 836
525 2964
527 1329
527 3685
530 1970
530 2630
531 3003
531 4285
532 3931
532 4407
538 1939
538 958
539 642
541 4474
541 4884
542 622
545 2621
548 4039
556 1149
562 3820
562 3508
562 1254
564 938
564 5015
565 2057
565 3479
566 1335
571 4561
573 688
573 1612
579 3896
579 4848
579 621
582 2764
585 1809
588 3288
589 2113
590 4899
595 4447
596 2937
601 2858
601 4293
603 1269
606 1006
613 2864
614 3841
615 3438
616 4060
617 3509
622 4904
622 2954
623 1498
625 3011
630 4275
631 4325
633 3497
636 3168
637 3460
639 2339
641 4361
641 2338
642 2967
643 963
643 854
644 3970
645 1690
646 4814
654 2901
656 4005
659 1745
661 2645
663 1331
669 776
672 4043
674 1947
681 4681
686 1748
697 3236
697 5102
698 1297
700 4369
705 1208
705 4659
707 2752
707 3846
709 1223
712 2671
713 4680
713 938
719 2682
723 3111
724 2300
725 1840
727 2560
728 4004
729 2159
733 1925
733 4726
734 5167
738 3073
739 4589
740 3945
744 5198
746 3743
750 2705
754 2003
754 4133
761 3212
761 1702
762 3966
765 3846
765 1574
767 2183
768 2173
771 1317
778 3777
778 1543
785 1177
785 4595
785 3759
787 4258
787 2059
788 4491
790 3517
792 5043
795 3157
797 1798
798 2188
800 4370
800 1492
809 4096
809 3570
811 1559
820 3994
822 4531
823 2907
831 1036
835 3439
836 2376
838 4344
840 3829
841 1056
844 4155
847 2401
847 2901
848 1071
850 984
851 3495
854 4682
856 2751
858 2533
858 3143
860 1032
863 3445
867 4419
873 2369
874 3915
877 1780
877 4942
879 1793
880 2057
880 2929
882 4496
882 2775
886 2265
890 1790
893 942
896 3655
897 1605
898 2154
900 2202
903 3404
907 2582
908 1484
910 4606
912 2265
914 2301
916 2084
917 3390
918 3661
920 5186
920 2926
925 2414
926 980
929 1766
931 2569
931 1212
934 4605
936 1758
939 1713
939 3251
939 3771
947 1360
947 2048
949 982
951 3566
952 1707
952 1959
955 4188
955 2654
959 5063
960 2546
960 3258
966 4386
971 1213
976 3412
977 1551
979 4668
980 4803
980 2907
980 3719
987 4697
993 3529
996 4307
1004 2217
1004 2541
1005 4601
1006 4753
1007 4459
1007 2772
1009 1666
1011 3776
1011 4512
1011 2948
1012 3187
1012 1172
1013 5022
1014 3409
1017 5162
1017 2431
1019 4377
1019 1939
1029 1777
1042 2766
1047 2883
1048 2403
1049 4479
1050 3588
1050 1455
1055 2169
1063 4975
1069 1362
1073 2086
1077 1266
1079 1634
1080 3339
1086 1755
1091 1508
1092 3493
1100 3376
1100 2297
1101 4532
1104 3959
1105 2723
1107 3771
1110 4064
1111 4264
1111 2110
1113 5040
1114 1202
1118 4354
1120 3224
1123 3332
1124 2035
1128 3120
1128 1945
1128 1143
1129 4817
1129 4684
1133 4279
1134 4437
1135 1576
1138 2437
1140 2451
1144 2764
1144 5159
1147 5027
1148 3570
1149 2238
1153 4578
1153 1166
1156 2676
1160 4821
1164 1185
1164 2685
1165 1906
1165 5031
1165 2031
1167 4149
1173 4821
1176 4489
1179 4232
1179 2921
1183 4063
1184 3309
1186 2643
1187 4614
1189 4033
1189 4179
1192 5156
1194 3977
1195 4529
1196 5236
1196 2549
1200 4660
1202 4777
1218 1586
1222 4009
1234 2148
1235 4572
1236 1305
1238 3547
1239 5024
1240 1306
1240 4228
1240 3055
1245 1880
1245 4056
1245 3734
1245 2055
1251 2857
1251 1317
1252 1882
1252 1499
1254 3314
1255 4056
1257 3645
1258 4663
1259 4389
1260 2449
1263 1701
1264 3867
1265 4630
1267 4595
1271 2688
1272 3096
1275 3086
1275 2655
1276 4510
1282 3093
1286 2035
1294 2062
1295 3549
1299 4129
1303 5239
1305 3918
1311 3065
1313 2231
1318 2166
1319 2558
1319 5079
1326 3902
1327 2228
1330 2171
1330 1574
1331 1853
1333 1426
1336 1843
1337 3249
1338 1559
1339 2475
1341 1667
1343 2501
1344 3679
1346 4665
1350 2832
1361 4997
1365 3631
1366 5159
1368 1885
1370 2867
1372 2519
1373 3253
1374 4395
1377 5189
1378 4853
1382 1485
1384 3134
1384 4711
1390 3345
1395 3848
1398 3252
1400 3518
1404 2576
1406 4089
1406 2525
1412 3623
1417 1898
1422 4384
1422 3843
1423 2552
1426 1428
1426 3879
1430 4000
1432 2156
1434 4940
1435 3666
1435 2373
1435 1687
1440 4357
1443 3932
1444 3635
1444 4604
1446 5168
1446 1461
1450 5128
1451 2566
1452 3255
1453 3804
1456 5103
1457 2143
1460 2520
1461 2936
1461 4489
1463 4941
1465 4245
1467 4870
1469 2145
1469 5116
1471 4078
1475 1616
1479 3683
1481 2483
1482 1618
1488 3659
1489 4437
1499 2307
1503 2227
1504 2534
1524 4604
1526 2364
1527 2834
1527 5190
1528 2563
1533 3061
1534 2197
1538 2125
1544 2946
1544 3775
1546 3067
1550 2546
1551 4627
1551 5031
1553 2965
1556 5124
1556 2695
1557 2827
1561 4310
1562 4373
1564 3643
1570 4664
1571 4768
1571 4353
1571 2415
1575 1862
1585 3401
1587 2553
1587 2772
1587 3985
1588 4800
1589 4771
1590 1801
1593 5215
1595 4879
1603 3757
1605 4594
1605 5204
1606 3793
1608 4961
1610 3999
1618 4763
1622 2806
1625 3219
1628 4127
1629 3276
1629 2774
1630 4402
1630 1715
1633 2702
1634 1776
1635 4503
1638 3477
1642 1643
1644 4229
1647 2019
1652 1825
1655 4773
1659 2493
1661 1772
1661 1967
1664 4798
1673 5056
1676 5165
1678 1718
1681 2282
1681 4805
1683 2217
1683 2868
1684 4356
1684 3655
1685 3496
1685 3948
1686 1833
1686 1692
1688 2185
1689 4449
1690 2766
1697 4430
1698 1965
1701 4444
1704 3924
1705 2569
1709 3219
1714 3160
1714 3124
1714 3006
1719 3919
1720 3015
1721 3666
1724 5147
1729 1771
1729 3748
1731 2626
1738 2604
1740 3307
1743 2854
1745 3965
1747 4355
1751 5051
1757 5150
1758 1989
1762 5000
1763 2736
1763 3802
1769 4427
1771 2052
1774 2691
1777 3812
1780 2231
1781 2276
1787 2339
1788 3583
1793 4501
1794 3177
1796 2789
1802 4576
1804 5158
1810 2741
1812 5082
1812 3119
1814 3520
1816 2468
1818 3048
1818 4904
1819 3766
1822 3208
1826 3078
1830 2057
1830 4793
1831 4287
1838 2621
1843 4096
1847 2321
1849 3413
1851 4199
1858 2860
1864 4377
1869 2738
1876 3370
1876 1973
1883 2516
1883 4230
1885 3683
1888 2149
1893 2271
1894 4987
1900 2872
1900 3960
1902 2339
1905 1974
1908 3241
1911 3767
1912 2490
1913 2766
1914 4960
1919 3624
1921 5096
1926 4138
1926 2747
1927 3632
1929 5017
1931 3929
1931 4474
1932 3298
1935 4858
1935 3839
1936 3905
1937 2379
1939 2344
1944 2586
1946 4525
1950 3461
1954 5109
1955 3585
1957 4967
1962 3752
1963 4910
1965 4290
1969 4075
1978 2204
1979 2565
1985 3542
1995 3466
1996 4613
1999 4264
1999 3108
1999 3765
2000 4684
2004 4747
2008 4523
2008 4975
2010 4521
2012 3353
2012 2493
2016 4444
2016 2501
2021 3788
2028 2661
2029 4437
2029 4783
2032 2924
2038 2310
2043 3538
2058 3049
2059 4937
2059 4060
2062 4987
2062 4663
2065 3382
2066 4604
2067 4388
2067 3357
2067 3839
2069 4186
2072 5013
2074 4304
2077 4974
2083 4615
2089 2589
2091 3207
2096 4402
2096 4020
2097 2722
2097 4059
2103 2563
2104 3754
2104 4014
2114 4724
2116 5060
2117 3890
2118 2653
2126 2488
2128 4232
2129 3853
2131 4672
2131 3998
2134 3746
2134 4863
2136 2483
2137 2642
2139 4011
2144 2861
2144 4270
2146 4645
2148 3930
2152 4330
2153 3031
2157 2278
2161 3395
2162 4638
2169 3351
2169 2179
2169 3997
2170 5088
2171 5104
2172 4496
2173 2825
2174 3721
2183 3464
2185 3167
2188 2609
2191 2360
2192 2695
2193 4779
2198 2211
2202 4702
2204 2851
2204 4731
2204 3878
2209 2365
2210 2352
2211 4052
2214 4424
2216 5027
2224 2313
2225 3565
2232 4108
2234 3430
2236 4463
2237 3114
2244 4852
2245 3813
2248 2310
2252 4843
2254 2596
2255 2988
2256 4664
2258 2708
2260 5221
2261 4867
2264 5017
2264 4548
2267 5073
2268 4825
2276 2335
2279 4126
2280 3643
2281 3058
2284 5086
2293 4013
2300 3657
2300 5009
2302 3243
2314 3806
2315 4761
2315 3181
2318 2735
2319 3480
2320 2919
2321 5209
2322 4447
2326 3371
2327 4852
2330 2930
2332 4164
2334 3809
2334 3306
2336 3857
2338 3721
2340 4667
2343 4384
2349 2422
2349 2991
2351 4698
2356 2649
2358 3997
2364 2654
2368 3648
2368 3803
2370 3789
2372 2697
2375 4090
2378 4719
2385 3048
2386 4814
2392 2766
2396 4205
2397 4683
2405 5038
2408 2819
2411 3377
2416 4971
2424 4734
2424 3102
2428 2509
2433 4772
2435 3948
2439 2476
2444 3616
2444 2859
2446 3353
2446 2838
2448 5108
2450 3139
2452 2642
2460 4406
2461 3138
2462 4982
2469 5038
2473 3731
2474 2928
2475 4136
2475 3828
2475 3244
2476 3351
2477 5034
2478 4994
2484 3730
2485 3628
2486 4764
2498 4056
2499 3750
2503 3835
2507 3729
2507 2798
2508 2867
2508 4180
2510 4753
2515 4938
2516 4022
2519 4819
2525 4186
2534 3553
2534 5042
2535 3759
2547 3935
2553 3442
2558 3173
2560 4956
2561 4072
2561 3162
2561 4234
2564 3944
2565 4807
2570 4655
2577 3665
2579 4068
2596 3896
2599 4179
2599 4100
2602 5180
2607 2689
2608 3589
2611 3367
2614 3494
2619 3140
2619 3525
2623 4982
2625 4219
2638 3185
2643 2893
2649 3353
2655 2961
2655 4777
2656 3087
2659 4129
2662 4418
2665 4216
2674 3412
2676 3025
2686 4464
2689 3979
2695 3030
2701 3266
2701 3883
2702 4397
2703 3703
2705 3196
2706 3962
2707 3180
2709 3279
2713 3650
2713 3236
2715 3952
2715 3757
2715 4035
2719 2784
2720 4010
2727 2791
2731 4540
2734 2878
2735 2844
2736 4448
2741 3421
2753 3449
2758 3804
2763 4427
2765 3115
2775 3563
2779 3168
2780 3172
2784 4232
2788 4834
2797 4764
2798 4111
2807 3910
2810 3027
2811 3176
2815 3052
2821 3096
2821 4825
2839 3288
2846 3569
2849 2866
2849 4930
2852 4562
2865 4169
2867 5180
2879 2982
2894 4918
2907 4113
2908 4295
2910 3801
2920 4098
2924 2985
2924 3942
2929 3051
2930 3748
2932 4712
2934 4948
2940 3660
2940 2989
2942 3946
2943 2961
2944 4361
2951 3860
2965 2982
2968 3789
2982 4574
2985 4499
2985 3956
2985 4313
2986 3689
2987 4798
2988 3138
2988 4983
2990 3141
2991 5053
2992 3820
2994 3874
3000 4225
3003 5028
3003 3948
3014 4243
3025 4729
3030 3857
3030 4731
3036 3768
3036 3426
3037 4658
3037 4036
3038 3845
3048 3951
3056 4556
3059 3624
3059 4673
3061 3217
3062 4264
3064 4203
3068 3159
3081 3340
3085 3673
3090 3824
3095 5192
3100 4510
3114 3271
3120 4942
3126 3959
3130 3999
3134 3716
3134 4229
3135 4886
3139 4293
3142 3980
3154 3622
3158 4230
3161 3927
3162 3709
3172 4909
3172 3934
3174 4077
3187 4168
3188 5196
3199 4201
3218 4940
3230 3914
3231 3762
3234 4425
3239 4318
3244 3610
3245 4732
3248 4282
3252 4040
3256 3697
3264 4482
3266 4670
3270 4267
3276 4166
3277 4253
3278 3536
3278 3735
3281 4222
3302 3998
3305 5166
3307 4759
3315 3624
3316 4743
3323 3679
3325 4624
3325 3476
3327 4066
3330 5009
3330 4254
3341 3766
3349 4186
3351 4223
3352 4091
3356 3779
3358 3731
3358 4156
3361 4661
3366 4587
3371 3959
3399 4472
3425 3628
3429 3760
3430 4943
3431 4133
3432 4083
3432 3909
3443 4666
3448 4077
3468 3959
3469 4916
3477 4374
3482 5133
3495 5146
3496 4547
3501 4889
3513 4208
3513 4031
3524 3909
3528 3915
3533 4287
3535 4027
3557 3923
3558 5088
3570 4444
3572 4129
3574 5101
3577 5150
3578 4353
3579 4218
3589 4431
3591 4344
3594 3861
3595 3919
3607 4989
3621 4835
3624 4324
3636 4463
3638 4173
3639 4218
3641 4360
3643 4708
3644 3818
3654 3714
3662 3732
3662 3967
3663 5119
3664 4514
3672 4041
3676 5025
3680 4037
3683 4248
3690 4672
3690 5186
3690 4415
3700 5090
3718 4329
3732 3814
3733 4666
3733 4415
3733 3775
3735 4940
3739 5097
3743 4001
3745 4745
3745 4900
3749 4713
3760 5089
3768 3859
3769 4154
3777 4673
3777 4490
3781 3970
3782 4061
3789 4393
3790 4933
3795 4344
3795 4854
3801 4884
3801 3844
3812 4164
3821 4572
3824 4277
3838 3939
3839 4699
3847 4364
3862 4664
3869 4968
3880 4832
3890 5020
3901 5062
3927 4124
3935 4092
3956 4442
3962 4694
3967 4539
3989 5168
3999 5000
4003 4639
4007 4748
4020 4175
4026 5227
4032 4965
4032 4527
4037 4309
4050 4159
4052 4797
4067 4722
4076 4501
4081 4122
4083 4298
4086 4441
4117 5165
4121 4990
4137 5083
4155 4777
4191 4258
4193 5190
4210 4733
4224 4580
4235 4785
4260 4318
4273 4591
4284 4589
4288 4659
4300 4790
4301 5234
4304 4711
4307 4432
4318 5144
4332 4861
4335 5207
4341 4876
4380 4537
4382 4805
4389 4510
4436 4744
4448 4829
4453 5054
4454 4981
4501 4929
4510 4833
4528 4898
4542 4998
4547 4558
4577 5150
4580 4678
4588 4803
4632 4882
4658 4956
4668 4966
4685 4787
4713 4902
4719 5018
4754 4891
4807 5210
4809 5082
4809 4907
4839 4934
4908 5045
4914 5148
4921 5224
4964 5096
4974 5086
4980 5204
5032 5185
5129 5187
5155 5231
