1 2
1 2819
1 3369
1 395
1 4556
1 179
1 598
1 4555
2 69
2 6
2 561
2 364
2 1711
2 1168
2 1553
2 179
2 3568
2 313
2 979
2 639
3 129
3 515
3 4
3 5
3 1544
3 1545
3 1163
3 2574
3 2577
3 1027
3 20
3 1815
3 1179
3 3361
3 548
3 817
3 1090
3 1221
3 333
3 1233
3 338
3 340
3 1110
3 478
3 2021
3 109
3 110
3 2927
3 1142
4 129
4 5
4 326
4 2017
4 744
4 73
4 2281
4 3372
4 173
4 2222
4 1869
4 2221
4 2609
4 3895
4 3227
4 924
4 923
4 158
4 37
5 2609
5 37
6 26
6 27
6 927
6 369
6 1834
6 685
6 4146
6 58
6 187
6 829
6 736
6 1055
6 2249
6 753
6 3164
6 3678
6 3679
6 3680
6 3681
6 4974
6 4975
6 4976
6 4977
6 4978
7 64
7 4996
7 1030
7 8
7 1692
7 2157
7 1134
7 1135
7 1073
7 1032
7 251
7 2524
7 478
7 63
8 1692
8 685
8 2926
9 10
11 1259
11 4233
11 469
11 139
11 12
11 4367
11 2452
11 408
11 3106
11 675
11 165
11 1702
11 3239
11 944
11 72
11 818
11 4519
11 4027
11 62
11 68
11 2504
11 1747
11 2133
11 343
11 2394
11 753
11 1116
11 2526
11 443
11 4775
11 1261
11 4591
11 99
11 504
11 379
11 507
11 725
12 136
12 404
12 69
12 301
13 2976
13 827
13 804
13 805
13 838
13 1770
13 151
13 14
13 49
13 1234
13 180
13 3438
13 823
13 824
13 825
13 826
13 955
13 1028
14 955
15 16
15 4450
15 598
15 268
15 719
15 720
15 17
15 3702
15 3703
15 1176
15 1690
15 28
15 509
17 3012
17 2855
17 719
17 720
17 2547
17 1142
17 535
17 1176
17 537
17 1690
17 2140
17 509
18 1025
18 1038
18 19
18 20
18 3222
18 5020
18 5021
18 2345
18 3119
18 2738
18 694
18 1079
18 4340
18 2875
18 316
18 1475
18 1399
18 205
18 1742
18 4183
18 4057
18 4955
18 3420
18 4191
18 4192
18 604
18 4067
18 1254
18 1244
18 373
18 4855
18 4856
18 638
19 234
19 235
19 236
19 20
19 4183
19 4184
19 4185
20 3361
20 548
20 101
20 102
20 259
20 297
20 523
20 205
20 1475
20 333
20 126
20 952
20 316
20 734
20 127
21 1241
21 22
22 141
22 1330
22 1331
22 1241
22 1373
23 3713
23 1165
23 1166
23 24
23 25
23 26
23 27
23 28
23 29
23 30
23 31
23 32
23 33
23 34
23 3882
23 59
23 1600
23 2501
23 2249
23 2123
23 343
23 376
24 32
24 33
24 34
24 1165
24 1141
24 25
24 26
24 27
24 28
24 29
24 30
24 31
25 32
25 3713
25 34
25 33
25 26
25 27
25 28
25 29
25 30
25 31
26 1664
26 2432
26 130
26 2435
26 2436
26 2437
26 2433
26 1032
26 265
26 778
26 779
26 2434
26 785
26 786
26 27
26 28
26 29
26 30
26 31
26 32
26 33
26 34
26 2438
26 433
26 1689
26 1834
26 2439
26 685
26 1072
26 1841
26 1842
26 435
26 1694
26 2441
26 2233
26 826
26 1055
26 2442
26 63
26 64
26 1696
26 2440
26 2443
26 630
26 1697
26 1247
26 95
26 608
26 1695
26 3678
26 3679
26 3680
26 3681
26 1887
26 484
26 108
26 2546
26 4658
26 1012
26 1782
26 632
26 633
26 3614
26 2431
27 256
27 786
27 404
27 4118
27 4505
27 28
27 29
27 30
27 31
27 32
27 33
27 34
27 3371
27 58
27 59
27 61
27 96
27 1351
27 2633
27 2904
27 736
27 3609
27 753
27 2675
27 4478
27 4479
28 32
28 33
28 34
28 29
28 30
28 31
29 32
29 33
29 34
29 1032
29 3714
29 785
29 30
29 31
30 32
30 33
30 34
30 1638
30 4326
30 4521
30 618
30 1099
30 3244
30 31
31 642
31 5127
31 3212
31 1293
31 3474
31 32
31 33
31 34
31 1973
31 59
31 958
31 705
31 2501
31 1099
31 1875
31 2904
31 618
31 2411
31 109
32 33
32 34
33 2816
33 2817
33 398
33 399
33 1685
33 1686
33 289
33 34
33 1332
33 59
33 3265
33 3038
33 96
33 1636
33 618
33 619
33 753
33 4212
33 4213
33 3449
35 36
35 551
35 588
35 3021
35 3022
35 2765
35 1648
35 178
35 276
35 1112
35 1949
36 1025
36 651
36 276
36 277
36 1356
36 155
36 551
36 178
36 2761
36 1355
36 588
36 2765
36 5199
36 1114
36 1500
36 990
36 355
36 871
36 239
36 2708
36 3020
37 1057
37 506
37 158
38 39
38 2924
38 2925
38 2926
38 2287
38 823
38 824
38 2298
40 1314
40 41
40 42
40 555
40 461
40 1519
40 286
41 321
41 738
41 69
41 422
41 359
41 1610
41 203
41 289
41 176
41 625
41 882
41 1704
41 343
41 344
41 1081
41 1082
41 696
42 3394
42 4197
42 1158
42 1287
42 137
42 555
42 2028
42 3024
42 2408
42 286
42 1662
42 1727
43 44
44 1376
44 1377
44 1378
44 131
44 4676
44 4297
44 1482
44 92
44 2227
44 90
44 3096
44 3450
44 91
44 1500
44 4298
44 2474
45 397
45 46
47 1828
47 137
47 48
47 49
47 50
47 1304
47 93
47 1086
47 1087
48 1828
48 137
48 49
48 50
48 1700
48 1083
48 93
48 1086
48 1087
49 804
49 805
49 50
49 180
49 151
4146 58
51 52
51 53
51 54
51 55
52 1238
52 1169
52 1170
52 283
52 284
52 285
52 2718
52 1569
52 1832
52 2717
52 53
52 54
52 55
52 1720
52 1721
52 2106
52 2363
52 2755
52 1349
52 3527
52 4563
52 4566
52 3897
52 602
52 2278
52 4595
52 4725
53 54
53 55
54 2562
54 285
54 2278
54 871
54 1832
54 1065
54 2188
54 3695
54 1238
54 55
54 2106
54 283
54 284
54 602
55 2762
56 704
56 57
57 704
57 137
57 1611
57 1486
57 1007
57 824
57 404
57 2473
57 1660
57 1661
58 155
58 100
58 753
58 2249
58 60
58 4974
58 4975
58 4976
58 4977
58 4978
58 59
58 3164
58 61
58 702
59 642
59 772
59 1672
59 1290
59 1166
59 1695
59 313
59 60
59 61
59 705
59 706
59 2501
59 96
59 2123
59 1233
59 3284
59 3285
59 3286
59 3287
59 3288
59 3289
59 3290
59 3291
59 3292
59 736
59 3169
59 100
59 2411
59 110
59 111
59 112
59 753
59 1779
60 641
60 290
60 867
60 2085
60 1644
60 365
60 366
60 176
60 2580
60 2581
60 642
60 504
60 61
61 1600
61 641
61 642
61 2501
61 1030
61 2633
61 302
61 786
61 2675
61 4118
61 2851
61 2970
62 753
62 818
62 68
63 2432
63 2433
63 2434
63 2435
63 132
63 2181
63 1030
63 1032
63 265
63 778
63 779
63 785
63 786
63 1689
63 1694
63 1695
63 1696
63 432
63 1571
63 4996
63 2438
63 433
63 1834
63 2439
63 1842
63 1071
63 1072
63 1073
63 1586
63 435
63 1076
63 1590
63 2441
63 825
63 826
63 95
63 2442
63 629
63 64
63 66
63 2443
63 1075
63 630
63 4934
63 1697
63 2436
63 75
63 3532
63 2440
63 3533
63 632
63 1074
63 2233
63 3928
63 4442
63 4443
63 2524
63 1247
63 608
63 1887
63 1894
63 2705
63 2437
63 2407
63 108
63 434
63 368
63 369
63 2546
63 1012
63 3317
63 1782
63 631
63 1585
63 633
63 251
63 124
63 1841
63 2431
64 2432
64 2433
64 2434
64 2435
64 2436
64 2181
64 1030
64 1032
64 265
64 778
64 2443
64 629
64 909
64 910
64 911
64 785
64 786
64 1689
64 1694
64 1695
64 1696
64 1697
64 630
64 4996
64 2438
64 65
64 433
64 1321
64 298
64 2439
64 1842
64 1071
64 1072
64 1073
64 1586
64 2483
64 2441
64 2233
64 826
64 95
64 2442
64 3264
64 3265
64 3266
64 3267
64 66
64 3318
64 435
64 2440
64 109
64 632
64 75
64 1074
64 1834
64 2524
64 1247
64 608
64 1887
64 3268
64 2407
64 2437
64 108
64 3309
64 434
64 369
64 2546
64 1012
64 3317
64 1782
64 631
64 1585
64 633
64 251
64 1841
65 911
66 132
66 2181
66 1030
66 1696
66 1073
66 1590
66 825
66 67
66 3532
66 3533
66 3928
66 4442
66 4443
66 2524
66 1894
66 2407
66 368
66 3317
66 630
66 632
66 633
66 124
68 481
68 1282
68 69
69 1158
69 136
69 1560
69 786
69 404
69 920
69 3997
69 3998
69 1704
69 299
69 2094
69 3613
69 158
69 313
69 3224
69 321
69 194
69 1609
69 460
69 461
69 372
69 3410
69 761
69 344
69 1000
69 882
69 204
69 373
69 1833
69 1401
70 71
71 962
71 1004
71 3025
71 3026
71 313
71 2394
71 2972
72 99
72 73
72 1265
72 498
72 419
73 1860
73 4717
73 1265
73 498
73 885
74 395
74 391
74 392
74 75
74 275
74 404
74 2165
74 214
74 215
74 730
74 1883
74 4508
2123 96
2123 110
76 77
76 78
76 79
77 354
77 616
77 78
77 79
77 127
78 79
79 672
79 176
79 425
79 400
79 1169
79 1299
79 533
79 954
80 81
82 83
84 85
86 1057
86 87
86 1155
86 301
86 1407
90 92
90 91
91 92
93 2976
93 137
93 95
93 958
93 1304
93 1723
93 94
93 1599
94 938
94 95
94 2740
94 3023
97 96
97 98
97 771
98 96
100 815
101 1156
101 1221
101 102
101 1223
101 4488
101 1225
101 4522
101 4039
101 333
101 367
101 1716
101 126
101 4038
101 1652
101 735
101 1118
101 276
102 1156
102 1992
102 333
102 2320
102 2453
102 2004
102 4052
102 126
103 1601
103 836
103 2373
103 104
103 105
103 332
103 2704
103 2932
103 119
103 600
103 2076
103 158
104 1392
104 105
104 2146
104 1053
106 107
106 4324
106 3237
106 2475
106 1324
106 1325
106 3757
106 1936
106 1620
2407 111
108 2432
108 2433
108 2434
108 2435
108 2436
108 2437
108 2438
108 2439
108 1032
108 265
108 778
108 779
108 785
108 786
108 1689
108 1694
108 1695
108 1696
108 1697
108 433
108 1834
108 1072
108 1841
108 1842
108 435
108 2441
108 4024
108 2233
108 826
108 1247
108 2442
108 2440
108 2443
108 630
108 95
108 608
108 1887
108 109
108 110
108 2546
108 1012
108 1782
108 632
108 633
108 2431
108 4106
109 1110
109 298
109 1293
109 110
109 1073
109 1586
109 2483
109 4910
109 4182
109 1973
109 127
109 478
110 642
110 1110
110 736
110 2501
110 1233
110 3284
110 3285
110 3286
110 3287
110 3288
110 3289
110 3290
110 3291
110 3292
110 478
110 96
110 753
110 1913
111 160
111 161
111 610
111 347
111 5046
111 3551
111 112
111 5095
111 3821
111 3822
111 5008
111 306
111 1011
111 270
111 4054
111 477
111 3043
111 597
112 1407
112 180
112 175
113 3328
113 1890
113 2276
113 2952
113 1020
113 2500
113 2350
113 175
113 2257
113 114
113 377
113 120
113 676
113 378
113 2908
115 674
115 1353
115 1420
115 4429
115 4430
115 4431
115 116
115 117
115 3926
115 762
115 763
115 1373
115 670
115 2527
118 119
119 3592
119 1772
119 3501
119 1773
119 2928
119 2706
119 276
119 1114
120 1152
120 2976
120 721
120 1153
120 1258
120 718
120 175
120 592
120 2350
120 121
120 124
120 3797
122 123
124 75
124 132
124 1894
124 2728
124 363
124 3532
124 1003
124 369
124 4547
124 148
124 147
124 630
124 1779
124 125
125 3493
125 1003
125 280
125 3186
125 278
125 279
125 1944
125 3550
125 1151
126 736
126 2251
126 333
126 1645
126 2454
126 4308
126 127
126 156
126 1669
127 3361
127 354
127 356
127 616
127 1257
127 2444
127 2386
127 2445
128 129
128 1275
129 2574
129 173
129 174
129 5156
129 172
129 2221
129 2222
129 1090
129 1869
129 2897
129 338
129 340
129 4878
129 2017
129 2150
129 2151
129 744
129 1267
129 1268
129 1275
129 4821
131 2216
131 2217
131 3542
131 3096
131 3706
132 1697
132 1894
132 2728
132 972
132 4458
132 75
132 3532
132 269
132 147
132 630
132 1779
132 1695
132 1694
134 1760
134 2528
134 547
134 133
134 135
134 3336
134 300
134 5195
134 5196
134 301
134 1006
134 1807
134 1007
135 133
139 95
4265 75
4266 75
172 89
177 89
4809 96
184 88
2233 95
214 75
2430 75
265 88
265 95
269 75
275 75
286 89
301 87
2356 89
320 96
395 75
1420 117
368 75
369 75
2431 95
2432 95
2433 95
2434 95
2435 95
2436 95
2437 95
2438 95
2439 95
2440 95
2441 95
2442 95
2443 95
404 75
433 75
433 95
435 95
75 2181
75 391
75 778
75 4625
75 1430
75 1431
75 1694
75 1695
75 1697
75 2470
75 2728
75 1834
75 1839
75 1841
75 826
75 1165
75 3283
75 2900
75 3157
75 215
75 730
75 1883
75 1887
75 1894
75 2919
75 1576
75 1141
75 630
2501 96
468 89
2546 95
3292 96
569 95
95 1927
95 1032
95 778
95 779
95 785
95 786
95 1689
95 1694
95 1695
95 1696
95 1697
95 1834
95 1072
95 1841
95 1842
95 826
95 1247
95 630
95 632
95 1887
95 608
95 1012
95 1782
95 1291
95 633
96 642
96 1032
96 785
96 5014
96 5015
96 951
96 825
96 2884
96 1233
96 3284
96 3285
96 3286
96 3287
96 3288
96 3289
96 3290
96 3291
96 736
96 753
96 1782
590 89
591 89
88 870
88 4808
88 1611
88 654
88 655
88 2324
88 89
88 1211
107 1253
107 1419
107 1324
107 1325
107 755
107 756
107 1847
107 1418
116 117
718 121
121 920
121 1654
762 117
2961 50
2962 50
918 89
919 89
89 1634
89 323
89 2555
89 1468
1086 50
1087 50
1423 50
117 3926
1612 87
