8193 4322
8194 5306
4 5156
5 2524
5 9326
6 2019
6 2388
7 1195
8200 2837
8201 7199
11 2423
8204 1287
8205 391
16 9474
18 2098
19 4780
19 147
19 860
20 4671
8213 4688
22 6032
9561 4007
24 473
25 3116
27 7684
28 1343
29 8510
9821 2287
8224 3794
34 5570
34 8965
35 1882
36 7694
8229 8038
8231 8880
40 6186
8235 6692
8236 4703
45 6826
46 4583
47 5261
48 2838
49 5201
49 5452
51 2768
52 3251
52 4319
5470 9292
8246 5235
55 1799
8248 3668
58 8890
60 1275
61 5767
8254 6419
8255 230
64 7067
8257 4911
66 2227
8203 1831
8260 9280
8260 826
8260 1370
8261 2944
8262 6036
9569 5400
9569 9141
8264 130
74 9541
8268 2959
8270 5224
80 4476
80 6335
82 9020
83 7669
84 2348
84 1495
85 3282
85 3943
86 7778
8279 3360
8280 4924
8280 6453
8281 8849
8285 6533
8285 9774
8285 5439
94 123
95 3526
96 7310
8208 1672
98 7251
100 4723
101 8498
8294 7650
106 6845
106 6839
8299 4613
8302 1734
111 2918
113 8768
113 1170
113 2556
114 6092
8211 2925
8308 3783
119 9089
120 4404
8212 2288
122 4248
122 8934
124 4485
9578 4738
126 457
126 4140
126 6041
128 1517
129 937
8323 4213
132 9013
8214 448
134 8795
134 4460
135 7963
136 8720
137 4703
139 223
141 772
141 4837
141 7351
142 3577
143 1487
147 9611
149 9011
150 1234
150 6642
151 5906
152 5296
153 1510
154 7037
155 666
8348 1065
8348 5171
8348 9228
8348 1881
159 1471
8238 6450
8238 7239
163 1841
164 6898
165 170
166 5438
9585 6170
9585 9036
168 1204
169 8020
8363 7034
8364 6343
173 6443
174 5065
177 8873
8370 6995
8370 8789
8371 3522
183 3611
184 2997
8377 6961
8379 1619
8379 460
8380 5347
8380 6348
189 7655
194 258
195 4977
196 5901
197 8020
198 8005
200 2408
202 9079
203 9634
204 3935
8397 7261
208 5256
208 5660
8402 2492
211 6053
8404 8510
216 242
217 8535
8410 2548
8410 2869
8414 5273
8417 6794
8419 2794
8419 6838
8419 7903
8894 5522
229 7447
230 4346
231 2648
232 9190
234 1554
236 3916
8429 1468
8431 8769
8431 858
8431 5524
241 7140
243 4535
8438 3787
247 8708
8440 4825
249 9048
8443 7495
8446 6994
8447 5350
8447 4070
256 1522
259 1137
259 3762
8453 7558
262 4537
263 6199
264 8663
8457 2605
268 5777
268 3015
268 2702
268 1527
8461 4410
8462 725
8237 3567
272 7532
274 4165
8468 5226
8469 5588
279 6276
280 5395
8473 8275
282 3742
8239 5088
8476 2769
8477 1544
8477 7163
286 2797
8479 8078
288 9573
8481 5447
290 6262
291 5739
8485 5414
8485 9383
294 9811
295 5292
295 1702
295 1639
8489 7450
8466 3123
302 6421
304 7717
9608 4366
8498 6208
8500 2395
8501 6866
310 9315
310 3899
8507 5136
8508 6683
319 3687
8512 6924
8512 3078
321 3697
321 2215
322 6949
322 5263
323 5594
323 6387
325 2241
325 4028
326 9123
8519 798
8520 1440
8520 1836
8731 9011
8247 7008
332 7832
8526 2598
8527 4572
6883 4953
340 5320
8533 9289
342 2122
342 9415
8535 6374
345 9845
8538 2044
1423 4633
1423 3598
348 1121
349 4332
8542 5937
351 5096
9559 8886
357 6222
357 5950
358 1765
360 6691
361 1474
8555 2201
8556 6132
365 5693
8253 1298
369 2336
369 5499
369 6587
8562 4734
371 6872
374 8570
8567 7056
8567 9556
8567 9166
8567 9119
376 7928
376 6959
8569 5013
379 1662
381 6851
8196 5977
383 9716
384 2703
8577 4380
387 7393
389 6562
391 1913
391 6556
391 3869
392 9048
394 4974
8593 5484
402 2334
8596 414
405 3806
406 6152
406 4057
406 6006
407 9136
407 1462
8600 9457
8601 7271
8608 4433
418 4868
419 5320
419 1642
421 9336
8614 4660
8614 9733
425 4874
426 6737
427 8478
8620 7366
430 1923
431 3165
432 4491
8626 835
439 6525
441 6033
442 1689
9562 4026
8637 7391
449 7844
451 3116
8647 5387
456 6643
456 2548
457 4307
459 7395
8655 6162
8656 6263
8656 2943
8659 6964
8663 867
472 3257
472 1866
474 509
8668 3295
8669 8725
478 7480
479 700
481 8123
484 1377
485 9029
8679 6706
488 7616
488 3983
489 5942
490 7817
8683 2028
492 1846
8685 3897
8688 1190
497 1617
8690 614
8275 799
501 9336
8694 1502
8694 5455
503 2896
8698 5185
507 2376
508 9282
508 2803
510 1079
511 4165
8706 2369
8706 3827
8706 2311
515 9026
515 4823
517 5909
519 1602
9644 983
523 4655
525 6066
525 4974
526 7001
9645 4041
8720 1068
529 4582
531 6788
536 9242
537 2209
539 1521
8732 1789
541 9506
542 7537
8736 4627
8737 4156
8738 4356
8738 1446
548 6160
548 4772
8743 7812
8744 1305
8745 9761
8746 2514
8746 4299
8746 5820
8746 5543
555 3385
8748 7176
8748 801
557 9679
558 528
559 2304
560 2910
8753 9734
562 3554
563 1962
565 9400
566 2932
568 4854
569 5053
8762 1720
8764 2784
8764 1725
8765 8973
8767 6227
8768 3694
578 6113
578 765
8772 9554
8772 7287
1462 4325
8776 7805
585 3227
586 6879
9508 4347
9508 4581
588 2849
588 791
589 1688
592 1001
8785 8120
594 6768
8789 3467
8790 3073
8790 4231
8791 7371
600 9778
600 3269
601 5377
601 6763
8794 8144
605 837
605 8670
8293 2017
608 4728
608 7146
609 5855
611 6385
8804 8106
613 5413
8806 942
616 7075
616 8814
8809 2396
618 8042
618 8965
8811 7493
620 6219
8813 1065
623 8356
624 3390
8817 6693
8818 2751
627 3419
629 3014
8823 5901
634 3292
634 1695
635 6342
8830 780
639 4982
640 4818
642 6173
8836 7252
8837 1564
647 9346
647 9300
648 6927
649 1529
651 4087
651 4047
8846 5162
8848 9225
657 6058
8850 6497
8851 2739
8856 8482
8859 5469
669 7353
669 3239
8862 8038
673 3884
8866 8044
8867 2648
8868 8112
8305 1546
683 5435
684 1831
684 1239
8877 2863
8878 3885
8880 6900
8884 4019
8885 9382
8886 935
695 5966
8888 7542
8889 6897
698 3490
698 7342
700 6726
701 9360
702 9029
702 3231
703 1640
8897 5200
8898 4112
8898 5846
9675 5778
8903 9680
712 7557
8905 6857
8905 3383
8906 2001
8906 2541
8311 1934
717 4607
8910 5831
719 8041
721 6600
724 3237
725 5974
726 7047
8919 2106
8921 7535
730 1835
8925 7377
734 969
735 5544
8929 3815
8930 9872
8930 3226
8315 2409
8315 5111
8932 1936
8933 6144
8933 3643
744 3598
8937 1186
746 7869
748 7379
748 9727
748 3495
749 6979
749 5807
8942 9764
8943 2586
752 8122
754 4183
5587 4834
8318 4730
758 8980
8951 9797
8952 3021
762 4406
764 1609
769 3392
769 4547
769 9078
8962 1179
772 7360
777 9044
8971 7264
780 5331
8322 7557
782 5946
783 1626
783 3068
784 5932
784 4399
785 2845
788 935
8324 2600
6253 7879
796 5813
8992 6733
8992 9189
8996 8584
8996 3269
8326 1083
8998 2812
808 1362
809 1492
810 1839
8327 3842
9004 3237
813 2559
815 8634
8328 4815
9010 2984
9011 2939
9011 3390
8329 4317
3115 3375
9020 6078
9021 7137
830 4098
830 6013
831 6928
831 4042
9024 3427
9026 1820
835 6475
835 3188
9028 1435
9030 892
9033 3425
9034 1209
845 5363
847 1747
9040 9450
9040 7445
849 6424
9581 8087
9043 2073
9044 5650
853 4201
853 6772
854 1209
854 9193
855 2650
857 2662
857 9039
9051 9599
862 1012
9055 1122
9056 6885
868 5675
869 4187
9063 2896
9064 4342
9065 6781
9065 6190
9703 3998
877 7800
9070 1108
9071 2449
9071 1325
882 3731
882 3239
883 968
884 5803
884 6463
9078 4268
888 3387
9082 1679
893 9481
894 7819
895 2971
898 1064
8486 7167
8342 4217
8342 4751
9095 5628
905 4781
8343 1745
9100 5545
9100 1726
909 8344
909 2313
9104 2765
9104 5551
913 5142
914 9150
916 5112
918 6246
919 4385
920 7776
9114 2291
923 3086
9116 7205
9118 4505
928 1121
9124 7989
9125 1336
937 8241
9133 3898
9133 8114
9133 1879
943 5957
945 1194
9138 6922
9715 7540
9140 6830
949 2851
952 878
9145 6002
9146 1925
956 7044
9149 7972
9150 2453
959 3079
9153 2306
9156 2401
9156 7947
966 2350
967 1155
9162 2715
9719 5880
9164 2738
973 5193
9168 1799
8355 2378
8355 1629
981 1758
8356 9480
9178 4132
987 2948
988 9455
9181 6381
990 9450
990 4599
9183 3349
993 6652
994 4501
996 4841
997 3800
9191 7594
1000 2250
9194 1490
9195 1484
9195 7878
9196 4801
9197 1428
9197 4351
9199 9812
1008 3196
1010 5680
9203 6958
9205 3120
9207 5121
9207 1242
1016 5705
1018 7873
9211 6081
1020 4021
8362 3077
8362 1694
1022 5719
1024 1103
1025 3909
9218 2527
9219 6539
9221 7628
9222 2872
9222 2393
1031 3257
9224 5494
9226 8734
9230 3609
9233 6889
9234 1092
1043 6652
1045 8426
1045 7988
9239 7532
1048 5732
1050 9636
9243 4360
9243 3497
9245 4195
9245 4884
1054 2709
9247 3015
9248 5988
1058 2177
1059 4492
1061 7298
1061 7509
9254 1619
1063 7551
9259 8140
1068 3026
1068 5371
9261 9177
9262 2282
8219 9680
1074 4829
9583 1910
1076 5889
1076 5475
9269 4257
9270 4184
9270 1698
1080 6125
1080 2951
1082 4237
1083 5370
9276 2292
9278 9396
1089 9726
9282 4037
9282 1830
1091 7195
1091 5452
1093 1476
1094 3065
9288 5560
9289 4411
9289 5710
7645 7002
1099 4859
9293 5636
1102 4698
9296 4717
8376 1685
1107 9554
1108 8228
9301 2045
1110 4701
1111 9310
1111 4878
1113 6947
9308 1621
4282 5853
9311 5232
9311 5238
1123 2400
1128 9654
1128 6095
9321 7973
9324 7103
9326 3419
1135 1615
1136 8228
1136 6758
1137 2595
1137 9689
1139 7718
1141 5920
1141 6025
1141 6203
1142 3100
9336 6810
9337 9000
1147 3498
1149 7287
9342 3298
9342 2511
1151 6142
9345 6804
1155 4438
1157 1367
1158 2608
9352 7973
9355 1408
9357 5356
9358 3400
9358 6174
1167 2987
1167 7757
1169 5333
1170 4266
1171 8174
9365 3534
9366 4628
9369 1681
1178 2069
1180 8023
9373 1459
1182 5201
1183 6573
9376 3166
1187 8409
9380 7388
9381 2689
9383 5633
9383 7236
9756 1620
9392 3847
1201 9469
9394 5130
7027 2857
9758 8070
1206 4542
1207 2019
1209 5659
1210 9458
1211 6242
1212 9699
9409 6360
9410 3572
9411 9690
9411 5759
1221 3835
1222 4859
1222 7659
9415 7316
8396 1699
1226 4616
9420 1664
9423 9749
9424 9129
1233 2370
1234 6979
1235 4323
9428 4635
9430 1461
9432 6411
9432 6335
9433 4433
9438 6107
9438 6276
1250 1581
1250 2871
1251 2400
1252 6987
1255 4181
9448 1634
1257 5375
9450 998
1259 6223
9453 9692
1262 2648
1263 5392
1263 3481
1264 5677
9457 1890
1267 6466
1267 1813
9465 7044
9465 5319
1278 3264
1279 2409
1279 6293
9472 4651
1281 2307
9476 4736
9477 1757
9480 3489
9480 1587
1292 2294
9485 4048
9485 6900
9486 7836
1295 4688
1296 6659
1297 6192
9491 6580
1300 9565
9493 9163
1303 7364
1306 5833
1306 5443
1306 7719
1307 2308
1308 7314
1310 3433
1312 7554
8227 9210
1315 6126
1316 2009
1319 5044
9513 5411
9513 4635
9864 3199
1323 6291
9516 2878
8773 7319
1327 7595
9520 7299
1330 8709
1330 3566
9779 2768
9525 4902
9526 6905
9526 7204
1335 3146
1335 7676
1336 8840
9780 3953
9780 4827
9780 4047
1338 1744
1338 5643
9534 2171
9536 7061
1345 5416
1347 6745
9541 6847
9543 8040
9545 2328
1355 1940
1355 7109
1358 6851
9551 3874
9554 3844
9554 7958
9556 3425
1368 4879
1369 6099
9565 2277
9567 2894
1376 5221
1377 4924
1377 2169
1377 6542
1377 4785
1378 4632
1378 7973
9571 4025
1383 3726
1386 9808
9579 4202
9579 3493
1389 1980
1390 9678
1391 2774
1392 4483
1393 2150
9586 4826
1398 3056
1398 1793
9592 3056
1404 7640
1404 2507
1405 5829
1407 2367
9867 8169
9605 6592
1414 5790
9607 6575
1416 1711
9613 7219
9613 7687
237 6936
1424 4046
1424 3535
9314 9163
1427 1744
1428 3344
9622 7736
9622 5211
1431 4737
1431 6687
1432 1850
9628 1587
1437 1850
1437 4807
1440 5163
1440 6852
9633 3535
1442 7336
9636 3085
9641 3410
9643 2433
1452 7543
1453 4118
1455 2160
8435 1504
9652 2963
9801 1818
9801 3076
9658 6881
9658 5622
1469 7485
1470 2165
1474 6658
1474 7710
9803 3879
1477 2371
1478 5205
9671 3794
1480 5831
1483 2112
9678 7657
9678 5797
1490 6249
1491 8455
9686 5430
9689 1930
1499 4779
1501 1817
1501 8988
1502 6185
1506 1831
9700 1675
9701 5002
9701 5326
1510 5076
1511 2184
1511 2862
1511 886
9704 4684
9704 3757
1514 6335
1515 4624
1515 2587
1516 3602
1517 3875
9712 1988
1522 3531
9811 5360
9811 5011
9811 4085
1527 2212
1528 6586
1533 7415
9726 7057
9729 6492
9730 3556
1539 5477
9732 4327
1541 7764
1543 2577
1545 9764
1547 2414
1549 7148
1550 7191
1552 8021
9745 7693
1555 4531
1557 7081
9750 6478
9751 8913
1560 9761
1560 1597
1561 3294
9754 2956
7087 3207
1566 2120
1567 4634
1571 3346
1571 1966
1573 6075
9766 3728
9766 6462
9766 9455
9767 6184
9767 3257
9767 6335
9768 3565
9770 5071
1579 3046
9772 7120
1581 5996
1583 7906
1584 4542
1585 4019
1587 7132
1588 7576
9822 5995
9822 6859
9782 2647
9788 3997
1598 5391
1600 1090
1600 7567
9795 5079
1604 5948
9797 6322
9797 2583
1609 4779
1611 6521
1614 5103
1615 9210
9808 4471
1617 7015
1619 8010
1620 4194
1621 6432
1621 2294
9814 3736
9815 7102
9817 2787
9817 1799
1627 2199
1630 3243
1630 8108
9823 4357
9824 7726
1633 5651
1634 9108
9828 6506
1637 3505
1637 3238
9830 3912
9831 4960
1645 7248
9838 6373
1648 3217
8511 1965
9844 6916
9844 4718
9845 3719
9847 1909
9849 3171
9850 7707
1419 3162
1662 4755
9855 4109
1665 2257
1667 1843
1667 3941
1673 4029
9866 3154
1675 4824
9869 3942
1680 2668
1682 7976
1682 3380
1685 7580
1688 8046
8474 6306
1694 3287
1695 7950
9840 5793
1700 5164
1706 5960
8513 3193
1711 3245
1714 5562
1720 7400
1720 5730
1726 1960
1727 6649
8480 7810
7115 8871
8241 5219
1736 9752
1740 9447
1758 6263
1766 6840
1768 3781
1660 5415
1771 5554
1775 805
1779 3419
9854 8008
1787 7044
1790 6480
1790 3068
1795 5398
1799 5481
1802 3188
1802 3998
7127 4459
1804 6090
1805 7410
1807 6957
1810 1090
1814 5642
1815 7293
1819 8011
1823 3277
1824 5425
1824 4959
1827 4099
1832 5157
1833 3370
1834 9619
1834 2260
1844 3343
1846 5206
1855 2708
1859 7640
1861 8821
1865 3018
1870 5725
1873 2284
1874 7871
1879 8156
1884 9362
1886 5091
1894 6026
1900 6625
1907 7332
5519 5387
318 2265
1911 4057
1912 6839
1914 7990
1915 5049
1918 3868
1923 6561
1926 4956
1927 6764
1929 6575
1936 5588
1936 7830
1939 7897
1939 4461
1942 6168
1947 7556
1949 4304
1952 6085
1955 6820
1956 2439
8518 3316
1958 3731
1963 6552
1965 4498
1966 2307
1969 6205
1971 8099
1971 7807
1975 6048
1983 7876
1989 4034
1989 4215
1991 7359
1992 6107
1992 5573
1993 5558
1995 4172
2003 4482
2006 2624
2011 2759
2015 7946
2020 7861
2021 6720
2021 2903
2027 6949
2029 8022
2030 4338
2030 5814
2036 5880
2039 6215
8524 6671
4436 7203
2043 5557
2044 8559
2048 2677
2048 7383
2049 2917
2051 5363
2051 8975
8534 7337
2055 2266
2057 7400
2058 5365
8252 9442
2064 6064
2065 2550
2066 3441
2067 5017
2071 5849
2073 4985
2074 2662
2078 2603
8539 6036
8539 4140
2084 6952
2085 5968
2088 6348
2089 6262
2093 9108
8541 931
2096 4753
2096 9661
2098 2104
2101 6247
2102 3963
2104 2744
2104 4413
2114 6072
2122 7404
2125 4421
2125 6239
2134 6722
2144 3341
2145 3840
2150 8831
2152 7294
9619 5172
2157 5744
2159 5258
8552 4207
2163 5551
2166 2844
2167 4120
2168 5065
2171 4919
9074 5413
2174 5964
2179 7065
2180 6461
2185 3296
2185 3013
2190 9413
2192 4608
3619 8015
2200 3918
2201 3078
8559 5294
1733 6684
1733 2788
2209 5872
2211 5283
2213 2226
2216 5204
2218 2095
2220 5510
2222 3923
2225 5499
2227 4571
2232 7417
2236 7949
9120 5910
2244 8434
2245 6480
2245 7725
2250 4618
2252 8072
2256 6145
2259 4810
2259 1909
2262 7360
2264 4093
2265 5900
5839 7171
9350 2371
9350 9459
2280 4039
2282 3710
2288 2972
2289 4462
2294 3609
2295 4425
2297 7718
2298 3772
2299 5329
2303 4252
2313 9037
8961 9739
2316 8409
2317 6485
2325 4221
2325 5949
2328 3652
2334 7542
2336 9393
2336 6079
2339 2378
2344 9339
2345 2901
2347 4072
2347 8754
2355 7909
2357 2374
2358 5427
2361 7142
2364 4070
2365 3854
2381 5950
2384 3649
2387 4466
2389 5346
2390 1289
2390 2759
2391 5766
8472 2665
2400 5569
2402 6031
2403 3242
2405 7331
2408 4050
2409 7793
2409 7427
2411 3642
2413 6825
2414 3720
2415 5054
2419 4982
2420 2438
2421 3371
404 4475
2426 6183
2427 6003
2430 3807
2431 7693
2431 7150
2431 7759
2432 4313
2436 5129
8599 3560
2448 8455
2449 5461
2450 3426
2452 5809
2452 7121
2452 2623
2453 4058
2454 5687
2457 8012
2462 3177
2465 5318
2466 3710
2468 7640
2469 5383
2471 3087
2475 5869
2477 5889
2477 6525
2483 3601
2483 5890
2485 6763
2490 5118
2493 8786
8812 7453
2498 5304
2505 3739
2505 6038
2507 2675
2507 3029
2510 6563
2510 9590
2513 4645
2514 4328
2516 3129
2517 3144
2517 4809
2517 4715
2524 2555
2531 3145
2539 2782
2545 7539
2545 8325
2545 4471
2550 3049
8617 1042
2555 5817
2556 8178
2558 7176
2560 5448
9087 3798
2566 6628
2571 6260
2574 3900
2575 5729
8622 5380
2583 7243
2585 7565
2591 3528
2594 3417
2596 2791
2597 7231
2598 4557
2604 6991
2608 6967
2612 4305
2617 4467
2623 5872
2623 6721
2623 2678
2629 6958
2635 7490
2643 7081
2643 3530
2644 2691
2644 6815
2645 5087
2647 5308
2647 4774
2650 7516
2654 7981
2664 6475
2665 5042
2667 4901
2668 3504
2670 5282
2674 6238
2678 4984
2679 7697
2680 6451
2684 2997
2687 2882
2687 3523
2688 5749
2691 4031
8641 6005
2696 1078
2706 4878
2707 7277
2710 4921
2711 4793
9027 6091
9027 7099
2713 6840
2718 3070
2722 6903
2723 9111
2725 4042
9638 7170
2728 3827
2730 7824
2735 3016
2736 7174
2737 2926
2739 3621
2741 8865
2741 9061
2743 6257
2746 4948
2749 3564
2755 4266
2756 9363
2756 3508
2759 4057
2761 3002
2761 7851
2765 5154
2769 5138
2771 5446
2773 3126
2774 3797
2778 2974
2782 6008
2783 3727
2788 4446
2790 6753
2793 7654
2803 9052
2808 4080
2809 7674
2809 4164
2815 3902
2820 7459
2836 5096
2839 4486
2841 8729
2842 5061
2846 7218
2853 6052
2854 6677
2856 5483
2858 5370
2868 7032
2870 9046
2871 4356
2872 2425
2874 5629
2882 7926
2887 5642
2892 7462
2893 6482
2894 6793
8256 7334
2900 5646
2902 6992
2905 8711
8677 5856
8677 7470
2912 3443
2915 3032
2920 6111
2921 6961
2922 4801
9099 5432
9099 5110
2932 6948
8682 7064
2943 5463
2945 4177
2952 7984
2960 3001
2960 3230
2964 3741
2965 4648
9676 8821
2971 8031
2977 5469
2982 4156
2990 3201
2990 4780
2992 9386
2994 3514
2994 4214
2994 3271
2995 7899
2996 3354
2999 6046
9693 8044
3007 4747
3014 7166
3016 3538
3019 5273
3022 3187
3022 6901
3025 5435
3027 5921
3029 7489
3030 6234
3034 6731
3042 4639
3043 6137
3047 4220
3048 6239
3049 7344
3052 4699
3052 9271
3053 3454
3071 7065
3073 4006
3075 4550
3082 7328
3085 5318
3089 5861
3095 3440
3096 7489
3098 8728
3101 3841
3105 3898
3108 9511
3109 7017
3118 5941
3123 4909
3124 5417
3130 5344
3130 6307
3132 5899
9106 4751
3141 7729
3141 5214
3142 4666
4621 4550
3152 4146
3152 4332
3155 7611
3156 4240
3165 7900
3167 5747
528 6234
3173 3823
3174 5647
3178 4633
7357 7140
8750 4011
3185 4976
3197 6382
3198 4057
3198 5829
8290 6456
3208 9285
3209 6450
3214 8041
3215 4210
3231 8997
3234 6919
3235 7953
3237 6518
3238 6514
3240 3885
3242 4080
3245 5189
3249 6492
8734 8927
3254 6220
3255 3808
3261 4499
3262 6952
3262 8098
3264 9060
8292 4627
3267 7860
3269 4371
3271 4225
3272 3645
3272 4710
6007 7695
3277 5858
3277 3293
3279 5507
3283 8191
3284 770
3287 7690
3287 3485
3287 5814
3289 6463
3291 3968
3291 5094
3291 4487
3295 8840
3299 6939
3308 3822
3312 5097
3319 7455
3330 7429
8747 4953
8747 5178
3336 4254
3347 5556
3347 5877
3348 5595
3351 4254
3352 9110
3353 6901
8751 7230
8752 7208
3369 8424
3370 5742
3371 5873
3372 7466
3378 4498
9387 6374
3389 4458
3390 5917
8757 4463
3394 3593
8758 7614
3407 3879
3408 3585
3408 7071
8760 7096
8760 6153
8760 6929
3412 5875
9661 8070
9188 7227
3420 8069
3425 4865
3428 7237
3431 5072
3431 6417
3435 4604
3437 8840
3442 6584
3442 5125
3450 4055
3464 4807
8861 5141
3471 4773
3471 7686
3473 8780
4675 4782
3476 6625
3476 4507
3483 7690
3487 4200
3487 9490
3489 7987
3497 9300
3497 5020
3498 8409
3499 4628
3504 3823
3507 4378
3513 6306
3515 6877
3517 7686
3520 7445
3521 5482
3526 6191
3528 4472
3538 4120
3542 3554
3543 3745
3544 5698
3544 4987
3547 7637
3550 7075
3551 7634
3555 6312
3561 6142
3564 4901
3568 4528
3570 8014
8575 6041
3577 6483
3579 6367
3584 9186
3587 5641
3587 4093
3590 5669
3593 5123
3600 5916
3603 6586
3604 5902
3606 7927
8793 3806
8849 5130
3610 3922
3615 7655
3618 8331
4699 7762
3622 7440
3623 4842
3623 5085
3627 7625
3627 4327
3632 4156
3635 4349
3636 6520
3640 3940
3642 3688
3643 4780
3648 3944
3653 7678
3654 5340
3656 8042
3660 7250
3663 6619
3663 6708
3663 6694
3668 4681
3669 5571
3670 5938
3695 7712
3702 4173
3703 7888
3707 7990
9398 7545
3713 9179
3721 4536
3721 7934
3723 5195
3726 9417
3730 5975
3733 7307
3747 8339
3750 4537
3754 8392
3759 4653
3759 5853
3762 7081
3762 4546
8832 5990
3776 4520
3777 6082
3782 6092
3785 6395
3786 5883
3786 7935
3789 4819
3790 6645
3791 5698
3793 5516
4729 3830
4729 4975
3800 5038
3812 6560
3812 8046
3812 7894
5559 7424
3823 8113
3823 5511
3825 8091
3827 4736
3834 9852
3850 7820
3853 5419
3863 4979
3870 8063
3879 4915
3885 6049
3892 7829
8313 6106
8313 6035
3898 4088
3907 5089
3914 9061
3915 5374
3921 8148
3921 6599
3927 4319
3928 6916
3928 5101
3928 5365
3939 6147
3942 4233
3947 6642
3954 8537
3961 6755
3964 6985
3964 5262
3970 6104
3978 6340
3979 4156
3982 7882
3988 886
3991 6035
3995 9426
3996 5655
3997 5261
4004 5455
4012 4986
4015 1134
4026 4593
4026 8220
4032 7791
4034 6721
4035 8011
4043 7888
4046 6628
4051 6507
4055 5170
4082 5579
4082 6532
4083 6251
4084 4480
4086 6624
4104 6566
8320 7380
4107 4433
4114 8331
4116 9385
3417 6251
4124 7177
4127 6338
4130 4225
4131 897
4136 6910
4139 8073
4158 6648
4160 9182
4161 4221
4162 6663
4164 7983
4164 6161
4166 7183
4183 5093
4183 7090
9575 6254
4187 5432
4194 5193
4195 5378
4197 5499
4200 7422
4206 6830
4209 4434
4212 4881
8895 5649
8895 9045
4226 5384
4234 5625
4234 5203
4235 6666
4236 6285
4237 5248
4238 6051
4242 5246
4261 5042
8904 7734
4275 9507
4276 8974
4280 5582
4290 6344
4292 5158
4297 8423
4299 7605
8909 6120
4305 5378
4306 6310
4309 7870
4315 5186
4315 5923
4321 4886
4324 7315
4325 6546
4330 4388
4337 5570
4342 4447
4346 7640
4349 7784
4351 7790
4352 5239
4354 6780
4362 5425
4366 5736
4366 6746
4381 4520
4381 9305
4383 4568
8923 5172
4389 7201
4389 5485
4390 7882
4399 8911
4400 834
4403 4584
4415 5110
4418 5049
4429 7882
4447 5146
4449 856
4454 7137
4470 9484
4470 4879
4472 5057
4478 6817
4489 6216
4496 4748
4500 4626
4505 5858
4515 9550
4516 7630
4517 6271
4524 6974
4525 4906
4532 5581
4537 7173
4538 8333
4545 4838
4546 6137
8950 8450
4556 9007
4560 6484
4561 5982
4566 5185
4569 4788
4572 7372
8954 7172
4579 7414
4580 5074
4582 5647
4589 4796
4592 5767
4600 6542
4607 6497
4608 4959
4609 7535
4613 5174
4615 4996
4616 4865
4620 4661
770 4714
4623 6834
4624 6159
4638 5905
4653 7221
4654 5417
4654 5605
4654 6101
9597 6358
4661 5578
4663 7614
4669 9349
4670 8623
4678 6304
4683 5564
4689 8178
4692 6039
8974 6367
4696 8913
4697 8369
9431 8991
4706 8041
4710 6362
4710 5276
4712 9284
4714 6899
4721 5686
4723 7051
4724 8695
4731 6287
4737 6641
4746 6964
4749 6629
4762 8693
4763 6699
4768 5041
4770 5406
4773 5329
4781 9108
4781 6313
4788 7071
8990 7835
4790 5388
4794 4927
4795 7370
4795 5788
4801 8532
4806 6034
4809 7908
805 7554
4836 8044
4841 5667
4845 4993
4848 7730
9000 6242
9001 6185
4857 6649
4858 6701
4858 7781
4867 6710
4876 6255
4890 4999
4896 4826
4899 6642
4905 9334
4910 5323
4919 8183
4920 5039
4921 7688
4929 8068
4934 6766
4939 5843
4940 5488
4944 5037
4950 6666
4950 8043
4951 6618
4952 7773
4965 6770
4965 6574
4965 5326
828 7125
4971 9667
4972 6049
4978 8067
4982 5988
4989 7804
4994 6051
4998 8643
3565 9471
9714 6579
5029 5394
5030 7512
5032 7058
5035 7784
5040 5159
5044 8003
5050 7687
5051 6990
5051 7727
5055 6989
5059 7890
5059 7854
5068 6304
8217 6102
5076 6262
5084 7789
5085 5134
5091 7865
5095 7101
5105 7063
5106 5739
9045 7153
5129 8016
5136 6971
5150 5347
5151 5668
5155 6158
5174 7596
5179 5352
5180 9733
5182 5207
5184 6626
5186 5802
5187 7541
5203 5243
5208 6542
5220 6696
5222 9275
5237 6309
5238 7347
5246 6325
5250 7124
8631 6203
5254 6833
5260 6266
5264 7833
5270 9708
5271 7625
5278 5935
5284 6249
5288 6950
5293 8059
5293 7495
5303 6040
5305 7729
5307 4826
5320 7840
5326 7514
5343 6742
5345 6319
5353 5776
5367 8178
5376 6828
7723 6510
5387 7830
5390 6599
5397 7118
5403 6755
5406 8048
5414 9274
5424 7725
5429 7563
5430 8643
5432 5964
4189 6000
4189 6618
5436 6742
5460 7340
5466 8652
5467 7471
9105 6960
5483 8056
5485 6925
5488 7570
5493 7958
5495 8114
5501 5670
5527 6239
5534 7959
5540 6547
5544 7541
5548 6276
7753 4826
5563 6751
5570 7306
5582 6369
5583 6124
931 1282
5591 7874
5597 7373
5598 7358
5611 5856
5611 7530
5616 8781
5617 6782
5623 6312
5625 8024
5632 5894
5646 6813
5647 7057
5654 6030
5662 6623
5669 7530
5669 6780
5670 7569
5688 8107
5693 7374
5701 9165
5704 7292
5705 6136
5706 5812
5711 6149
5721 5729
5731 6965
5733 7737
5734 7875
5736 5843
5738 6510
5747 6110
5753 5789
5754 1181
5756 6503
5757 7948
8648 7197
5770 4089
5771 5828
5802 7320
5810 7465
5814 6549
5819 9235
4831 7604
5838 8164
9165 6225
5843 7332
5852 6641
5860 8993
5869 7499
5876 6526
5885 7404
5886 6167
5889 6274
5895 6037
5902 6917
5905 8090
9177 6626
5921 7758
5932 6846
5940 7920
5941 6857
5941 6634
5944 6158
5955 6972
5960 9362
5966 6128
5972 7143
5983 7046
5990 6231
5991 6991
5993 9537
6000 6305
6004 8106
6005 7944
6014 6592
6022 6820
6035 6094
6469 7790
8475 6184
6057 6647
6058 9647
6060 9529
6072 6865
6081 6185
9208 6589
6106 7319
9210 9781
6135 6423
6136 7882
6147 7070
6149 7747
6153 8142
6160 7112
6174 7679
5125 9260
5125 6829
5125 8023
6177 7558
6194 6607
6196 6341
6213 9535
6220 9331
6223 6829
6224 6562
6225 7012
6232 7276
6237 9402
6245 9255
6248 8093
1042 7265
6255 1208
6272 9255
6284 6887
6296 7218
6309 9647
6318 6399
6320 7799
6322 7321
6333 7768
6353 6603
6367 8157
9255 6570
6401 9370
6413 6946
6426 9385
9590 6778
6445 6574
7901 7217
7901 8695
9268 6997
6474 7919
6476 9418
6476 7455
6478 7959
6488 6893
6500 7258
6519 7846
6523 7299
6524 9467
6527 7535
6533 7161
6537 8964
1090 6901
8947 8969
9285 8035
6575 6658
6579 8029
6592 6834
6625 7810
6635 7834
6645 6746
6648 7293
6662 7959
6671 7955
6676 7692
6680 7620
6682 7837
6685 7302
6695 7912
6698 6895
6713 8094
6723 7900
6734 7509
6736 7164
6756 8025
6756 7163
6771 7320
6789 7033
6802 6951
6807 7549
6825 7910
6831 7274
6837 7029
6840 7797
6843 7847
9334 9271
6868 7781
6873 7359
6907 7691
6909 7676
6944 7895
6960 7947
6962 8022
6976 7140
6982 7072
6995 7008
7001 7316
7009 7204
7012 7018
7045 7238
7052 7620
7092 7608
7102 7611
7107 7863
7124 9361
7132 7513
7145 8023
7148 7760
7154 7458
7158 7762
7166 7766
7174 7223
7176 7227
7187 8138
8424 7642
7271 7756
7281 7283
7283 7986
7323 7659
7331 7563
1223 7429
7399 7441
7409 7435
7415 7426
7466 7990
7487 7965
7524 8113
8434 8098
7547 7594
8983 7992
9529 8082
7687 8153
7703 8076
7743 7967
7851 7932
7932 8875
7932 7973
9515 8039
7942 7965
8012 8018
8087 8117
