1 16
1 2
1 182
2 5
2 1672
2 3595
2 8589
2 15
2 529
2 274
2 2970
2 28
2 1437
2 803
2 294
2 1137
2 4008
2 2093
2 178
2 8179
2 182
2 4919
2 1977
2 827
2 444
2 834
2 1421
2 99
2 85
2 86
2 706
2 475
2 7392
2 7649
2 483
2 1638
2 234
2 1004
2 238
2 6511
2 296
2 4467
2 380
2 638
3 4
3 661
4 100
4 7
4 6857
4 11
4 13
4 3783
4 1905
4 722
4 5127
4 601
4 156
5 6656
5 6
5 15
5 529
5 916
5 5017
5 239
5 156
5 6952
5 169
5 2093
5 308
5 7349
5 825
5 826
5 194
5 2373
5 8267
5 332
5 206
5 3666
5 595
5 4921
5 1752
5 4825
5 5647
5 866
5 483
5 100
5 2535
5 6511
5 632
5 251
5 1918
5 6655
6 67
6 743
6 1448
6 5701
6 8266
6 1516
6 2862
6 5647
6 720
6 849
6 1425
6 2062
6 1269
6 6216
6 1823
6 8253
6 437
7 515
7 8
7 13
7 4622
7 6932
7 1057
7 37
7 7465
7 2488
7 1599
7 1728
7 68
7 965
7 1743
7 3684
7 2654
7 5599
7 224
7 100
7 3685
7 871
7 4345
8 224
8 223
8 5141
9 7810
9 4103
9 10
9 7255
9 6156
9 5661
9 288
9 1838
9 1199
9 4919
9 4025
9 1467
9 6853
9 6854
9 8015
9 1233
9 595
9 596
9 855
9 5981
9 2145
9 483
9 8663
9 637
9 251
9 125
10 7810
10 11
10 154
10 2205
10 288
10 99
10 174
10 48
10 4919
10 4025
10 570
10 1467
10 6853
10 6854
10 5323
10 8015
10 1233
10 595
10 1875
10 596
10 597
10 348
10 483
10 83
10 1236
10 250
10 251
10 637
11 12
11 13
11 156
11 1565
11 287
11 160
11 550
11 551
11 552
11 1820
11 8364
11 1454
11 570
11 7611
11 288
11 7875
11 1609
11 5091
11 100
11 2921
11 2031
11 1010
11 637
11 2302
12 13
13 515
13 529
13 156
13 34
13 7076
13 552
13 2093
13 1454
13 570
13 315
13 1599
13 198
13 2761
13 204
13 722
13 601
13 6625
13 100
13 234
13 3575
13 4842
14 16
14 15
14 612
14 103
15 129
15 259
15 646
15 1672
15 2316
15 16
15 1939
15 916
15 4761
15 793
15 239
15 28
15 773
15 4896
15 1573
15 168
15 169
15 299
15 44
15 3635
15 3636
15 4929
15 3523
15 710
15 1479
15 1609
15 332
15 5197
15 5785
15 211
15 86
15 87
15 88
15 7388
15 353
15 482
15 100
15 613
15 234
15 366
15 367
15 3697
15 3956
15 638
15 632
15 2809
15 1150
16 130
16 388
16 3461
16 135
16 136
16 1292
16 8468
16 5785
16 4761
16 27
16 1820
16 1565
16 1315
16 1189
16 165
16 295
16 7080
16 28
16 2480
16 49
16 2056
16 7353
16 1850
16 3523
16 2486
16 966
16 457
16 332
16 86
16 2809
16 88
16 222
16 1573
16 353
16 866
16 483
16 105
16 234
16 3695
16 1457
16 5276
16 1653
16 361
16 7289
16 2554
16 509
17 1125
17 1126
17 3751
17 586
17 18
17 7036
18 9536
18 9409
18 3490
18 1475
18 1476
18 2053
18 1097
18 4620
18 1747
18 2612
18 1270
18 1176
19 5760
19 1061
19 80
19 20
19 21
19 3324
19 645
20 645
20 262
20 274
20 5955
20 21
20 8731
20 1820
20 3717
20 416
20 4521
20 7389
20 7730
20 9653
20 827
20 1340
20 67
20 630
20 329
20 2130
20 733
20 104
20 444
20 466
20 8054
20 760
20 2426
20 638
21 416
21 67
21 645
21 5704
21 7468
21 4366
21 2065
21 9746
21 1335
21 90
21 5660
21 733
21 6206
22 8641
22 456
22 3975
22 104
22 668
22 8874
22 6033
22 4243
22 1364
22 8737
22 23
22 26
22 1404
22 629
23 668
23 69
23 456
23 1129
23 4624
23 1128
23 5910
23 5267
23 3828
23 4501
23 7290
23 1404
23 1309
23 5909
24 8333
24 25
24 26
24 1821
24 2096
24 1186
24 9007
24 2736
24 2737
24 2738
24 1846
24 1826
24 1853
24 958
24 1215
24 4933
24 589
24 2648
24 2654
24 3814
24 1772
24 2294
24 125
25 26
26 104
26 589
26 2294
26 697
26 1215
27 4353
27 3202
27 1672
27 2066
27 787
27 238
27 665
27 1820
27 9117
27 287
27 164
27 165
27 295
27 28
27 4908
27 1582
27 1565
27 49
27 2282
27 2880
27 1480
27 4297
27 332
27 8397
27 2576
27 100
27 9116
27 494
27 1648
27 1137
27 1649
27 2809
27 2554
27 234
27 638
28 129
28 2822
28 1672
28 5264
28 274
28 276
28 7790
28 278
28 3472
28 2586
28 1565
28 4126
28 287
28 4259
28 164
28 5287
28 169
28 44
28 7341
28 4125
28 2480
28 627
28 825
28 826
28 1397
28 834
28 969
28 3275
28 332
28 977
28 2898
28 86
28 727
28 88
28 1444
28 991
28 483
28 100
28 361
28 6635
28 494
28 4208
28 238
28 7411
28 1781
28 630
28 4009
28 381
28 638
29 128
29 5003
29 781
29 783
29 156
29 1821
29 30
29 31
29 417
29 2853
29 7217
29 7219
29 3384
29 7869
29 710
29 85
29 3167
29 353
29 100
29 361
29 1772
29 8190
29 5503
30 1762
30 1702
30 461
30 2863
30 7282
30 3092
30 1916
30 7454
30 31
31 5408
31 6341
31 549
31 519
31 158
31 246
31 2359
31 9118
31 7477
32 33
32 34
32 7620
32 5669
32 1057
32 7273
32 7274
32 9232
32 2930
32 2488
32 159
32 221
32 3039
33 34
33 419
33 6052
33 3783
33 3784
33 752
33 6001
33 182
33 6201
33 380
33 221
33 3039
34 7076
34 4842
34 3083
34 2093
34 529
34 6511
35 89
35 36
35 37
36 1051
36 37
37 515
37 5904
37 791
37 2715
37 157
37 806
37 2488
37 1599
37 2243
37 1735
37 9288
37 9289
37 4682
37 1757
37 7651
37 3685
37 1133
37 1134
37 1912
37 4345
37 1533
37 639
38 257
38 7195
38 2077
38 1313
38 1314
38 6435
38 8868
38 39
38 40
38 41
38 3243
38 8236
38 1837
38 1330
38 1331
38 1332
38 442
38 8255
38 3784
38 8396
38 6434
38 337
38 9429
38 1496
38 4068
38 4073
38 6772
38 2686
38 5242
38 6910
39 1313
39 1314
39 257
39 40
39 41
39 3243
39 1837
39 3791
39 1330
39 1331
39 9749
39 1496
39 8047
40 4768
40 257
40 6595
40 3589
40 2472
40 41
40 4946
40 756
40 2593
40 1225
40 2292
40 6910
41 2210
41 4274
41 2038
41 2039
41 2040
41 3609
41 4474
42 2177
42 4487
42 1551
42 2960
42 1176
42 1832
42 4010
42 43
42 437
42 7734
42 6330
42 5819
42 5181
42 72
42 2509
42 4699
42 1500
42 314
42 2146
42 1124
42 1004
42 3822
42 371
42 5113
42 1916
42 8573
42 8574
42 383
43 2177
43 450
43 133
43 4614
43 6503
43 8137
43 7599
43 6928
43 1329
43 371
43 1304
43 185
43 314
43 8810
43 849
44 130
44 1672
44 7817
44 3854
44 3472
44 277
44 669
44 8862
44 1444
44 45
44 205
44 6478
44 1359
44 173
44 466
44 88
44 613
44 361
44 238
44 2415
44 381
44 254
45 9152
45 4994
45 389
45 4554
45 2124
45 173
45 6478
45 669
45 7061
45 7704
45 4635
45 8797
45 254
45 8181
46 160
46 267
46 47
47 131
47 740
47 133
47 134
47 4199
47 200
47 201
47 893
47 875
47 5390
47 2511
47 3901
47 51
47 2198
47 2510
47 1518
47 8207
47 7229
47 894
48 320
48 1728
48 1126
48 49
48 298
48 1321
48 587
48 657
48 595
48 3633
48 457
48 119
48 92
48 586
48 9756
48 319
49 646
49 2576
49 154
49 156
49 1949
49 2480
49 1201
49 310
49 816
49 3523
49 6724
49 2382
49 595
49 727
49 88
49 481
49 613
49 615
49 234
49 6251
49 6257
49 2809
50 160
50 490
50 51
50 1518
50 491
51 200
51 201
51 131
52 1025
52 4105
52 2961
52 790
52 8281
52 218
52 2978
52 2979
52 5032
52 5033
52 5549
52 817
52 818
52 53
52 54
52 55
52 56
52 1994
52 2265
52 8282
52 7651
52 1553
52 217
53 2752
53 2978
53 1539
53 1540
53 55
53 2476
53 2477
53 2159
53 2160
53 56
53 2979
53 54
53 2071
53 2072
53 2073
53 2751
54 6817
54 2978
54 1411
54 2961
54 2979
54 790
54 55
54 56
55 1025
55 2978
55 1994
55 817
55 790
55 56
55 472
55 116
56 2978
56 2979
56 790
56 2961
56 116
57 1665
57 194
57 2532
57 9573
57 9574
57 6625
57 329
57 330
57 231
57 174
57 605
57 4466
57 58
57 3575
57 470
57 4521
57 760
57 793
57 4297
57 5885
57 1918
58 3713
58 3714
58 6663
58 6184
58 4738
58 7859
58 7860
58 7861
58 406
58 407
58 2778
58 2589
58 638
58 8098
59 93
59 60
59 149
59 62
59 61
60 61
60 62
62 3072
62 1473
62 172
62 1133
62 7886
62 8048
62 6899
62 438
62 152
62 61
62 3071
64 738
64 3300
64 350
64 3942
64 3943
64 5653
64 1299
64 1812
64 8501
64 1179
64 1813
64 349
64 5054
64 63
65 224
65 66
65 1403
65 5476
65 305
65 425
65 529
65 2011
65 319
66 3700
66 117
66 3701
67 6272
67 2689
67 7685
67 833
67 1422
67 1424
67 657
67 1426
67 1171
67 6682
67 542
67 3232
67 6308
67 5541
67 2470
67 1448
67 297
67 2452
67 685
67 686
67 2269
67 5680
67 566
67 1976
67 863
67 7741
67 2474
67 3360
67 865
67 2376
67 841
67 1994
67 503
67 1868
67 3661
67 3662
67 504
67 4946
67 6867
67 5501
67 345
67 346
67 1627
67 5085
67 5343
67 5344
67 864
67 869
67 870
67 2961
67 4971
67 3949
67 2450
67 5053
67 2451
67 1269
67 9079
67 1272
67 1172
67 1403
67 7037
67 2453
68 2176
68 1889
68 1890
68 2603
68 101
68 1030
68 1609
68 1323
68 525
68 7630
68 8845
68 2599
68 1010
68 628
68 935
68 2598
68 5757
68 6310
69 1028
69 70
69 1128
69 1129
69 147
69 1715
69 2583
69 123
70 224
70 935
70 1809
70 3827
70 6740
70 6137
71 7077
71 72
71 3949
71 8008
71 1494
71 2039
71 5434
71 5435
71 5436
71 5437
72 543
72 4133
72 3399
72 567
72 4972
72 1358
72 3312
72 1361
72 7475
72 529
72 3161
72 6487
72 6488
72 5556
72 4826
72 4699
72 506
72 8391
72 4799
73 359
73 649
73 74
73 331
73 281
73 635
73 6218
76 1920
76 2690
76 1422
76 3601
76 5010
76 2451
76 2453
76 3480
76 8994
76 796
76 4253
76 1186
76 7972
76 5417
76 147
76 4014
76 4015
76 7344
76 2116
76 75
76 77
76 847
76 848
76 3669
76 3679
76 5988
76 1639
76 1640
76 3185
76 1011
76 1012
76 1013
76 5111
76 2810
76 124
76 7549
77 1667
77 9096
77 2451
77 3601
77 146
77 147
77 4015
77 4253
77 1951
77 1186
77 5417
77 5551
77 7344
77 6193
77 7865
77 1012
77 329
77 75
77 1359
77 3669
77 7772
77 8029
77 478
77 3679
77 2531
77 113
77 114
77 1011
77 1140
77 5111
77 2810
77 7549
78 1473
78 610
78 662
78 103
78 1474
78 175
78 1233
78 211
78 1364
78 3798
78 2551
78 2456
78 79
79 640
79 2305
79 516
79 4972
79 5655
79 1959
79 9772
79 2733
79 4271
79 310
79 440
79 1211
79 5944
79 3037
79 1639
79 108
79 2546
79 117
79 118
79 2551
79 632
79 633
80 5003
80 6156
80 1293
80 406
80 1687
80 380
80 3101
80 543
80 1315
80 164
80 1573
80 1706
80 2093
80 1199
80 99
80 1201
80 308
80 4919
80 2488
80 1209
80 4154
80 571
80 966
80 6215
80 1352
80 6478
80 81
80 4771
80 86
80 3675
80 2653
80 94
80 1957
80 483
80 612
80 742
80 3665
80 361
80 6636
80 2415
80 4466
80 2643
80 7157
80 630
80 8571
80 124
80 381
80 5375
81 2403
81 5003
81 2093
81 124
81 8031
82 2758
82 1609
82 588
82 1010
82 83
82 3305
82 6205
83 6267
83 3077
83 615
83 7656
83 1609
83 1010
83 6158
83 595
83 6390
83 6391
83 7611
83 284
83 4894
84 6274
84 103
84 143
84 1521
84 4466
84 85
84 1565
85 7456
85 353
85 100
85 453
85 741
85 161
85 7019
85 3202
85 9565
85 8851
85 8053
85 9015
85 6488
85 4124
85 773
86 2056
86 87
86 3695
86 1206
86 3523
86 332
86 595
86 727
86 88
86 3675
86 5600
86 234
86 366
86 367
86 2809
86 2554
86 380
87 5600
87 6146
87 4771
87 613
87 614
87 2056
87 2158
87 2760
87 9586
87 6547
87 6548
87 2958
87 1880
87 88
87 2554
87 4829
88 130
88 773
88 2056
88 7951
88 5785
88 1689
88 154
88 1820
88 3675
88 1199
88 310
88 3523
88 1206
88 6215
88 3275
88 332
88 205
88 4124
88 4559
88 611
88 596
88 3676
88 483
88 613
88 361
88 234
88 6635
88 6636
88 2157
88 2158
88 2415
88 595
88 169
88 5113
88 2554
88 380
88 638
89 708
89 137
89 138
89 6667
89 6668
89 8750
89 6074
89 1809
89 4468
89 707
89 139
89 567
89 7092
89 2265
89 91
89 90
89 2263
90 5280
90 5281
90 91
90 529
90 1388
90 3306
90 1995
90 2668
90 5620
90 532
90 765
90 2065
90 2996
90 2921
90 2074
90 2011
90 1468
90 1309
92 224
92 3231
92 712
92 233
92 8362
92 4043
92 460
92 7022
92 8497
92 242
92 9001
92 120
92 601
92 119
92 8392
92 2588
92 1320
93 95
93 61
93 94
93 149
94 194
94 5955
94 612
94 2373
94 626
94 310
94 251
94 61
94 95
95 228
95 229
95 361
95 1292
95 664
95 61
95 549
96 152
96 97
96 98
96 172
96 3736
97 98
97 5669
97 1833
97 176
97 379
98 5447
98 234
98 683
98 9550
98 1266
98 980
98 3726
98 1590
98 632
98 1589
99 299
99 646
99 908
99 6551
99 4761
99 158
99 415
99 1699
99 164
99 326
99 2601
99 1932
99 2603
99 2093
99 175
99 308
99 7349
99 310
99 4919
99 825
99 826
99 3521
99 1606
99 4550
99 6156
99 1994
99 6478
99 335
99 1616
99 4771
99 1209
99 1957
99 100
99 1465
99 615
99 2414
99 880
99 627
99 628
99 8571
99 637
99 638
100 5376
100 129
100 3971
100 1672
100 7945
100 2316
100 5264
100 274
100 1939
100 8597
100 2180
100 1820
100 287
100 161
100 1573
100 8742
100 1009
100 4353
100 1454
100 2480
100 440
100 570
100 187
100 6592
100 5003
100 966
100 204
100 74
100 3275
100 2124
100 205
100 156
100 5197
100 3666
100 483
100 4124
100 8800
100 353
100 742
100 361
100 2412
100 466
100 206
100 630
100 169
100 6138
100 2898
100 722
101 5757
101 2437
101 102
101 2343
101 6793
101 2603
101 974
101 3759
101 628
101 3453
101 6310
102 516
102 105
102 458
102 3854
102 3921
102 7122
102 181
102 2456
102 921
102 1275
102 1276
102 8511
103 256
103 257
103 143
103 8985
103 640
103 2480
103 6193
103 3252
103 825
103 826
103 827
103 7120
103 1364
103 612
103 2010
103 356
103 104
103 507
103 3453
103 255
104 832
104 833
104 2550
104 329
104 2643
104 2721
104 1820
105 6786
105 8328
105 7042
105 7825
105 274
105 8467
105 8468
105 4245
105 8470
105 2456
105 1818
105 6043
105 5408
105 5853
105 6842
105 9135
105 1457
105 1850
105 6843
105 4927
105 7617
105 3783
105 458
105 5837
105 5838
105 9555
105 5852
105 7389
105 9187
105 2921
105 106
105 107
105 5101
105 246
105 6903
105 8469
107 7329
107 1988
107 5846
107 3238
107 5809
107 458
107 108
107 109
107 207
107 7121
107 209
107 181
107 8330
107 6793
107 9124
107 9741
107 8714
107 1662
107 1661
108 288
108 640
108 610
108 611
108 265
108 109
108 2061
108 4242
108 1467
108 2714
108 4459
108 570
108 637
109 7936
109 4961
109 1186
109 6530
109 4014
109 1662
109 1275
109 124
109 7934
109 7935
110 5377
110 386
110 2820
110 1161
110 8722
110 540
110 801
110 2473
110 6703
110 950
110 2363
110 830
110 7892
110 2648
110 3810
110 2925
110 9710
110 111
110 112
110 7154
110 5492
110 3965
110 3966
111 2820
111 1029
111 1030
111 3083
111 3084
111 145
111 534
111 6660
111 800
111 2850
111 2710
111 563
111 316
111 317
111 318
111 1217
111 226
111 5590
111 5591
111 3035
111 3295
111 2913
111 354
111 112
111 372
111 373
111 503
111 504
111 505
111 1149
111 5630
112 801
112 2363
112 2726
112 198
112 487
112 488
112 379
112 652
112 5360
112 8432
112 5362
112 3666
112 437
112 919
112 8431
112 315
112 2555
112 3078
113 4256
113 4258
113 114
113 822
113 823
114 931
114 231
114 2285
114 3416
114 665
114 511
114 478
114 1905
115 736
115 1165
115 8014
115 241
115 659
115 116
115 8437
115 693
115 635
115 245
116 7973
116 6218
116 2091
116 241
116 242
116 659
116 790
116 7673
116 218
116 635
116 4540
116 8504
117 2305
117 6213
117 2790
117 7335
117 194
117 1609
117 6758
117 2414
117 3471
117 118
117 5307
118 640
118 2305
118 194
118 516
118 2661
118 615
118 2375
118 4972
118 2733
118 632
118 5655
118 5944
118 7385
118 4271
119 120
119 460
119 4944
120 8166
120 712
120 3434
120 460
120 305
120 342
120 4200
120 3934
120 3231
121 3840
121 1185
121 1340
121 524
121 525
121 4525
121 5872
121 122
121 283
121 3836
121 1882
121 1406
122 3840
122 899
122 8324
122 261
122 3084
122 154
122 283
122 1185
122 932
122 1455
122 816
122 310
122 624
122 1341
122 9409
122 2116
122 9545
122 7246
122 2005
122 2006
122 3833
122 2403
122 359
122 8426
122 615
122 4078
122 3184
122 7413
122 7414
122 3836
122 3838
123 929
123 1128
123 599
123 3355
123 124
124 7936
124 2050
124 855
124 1677
124 1422
124 145
124 4373
124 662
124 2583
124 3480
124 5020
124 1456
124 1186
124 4645
124 753
124 1193
124 1066
124 6315
124 5552
124 5585
124 565
124 566
124 567
124 3643
124 1340
124 3645
124 1342
124 4928
124 3265
124 1992
124 6178
124 7502
124 2893
124 2427
124 9302
124 9303
124 1242
124 3839
124 5347
124 612
124 7867
124 230
124 9553
124 7912
124 615
124 2690
124 3601
124 3445
124 1661
124 7934
124 7935
125 4103
125 75
125 589
125 1199
125 5661
125 126
126 5760
126 75
126 5839
126 1236
126 3769
126 699
127 128
127 1147
127 1701
127 1702
127 2631
127 1002
127 461
127 2487
127 9691
127 9692
128 771
128 263
128 5897
128 650
128 3595
128 706
128 2062
128 4284
128 9115
128 5533
128 799
128 880
128 1701
128 1702
128 1833
128 177
128 1590
128 5818
128 5819
128 4668
128 5442
128 267
128 8589
128 2768
128 8658
128 5213
128 3808
128 4199
128 4200
128 2620
128 1516
128 240
128 249
128 1018
128 8572
129 130
129 2180
129 898
129 6158
129 1113
129 156
129 543
129 4390
129 4391
129 168
129 1753
129 6196
129 329
129 330
129 4178
129 2648
129 4185
129 4994
129 4590
129 7538
129 169
129 6392
129 7034
129 507
129 5758
130 168
130 169
130 466
130 1199
130 7538
130 1939
130 6196
130 361
130 251
130 222
131 132
131 133
131 134
131 263
131 783
131 6930
131 2198
131 1625
131 665
131 261
131 475
131 5511
131 7340
131 2093
131 1200
131 3382
131 6072
131 5312
131 706
131 326
131 200
131 201
131 7245
131 4814
131 6232
131 6233
131 399
131 1375
131 5088
131 611
131 740
131 359
131 360
131 7404
131 7405
131 1518
131 1392
131 1393
131 7277
131 1918
131 2686
133 132
133 261
133 134
133 520
133 266
133 267
133 783
133 7599
133 5151
133 417
133 1329
133 706
133 200
133 201
133 333
133 6484
133 215
133 2648
133 740
133 6502
133 6503
133 235
133 236
133 237
133 502
134 132
134 5511
134 267
134 783
134 2584
134 665
134 261
134 1200
134 6072
134 415
134 5312
134 706
134 326
134 200
134 201
134 334
134 1625
134 475
134 1375
134 5088
134 611
134 235
134 1649
134 2686
135 194
135 3523
135 1820
135 136
135 3593
135 4810
135 3101
135 866
135 238
135 7951
135 4466
135 8115
135 2166
135 5881
135 8028
135 9661
135 159
136 194
136 483
136 6791
136 3593
136 866
136 5806
136 8915
136 158
136 159
138 139
138 836
138 837
138 5413
139 928
139 836
139 4911
139 6074
139 1642
140 1925
140 2696
140 5514
140 141
140 142
140 143
140 273
140 1811
140 3867
140 1436
140 543
140 1435
140 2342
140 432
140 2098
140 311
140 442
140 7612
140 9795
140 2116
140 2117
140 2887
140 328
140 475
140 220
140 5085
140 742
140 360
140 1512
140 243
140 1397
140 7546
142 4353
142 251
142 741
142 2342
142 328
142 3276
142 141
142 143
142 1928
142 5235
142 7753
142 3867
143 741
143 328
143 7753
143 141
143 1928
143 5235
143 3867
144 7623
144 7624
144 7625
144 5450
144 2542
144 8368
144 145
144 4052
144 2350
144 436
144 7674
144 7645
145 775
145 4376
145 2716
145 2717
145 1193
145 1456
145 566
145 4663
145 4664
145 4665
145 184
145 855
145 216
145 2654
145 225
145 226
145 227
145 1465
145 871
145 495
145 3312
145 498
145 500
145 255
146 147
146 148
147 1128
147 2508
147 75
147 4015
147 2195
147 148
147 2583
147 5551
147 4253
147 478
147 1951
149 61
150 1376
150 579
150 492
150 151
150 172
150 304
150 4631
150 152
150 1151
150 1179
150 1375
151 2082
151 605
151 666
151 1257
151 174
151 918
151 7281
151 562
151 4148
151 5694
151 4662
151 8248
151 8632
151 8250
151 920
151 1146
151 2328
151 5365
152 801
152 1420
152 8651
152 492
152 336
152 344
152 6912
152 172
152 7657
152 1240
152 153
152 9114
152 155
152 154
152 1151
153 9440
153 1121
153 374
153 8037
153 801
153 492
153 1420
153 1313
153 634
153 336
153 344
153 6901
153 1601
153 375
153 4729
153 4730
153 155
153 154
153 1151
154 609
154 546
154 615
154 632
154 7723
154 637
154 752
154 2205
154 310
154 2809
154 155
154 1240
154 816
155 9440
155 801
155 8037
155 1313
155 492
155 1420
155 336
155 344
155 6901
155 374
155 375
155 1151
156 5376
156 2180
156 1820
156 2853
156 4648
156 169
156 7219
156 6196
156 2124
156 205
156 206
156 4178
156 353
156 2412
157 5635
157 4488
157 3595
157 2575
157 2068
157 539
157 540
157 158
157 159
157 160
157 1314
157 291
157 2340
157 2473
157 171
157 8502
157 5947
157 1472
157 1859
157 328
157 3533
157 1871
157 3321
157 1757
157 6366
157 230
157 1513
157 1514
157 1516
157 237
157 1526
157 7273
157 6136
157 8724
158 519
158 265
158 3212
158 1677
158 5776
158 6929
158 6930
158 159
158 160
158 7345
158 310
158 2359
158 6075
158 5408
158 3013
158 4983
158 9809
158 8914
158 1118
158 484
158 754
158 246
158 247
158 767
159 160
159 388
159 1057
159 221
159 6868
159 4345
159 2488
159 7620
159 8453
160 265
160 267
160 5900
160 8974
160 8975
160 1518
160 662
160 5231
160 2973
160 798
160 4267
160 944
160 5817
160 832
160 833
160 2031
160 268
160 221
160 609
160 6630
160 7400
160 7401
160 490
160 491
160 877
160 4590
160 4591
160 246
160 247
160 7402
160 2302
160 639
161 798
161 741
161 742
161 1928
161 269
161 637
161 2205
161 4734
162 163
163 661
163 1017
163 1016
163 5849
163 8789
164 290
164 452
164 165
164 870
164 4684
164 630
164 8428
164 2093
164 238
164 483
164 3665
164 5027
164 662
164 2488
164 6916
164 381
164 5026
165 3554
165 8007
165 361
165 202
165 1522
165 7155
165 452
165 1565
165 2718
166 167
166 1900
166 6189
166 526
166 527
166 528
166 5106
209 74
210 63
264 74
269 74
329 75
331 74
335 63
360 74
74 640
74 8736
74 4260
74 4358
74 6278
74 1959
74 649
74 3181
74 7088
74 804
74 3945
74 9371
75 5760
75 2960
75 3601
75 2451
75 4253
75 1186
75 5417
75 7344
75 6193
75 3769
75 1340
75 1012
75 1342
75 2116
75 3575
75 1359
75 6608
75 1874
75 1876
75 3669
75 1880
75 5839
75 8029
75 3679
75 6625
75 2531
75 1639
75 1011
75 1140
75 5111
75 2810
75 7549
529 91
532 91
91 709
91 1468
744 141
754 61
796 61
808 61
847 63
172 61
9291 63
1267 63
1273 61
1364 63
1473 61
1686 61
61 3072
61 5658
61 3488
61 4922
61 5311
61 2760
61 2000
61 2130
61 7379
61 4825
61 2535
61 4456
61 2675
61 4853
61 5500
61 3071
63 2212
63 3596
63 4113
63 4370
63 2515
63 2357
63 1975
63 3219
63 7931
1928 141
141 7753
141 5235
