1 2
1 3
1 4
1 5
1 1421
1 143
1 2066
1 1428
1 156
1 286
1 166
1 168
1 4272
1 3639
1 699
1 192
1 7617
1 581
1 848
1 118
1 2619
1 1131
1 10477
1 112
1 4086
2 802
2 3
2 4
2 5
2 2406
2 3464
2 10858
2 1131
2 844
2 591
2 803
2 804
2 10859
2 699
2 143
2 1082
3 803
3 4
3 5
3 874
3 802
3 118
3 599
3 344
3 804
3 700
3 862
3 1093
4 1236
4 5
4 1930
4 12
4 8973
4 1170
4 8725
4 3232
4 2217
4 5038
4 3507
4 192
4 2625
4 2626
4 840
4 11086
4 976
4 2899
4 11476
4 6877
4 11748
4 3046
4 492
4 1137
4 468
4 6011
4 255
5 3046
5 3507
5 1236
6 1795
6 1414
6 7
6 136
6 7689
6 1986
6 8334
6 1040
6 21
6 25
6 3079
6 5538
6 37
6 49
6 7686
6 135
6 1580
6 557
6 5896
6 7688
6 51
6 948
6 3125
6 9654
6 3768
6 3769
6 58
6 10942
6 1857
6 6594
6 1987
6 7620
6 1096
6 6218
6 8270
6 208
6 1144
6 5076
6 6869
6 11608
6 9742
6 11739
6 1402
6 8799
6 10192
6 3811
6 102
6 8613
6 5100
6 9838
6 7687
6 3697
6 114
6 8
6 6249
6 2168
6 1145
6 2298
6 2815
7 4359
7 8
7 1547
7 25
7 666
7 155
7 4358
7 1580
7 49
7 11060
7 11061
7 9654
7 2110
7 959
7 192
7 11873
7 1096
7 7758
7 7759
7 208
7 6869
7 5336
7 729
7 11739
7 1205
7 6249
7 9838
7 3697
7 1402
7 4360
7 5119
8 898
8 515
8 655
8 2066
8 533
8 24
8 5923
8 1414
8 2101
8 2619
8 4086
8 207
8 6095
8 721
8 591
8 335
8 3940
8 102
8 118
8 1663
9 5250
9 1283
9 1284
9 10
9 11
9 12
9 13
9 2830
9 17
9 18
9 6531
9 153
9 542
9 4261
9 1710
9 1201
9 1202
9 1587
9 3383
9 3384
9 443
9 7630
9 5075
9 14
9 221
9 5393
9 10601
9 6631
9 375
10 375
10 1541
10 11
10 12
10 13
10 14
10 3480
10 1184
10 2978
10 550
10 551
10 169
10 1071
10 1462
10 75
10 207
10 1883
10 220
10 221
10 8554
10 495
10 6898
10 1271
10 3450
10 1276
11 12
11 13
11 14
11 18
11 542
11 5409
11 2344
11 427
11 687
11 314
11 571
11 4364
11 7638
11 4312
11 605
11 1124
11 234
11 235
11 3444
11 375
11 382
12 6786
12 13
12 14
12 533
12 7958
12 1284
12 10778
12 1311
12 2469
12 1137
12 2472
12 4137
12 443
12 445
12 192
12 395
12 582
12 4180
12 341
12 2400
12 2914
12 1125
12 1126
12 1514
12 3566
12 4136
12 5875
12 3577
12 102
13 14
13 375
14 582
14 1017
14 1018
15 16
15 1785
15 1786
16 9921
16 1371
16 5966
16 654
16 5487
16 5486
16 1785
16 1786
16 3957
17 6273
17 213
17 3333
17 18
17 6163
17 6164
17 542
17 4126
17 3237
17 3631
17 4277
17 1475
17 4548
17 3018
17 2388
17 2517
17 9061
17 9701
17 2156
17 6162
17 367
17 3700
17 375
17 10489
17 1535
17 1125
18 1635
18 68
18 2412
18 2318
18 884
18 22
18 729
18 1273
18 186
18 2036
18 1726
18 7913
19 3587
19 5124
19 4623
19 20
19 21
19 1711
19 1052
19 36
19 551
19 3121
19 56
19 1086
19 3647
19 9379
19 4709
19 8322
19 9352
19 9353
19 9354
19 9355
19 9356
19 9357
19 9358
19 9359
19 9360
19 2705
19 9362
19 9363
19 660
19 9365
19 662
19 9367
19 9368
19 9369
19 4250
19 2715
19 9372
19 9373
19 9374
19 1695
19 9376
19 9377
19 9378
19 7843
19 9380
19 9381
19 9382
19 9383
19 9384
19 9385
19 9386
19 9387
19 9388
19 7342
19 5807
19 6321
19 6322
19 181
19 182
19 3771
19 200
19 201
19 202
19 203
19 1752
19 730
19 8427
19 236
19 769
19 6402
19 8451
19 4891
19 1309
19 2343
19 1862
19 6473
19 1367
19 2918
19 9361
19 7343
19 9364
19 4159
19 1405
19 6020
19 9366
19 4332
19 9370
19 2464
19 1441
19 9371
19 1963
19 1964
19 1466
19 9375
19 4033
19 5539
19 1504
20 4097
20 1963
20 5124
20 4101
20 2566
20 1031
20 6152
20 4618
20 1040
20 529
20 530
20 2580
20 4629
20 3097
20 27
20 4636
20 3613
20 3614
20 3615
20 32
20 8225
20 10274
20 35
20 4102
20 41
20 3114
20 8199
20 2479
20 2095
20 54
20 57
20 819
20 1083
20 4156
20 4669
20 1598
20 1599
20 1600
20 4673
20 1291
20 9284
20 2230
20 5190
20 3395
20 2126
20 2639
20 1903
20 1619
20 3156
20 4693
20 1110
20 90
20 11024
20 2832
20 4709
20 5734
20 2321
20 1130
20 1131
20 4716
20 2157
20 2670
20 1135
20 4720
20 4721
20 4722
20 4723
20 2164
20 1141
20 4726
20 3703
20 4728
20 4729
20 1658
20 123
20 1660
20 4733
20 4734
20 21
20 1664
20 2690
20 4740
20 278
20 10378
20 4887
20 6284
20 10381
20 2702
20 4717
20 4753
20 9362
20 4718
20 3222
20 7193
20 3224
20 1177
20 4719
20 670
20 163
20 1308
20 890
20 1309
20 2504
20 7860
20 4790
20 6328
20 4724
20 2013
20 3771
20 2748
20 2749
20 2750
20 2751
20 1218
20 7878
20 10273
20 7368
20 4727
20 1826
20 208
20 3793
20 3619
20 5275
20 725
20 8918
20 5412
20 1754
20 4559
20 732
20 3805
20 5669
20 4731
20 10981
20 124
20 2343
20 466
20 2286
20 10481
20 755
20 4735
20 252
20 253
20 4350
20 5375
20 7711
20 6402
20 11011
20 11012
20 982
20 11014
20 11015
20 11016
20 11017
20 11018
20 11019
20 11020
20 11021
20 11022
20 11023
20 10512
20 2833
20 2834
20 11027
20 11028
20 1813
20 1302
20 11031
20 11032
20 11033
20 11034
20 11035
20 11036
20 11037
20 11038
20 1823
20 11040
20 4732
20 11042
20 11043
20 11044
20 11045
20 11046
20 7975
20 3368
20 4394
20 9003
20 1839
20 9520
20 817
20 818
20 4915
20 2414
20 11039
20 7993
20 10042
20 5599
20 11041
20 1342
20 4417
20 4930
20 1859
20 6421
20 5446
20 10380
20 10577
20 5459
20 5461
20 11025
20 1862
20 4496
20 4667
20 357
20 358
20 359
20 4456
20 10514
20 876
20 6510
20 1341
20 2416
20 6002
20 2419
20 7940
20 745
20 377
20 11026
20 3963
20 4036
20 9599
20 8066
20 4485
20 2952
20 4492
20 911
20 4725
20 10131
20 2452
20 4501
20 3225
20 2971
20 9117
20 2464
20 2465
20 4514
20 6373
20 4516
20 4730
20 1429
20 4523
20 1964
20 4525
20 4527
20 4123
20 8435
20 4533
20 1974
20 8632
20 1466
20 10688
20 1810
20 4891
20 5026
20 4482
20 1328
20 4561
20 5586
20 11029
20 4565
20 3542
20 3544
20 989
20 990
20 1957
20 8955
20 484
20 485
20 487
20 3836
20 4078
20 10493
20 11047
20 11030
20 11013
20 9839
20 505
20 1534
21 4617
21 4618
21 4620
21 540
21 541
21 4649
21 4650
21 1067
21 4652
21 4653
21 4654
21 2095
21 4656
21 4657
21 4658
21 4659
21 4660
21 4661
21 54
21 4663
21 4664
21 2105
21 58
21 4667
21 4668
21 4669
21 4670
21 4671
21 4672
21 4673
21 4674
21 4675
21 4676
21 4677
21 4678
21 4679
21 72
21 73
21 4682
21 4683
21 4684
21 4685
21 2126
21 1619
21 1620
21 604
21 1117
21 3166
21 2670
21 1136
21 4627
21 121
21 1658
21 6791
21 671
21 166
21 679
21 1715
21 184
21 698
21 2748
21 2749
21 2750
21 2751
21 192
21 208
21 745
21 4628
21 2298
21 42
21 4651
21 2321
21 4655
21 1309
21 1826
21 817
21 10025
21 1328
21 7985
21 1341
21 1342
21 4662
21 326
21 327
21 328
21 7734
21 4665
21 4666
21 3677
21 2416
21 2417
21 3965
21 2952
21 910
21 2452
21 2457
21 2458
21 2971
21 415
21 1453
21 4680
21 4681
21 7620
21 978
21 4686
21 3546
21 475
21 476
21 477
21 5600
21 3554
21 1532
21 1533
21 3582
22 655
22 5139
22 23
22 24
22 288
22 1313
22 8362
22 4150
22 1469
22 6848
22 6083
22 4038
22 2249
22 11595
22 3661
22 341
22 470
22 215
22 352
22 7793
22 2293
22 375
22 1018
22 1147
22 382
23 352
23 1377
23 582
23 1569
23 74
23 76
23 655
23 341
23 24
24 10914
24 9219
24 1668
24 1126
24 1354
24 1773
24 445
24 443
24 341
24 4763
24 1147
24 6461
24 1663
25 133
25 136
25 3593
25 3594
25 3595
25 526
25 2319
25 1040
25 1298
25 11541
25 2053
25 1186
25 35
25 37
25 295
25 135
25 3592
25 56
25 2364
25 1291
25 1095
25 1096
25 6218
25 2251
25 1464
25 1187
25 1030
25 1402
25 7776
25 2320
25 357
25 1414
25 2921
25 9838
25 114
25 1406
25 1143
25 1144
25 2054
25 1659
25 9597
25 1534
26 928
26 27
26 28
26 29
26 30
27 4097
27 1963
27 5124
27 4101
27 2566
27 1031
27 6152
27 4618
27 4620
27 1040
27 529
27 530
27 4629
27 3097
27 4123
27 28
27 29
27 30
27 3615
27 32
27 8225
27 10274
27 35
27 4102
27 3114
27 5127
27 2479
27 2095
27 11014
27 54
27 57
27 982
27 1083
27 4669
27 5182
27 4673
27 1291
27 9284
27 2230
27 5190
27 3395
27 2126
27 2639
27 11856
27 11857
27 2130
27 1619
27 3156
27 1110
27 90
27 4740
27 2832
27 5730
27 4709
27 2321
27 1130
27 4715
27 4716
27 2157
27 2670
27 1135
27 4720
27 2161
27 9842
27 4723
27 9844
27 1141
27 3703
27 1658
27 123
27 1660
27 819
27 4735
27 1664
27 9664
27 2690
27 1131
27 2692
27 10373
27 3948
27 10378
27 4887
27 6284
27 4749
27 2702
27 4751
27 4752
27 4753
27 4754
27 4755
27 2414
27 3222
27 7193
27 3224
27 1177
27 5275
27 669
27 670
27 671
27 9840
27 278
27 163
27 3236
27 9841
27 4636
27 683
27 3613
27 9843
27 7860
27 3614
27 4790
27 6328
27 3771
27 2748
27 2749
27 2750
27 2751
27 1218
27 7877
27 7878
27 10273
27 7368
27 2763
27 1826
27 208
27 3793
27 3619
27 725
27 8918
27 2775
27 2776
27 5412
27 1754
27 4559
27 732
27 3805
27 5669
27 6373
27 124
27 2343
27 466
27 2286
27 9845
27 10481
27 8435
27 3844
27 11373
27 9465
27 8955
27 3836
27 253
27 4350
27 5375
27 7711
27 6402
27 11011
27 11012
27 2774
27 3334
27 11015
27 11016
27 11017
27 11018
27 11019
27 11020
27 11021
27 11022
27 11023
27 10512
27 2833
27 11026
27 11027
27 11028
27 10517
27 1302
27 11031
27 11032
27 11033
27 11034
27 11035
27 11036
27 11037
27 11038
27 1823
27 11040
27 11041
27 11042
27 11043
27 11044
27 11045
27 11046
27 7975
27 3368
27 4394
27 9003
27 2013
27 9520
27 817
27 818
27 4915
27 990
27 11039
27 7993
27 10042
27 5599
27 1341
27 1342
27 4930
27 1859
27 6421
27 5446
27 10380
27 4614
27 10381
27 10577
27 5459
27 4750
27 7940
27 2105
27 11025
27 10981
27 2464
27 11323
27 357
27 358
27 359
27 10514
27 5996
27 9362
27 6510
27 1903
27 2416
27 6002
27 2419
27 1308
27 745
27 377
27 890
27 3963
27 4036
27 9599
27 8683
27 4667
27 8066
27 4650
27 1813
27 2952
27 3866
27 911
27 10131
27 1309
27 1941
27 1942
27 3225
27 2457
27 1940
27 2971
27 2458
27 928
27 2465
27 5026
27 4515
27 1862
27 8169
27 1429
27 2452
27 4523
27 1964
27 4525
27 4014
27 4527
27 9117
27 3049
27 4533
27 1974
27 8632
27 3572
27 1466
27 1902
27 9662
27 9663
27 10688
27 9665
27 1810
27 3544
27 4891
27 1328
27 4560
27 4561
27 5586
27 11029
27 4565
27 3542
27 8199
27 9807
27 11024
27 989
27 2014
27 1957
27 1505
27 3554
27 3555
27 484
27 485
27 11372
27 487
27 252
27 3239
27 4078
27 10493
27 2693
27 11047
27 11030
27 11013
27 3573
27 9839
27 505
27 2834
27 1534
27 5461
28 928
28 29
28 30
29 928
29 7053
29 30
30 5124
30 1030
30 5127
30 3080
30 1040
30 1049
30 35
30 4650
30 6152
30 56
30 2105
30 11323
30 66
30 5730
30 9807
30 11856
30 11857
30 1107
30 1108
30 3165
30 2656
30 2658
30 4715
30 11372
30 11373
30 2670
30 9839
30 9840
30 9841
30 9842
30 9843
30 9844
30 9845
30 3703
30 122
30 1659
30 1660
30 2693
30 1159
30 4716
30 4749
30 4750
30 4751
30 4752
30 4753
30 4754
30 4755
30 660
30 3222
30 3224
30 1050
30 670
30 1186
30 3239
30 683
30 693
30 4790
30 2748
30 2749
30 2750
30 2751
30 706
30 707
30 7877
30 5832
30 2763
30 2774
30 2776
30 1658
30 9465
30 3844
30 3334
30 1291
30 2316
30 3341
30 2321
30 10517
30 1302
30 3866
30 1308
30 10373
30 5413
30 2343
30 817
30 818
30 359
30 5996
30 1902
30 3442
30 1429
30 2161
30 4490
30 1940
30 1941
30 1942
30 2457
30 1434
30 2458
30 928
30 5026
30 4515
30 4008
30 4525
30 4014
30 4016
30 5562
30 5563
30 5564
30 9662
30 9663
30 9664
30 2464
30 9665
30 5539
30 203
30 472
30 989
30 2014
30 1141
30 1505
30 3554
30 4070
30 8169
30 8683
30 6129
30 6130
30 6131
30 6132
30 6133
30 6134
30 6135
30 6136
30 6137
30 6138
31 3072
31 2054
31 4629
31 32
31 8225
31 35
31 1030
31 7723
31 7212
31 947
31 2106
31 4159
31 65
31 8258
31 579
31 580
31 581
31 609
31 9289
31 2126
31 9297
31 3162
31 3165
31 96
31 1633
31 100
31 4709
31 6764
31 114
31 4726
31 2168
31 9852
31 9853
31 2691
31 138
31 11922
31 662
31 156
31 674
31 3747
31 680
31 7342
31 6321
31 1715
31 3771
31 2240
31 7368
31 713
31 1232
31 2769
31 5335
31 2776
31 4836
31 5868
31 5360
31 8945
31 8946
31 250
31 253
31 4364
31 282
31 5412
31 293
31 294
31 2343
31 808
31 391
31 1328
31 819
31 1341
31 8510
31 1345
31 1346
31 1859
31 1862
31 1368
31 5979
31 352
31 365
31 1903
31 1916
31 1406
31 1407
31 8066
31 5270
31 390
31 1415
31 1428
31 415
31 2464
31 932
31 1957
31 8622
31 1457
31 11186
31 11187
31 4023
31 1464
31 1466
31 9631
31 9632
31 3522
31 2014
31 10720
31 485
31 9193
31 3562
31 492
31 493
31 494
31 8689
31 1524
31 1525
31 2039
31 505
31 1534
31 6143
32 4097
32 4101
32 4102
32 8199
32 6152
32 819
32 8225
32 10274
32 35
32 10246
32 2095
32 54
32 57
32 2106
32 8258
32 2126
32 2128
32 90
32 96
32 100
32 2157
32 2161
32 124
32 138
32 6284
32 10381
32 2414
32 3097
32 163
32 4270
32 2230
32 6328
32 10273
32 202
32 203
32 208
32 6373
32 8423
32 2286
32 10481
32 8435
32 247
32 1407
32 252
32 10493
32 4350
32 6402
32 10512
32 2776
32 10514
32 6421
32 278
32 282
32 2343
32 2345
32 4394
32 4417
32 4418
32 4419
32 4420
32 4422
32 4424
32 10577
32 2387
32 357
32 358
32 359
32 6510
32 2416
32 2419
32 377
32 390
32 391
32 2443
32 2452
32 415
32 2464
32 2465
32 4523
32 4525
32 2479
32 435
32 4533
32 8632
32 10688
32 4557
32 4558
32 4559
32 2512
32 4561
32 466
32 4563
32 4564
32 4565
32 4566
32 4567
32 4568
32 4569
32 484
32 485
32 487
32 493
32 494
32 505
32 2566
32 4618
32 529
32 530
32 4629
32 4527
32 4636
32 4667
32 4669
32 4673
32 581
32 2639
32 11024
32 611
32 4709
32 2833
32 4716
32 11026
32 2670
32 4723
32 4735
32 2690
32 4740
32 4887
32 2702
32 4753
32 670
32 673
32 674
32 4891
32 4786
32 4790
32 2748
32 713
32 4812
32 725
32 8918
32 8920
32 732
32 8928
32 4560
32 4836
32 10981
32 745
32 4562
32 8945
32 8946
32 11002
32 8955
32 11010
32 11011
32 11012
32 11013
32 11014
32 11015
32 11016
32 11017
32 11018
32 11019
32 11020
32 11021
32 11022
32 11023
32 2832
32 11025
32 2834
32 11027
32 11028
32 11029
32 11030
32 11031
32 11032
32 11033
32 11034
32 11035
32 11036
32 11037
32 11038
32 11039
32 11040
32 11041
32 11042
32 11043
32 11044
32 11045
32 11046
32 11047
32 9003
32 817
32 4915
32 10378
32 4930
32 10380
32 866
32 890
32 2952
32 911
32 3225
32 2971
32 9117
32 5024
32 5026
32 932
32 934
32 4123
32 947
32 982
32 989
32 990
32 11233
32 11234
32 11235
32 11236
32 11237
32 11238
32 11239
32 11240
32 11241
32 11242
32 11243
32 11244
32 11245
32 11246
32 11247
32 11248
32 11249
32 11250
32 11251
32 11252
32 11253
32 11254
32 11255
32 11256
32 3065
32 11258
32 3072
32 5124
32 1031
32 1040
32 7193
32 3114
32 1076
32 1077
32 1083
32 9284
32 5190
32 9289
32 7250
32 3156
32 1110
32 1130
32 1131
32 1135
32 1141
32 9362
32 3224
32 1177
32 5275
32 3236
32 3239
32 7711
32 1218
32 7368
32 5335
32 9440
32 5347
32 5364
32 5375
32 3338
32 1291
32 1292
32 1302
32 1308
32 1309
32 5412
32 3368
32 1328
32 1341
32 1342
32 1346
32 3395
32 5446
32 5459
32 5461
32 9576
32 9577
32 1406
32 9599
32 3462
32 3463
32 9631
32 9632
32 1464
32 1466
32 4343
32 5586
32 3542
32 3544
32 5599
32 3554
32 3561
32 253
32 5618
32 1524
32 1534
32 3584
32 1544
32 3613
32 3614
32 3615
32 3619
32 5669
32 7723
32 4023
32 1619
32 9839
32 3703
32 1658
32 1660
32 1664
32 1708
32 7860
32 3771
32 7870
32 7878
32 3793
32 1754
32 3805
32 5868
32 3836
32 7940
32 1810
32 1813
32 1823
32 9520
32 1826
32 7975
32 7993
32 10042
32 5947
32 1859
32 1862
32 1902
32 1903
32 6002
32 8055
32 3963
32 1916
32 8066
32 10131
32 1941
32 1957
32 1962
32 1963
32 1964
32 4014
32 1974
32 1975
32 4036
32 6097
32 11257
32 2013
32 2014
32 4078
32 4091
8225 35
8225 278
8225 252
8225 138
8225 203
8225 208
8225 163
8225 54
8225 57
8225 90
8225 124
8225 253
34 748
34 2316
34 4365
34 1934
34 3544
34 662
34 3545
34 1050
34 33
34 35
34 36
34 5549
34 1715
34 9399
34 56
34 1468
34 475
34 1346
34 5699
34 55
34 76
34 5539
34 3543
34 706
34 1369
34 3546
34 3547
34 3548
34 3549
34 3550
34 6500
34 6501
34 6502
34 6503
34 6504
34 6505
34 492
34 6897
34 253
35 4097
35 4101
35 4102
35 8199
35 6152
35 33
35 36
35 2095
35 53
35 54
35 55
35 56
35 57
35 65
35 66
35 67
35 74
35 76
35 2126
35 80
35 90
35 6501
35 6502
35 6503
35 2157
35 122
35 124
35 819
35 10378
35 6284
35 10381
35 2414
35 3097
35 163
35 2230
35 2231
35 6328
35 2234
35 2237
35 4297
35 203
35 10274
35 208
35 6373
35 8427
35 236
35 2286
35 10481
35 242
35 243
35 252
35 10493
35 4350
35 6402
35 2309
35 2316
35 10512
35 10514
35 6421
35 278
35 2343
35 4394
35 319
35 326
35 336
35 10577
35 10583
35 6500
35 357
35 358
35 359
35 6504
35 6505
35 6510
35 2416
35 2419
35 377
35 2452
35 415
35 2464
35 2465
35 2469
35 2473
35 4523
35 4525
35 2479
35 4533
35 8632
35 441
35 10683
35 4544
35 4559
35 4561
35 466
35 4565
35 476
35 477
35 484
35 485
35 487
35 492
35 505
35 2566
35 4618
35 529
35 530
35 4629
35 4527
35 4636
35 4667
35 4669
35 4673
35 581
35 4680
35 587
35 2639
35 605
35 8800
35 11024
35 4709
35 2833
35 1468
35 4716
35 2834
35 2670
35 4723
35 1130
35 4735
35 10688
35 2690
35 2691
35 4740
35 11031
35 8844
35 2702
35 4753
35 662
35 670
35 4891
35 4790
35 2748
35 702
35 706
35 725
35 8918
35 729
35 732
35 10981
35 742
35 745
35 8955
35 11011
35 11012
35 11013
35 11014
35 11015
35 11016
35 11017
35 11018
35 11019
35 11020
35 11021
35 11022
35 11023
35 2832
35 11025
35 11026
35 11027
35 11028
35 11029
35 11030
35 4887
35 11032
35 11033
35 11034
35 11035
35 11036
35 11037
35 11038
35 11039
35 11040
35 11041
35 11042
35 11043
35 11044
35 11045
35 11046
35 11047
35 9003
35 817
35 4915
35 4930
35 10380
35 2920
35 890
35 2952
35 911
35 3225
35 2971
35 9117
35 5026
35 5033
35 4123
35 958
35 1186
35 5076
35 982
35 989
35 990
35 1010
35 8558
35 1466
35 1024
35 5124
35 1030
35 1031
35 1040
35 7193
35 1050
35 3114
35 9271
35 1083
35 1085
35 5182
35 9284
35 5190
35 3156
35 1110
35 5212
35 3165
35 3178
35 1131
35 1135
35 1141
35 10773
35 1159
35 5260
35 9362
35 3224
35 1177
35 5275
35 9378
35 1187
35 7711
35 1218
35 7368
35 7383
35 5375
35 1291
35 1302
35 3355
35 1308
35 1309
35 5412
35 10273
35 3368
35 1328
35 1341
35 1342
35 1346
35 3395
35 5446
35 5459
35 5461
35 1367
35 1387
35 1388
35 11631
35 9599
35 577
35 1428
35 5539
35 5543
35 1453
35 8435
35 5562
35 5563
35 5564
35 5586
35 3542
35 3543
35 3544
35 3545
35 3546
35 3547
35 3548
35 3549
35 3550
35 5599
35 253
35 1534
35 3592
35 3593
35 3594
35 3595
35 3613
35 3614
35 3615
35 3619
35 5669
35 9774
35 608
35 5699
35 11844
35 3653
35 1619
35 5726
35 9839
35 5747
35 3703
35 1658
35 1659
35 1660
35 1664
35 3758
35 1715
35 7860
35 3771
35 7878
35 9934
35 3793
35 5846
35 1754
35 3805
35 7910
35 3836
35 7939
35 7940
35 1799
35 1810
35 1813
35 5910
35 1823
35 9520
35 1826
35 7975
35 7993
35 10042
35 1859
35 1862
35 3920
35 1903
35 6002
35 3963
35 8066
35 10131
35 1957
35 4008
35 1963
35 1964
35 4016
35 1974
35 4036
35 2013
35 4078
35 6142
36 33
36 9638
36 2918
36 989
36 7149
36 7885
36 1012
36 4891
36 412
36 1981
36 1982
37 224
37 1095
37 1414
37 38
37 231
37 232
37 295
37 526
37 1927
37 325
38 576
38 692
38 693
38 694
38 284
38 2814
39 675
39 612
39 3590
39 40
39 4425
39 5994
39 793
39 5965
39 11534
39 2127
39 1138
39 1139
39 1140
39 950
39 503
39 2500
39 6299
39 3292
39 9805
40 1351
40 681
40 1258
40 1195
40 1725
40 2641
40 786
40 787
40 949
40 950
40 2935
40 1912
40 4029
40 1726
40 2303
41 4101
41 1030
41 1281
41 4618
41 529
41 530
41 1049
41 2586
41 2587
41 1052
41 2595
41 42
41 6408
41 9270
41 1079
41 56
41 4156
41 1092
41 1096
41 2128
41 2129
41 2130
41 4693
41 1113
41 4698
41 8797
41 2656
41 2657
41 1122
41 3771
41 4709
41 1638
41 5137
41 4717
41 4718
41 4719
41 4720
41 4721
41 4722
41 4723
41 4724
41 4725
41 4726
41 4727
41 4728
41 4729
41 4730
41 4731
41 4732
41 4733
41 4734
41 4735
41 1664
41 660
41 2670
41 5272
41 4250
41 3747
41 3236
41 2215
41 1138
41 174
41 1309
41 7344
41 6321
41 7867
41 3793
41 2260
41 6298
41 732
41 733
41 123
41 1660
41 8427
41 755
41 126
41 9465
41 9466
41 9467
41 3836
41 9469
41 9470
41 9471
41 9472
41 9473
41 9474
41 9475
41 9476
41 9477
41 9478
41 9479
41 9480
41 9481
41 6410
41 6411
41 6412
41 6413
41 6414
41 5392
41 1810
41 7470
41 1302
41 4887
41 1308
41 3869
41 4485
41 1826
41 292
41 4903
41 3036
41 811
41 812
41 9006
41 817
41 818
41 819
41 2876
41 4417
41 1859
41 1862
41 2376
41 1880
41 1375
41 4456
41 2580
41 876
41 376
41 2452
41 2430
41 9599
41 9600
41 9601
41 9602
41 9603
41 9604
41 9605
41 9606
41 2952
41 4492
41 4496
41 4500
41 4501
41 68
41 9370
41 1441
41 4992
41 419
41 420
41 934
41 936
41 5033
41 942
41 2479
41 3512
41 953
41 954
41 1468
41 2465
41 458
41 4514
41 4482
41 4515
41 4567
41 4516
41 6409
41 989
41 8159
41 1504
41 993
41 994
41 484
41 485
41 487
41 4176
41 9468
41 1329
41 5012
42 2373
42 4617
42 4618
42 4620
42 4627
42 1556
42 1562
42 1052
42 6692
42 4650
42 4651
42 1580
42 4653
42 4654
42 2095
42 4656
42 4657
42 4658
42 4659
42 4660
42 53
42 4662
42 4663
42 4664
42 2105
42 4666
42 4667
42 4668
42 4669
42 4670
42 4671
42 4672
42 65
42 4674
42 2627
42 4676
42 581
42 4678
42 4679
42 4680
42 4681
42 4682
42 4683
42 4684
42 4685
42 2126
42 591
42 1619
42 1620
42 90
42 604
42 3677
42 4665
42 2659
42 102
42 2748
42 2670
42 4207
42 1136
42 10868
42 4628
42 1658
42 533
42 2691
42 8329
42 8336
42 158
42 671
42 679
42 3249
42 181
42 182
42 184
42 1212
42 2749
42 2750
42 2751
42 5827
42 203
42 208
42 121
42 745
42 751
42 4649
42 253
42 4652
42 784
42 2321
42 2325
42 282
42 4655
42 1309
42 1826
42 1328
42 817
42 8507
42 1341
42 1342
42 4661
42 1345
42 54
42 326
42 328
42 9273
42 2398
42 6506
42 1903
42 2416
42 2417
42 11122
42 11123
42 3965
42 4673
42 2952
42 4675
42 2452
42 2457
42 2458
42 2971
42 4677
42 4008
42 1453
42 415
42 978
42 4686
42 471
42 3546
42 475
42 476
42 477
42 3554
42 488
42 1532
42 1533
42 3582
8199 278
8199 252
8199 208
8199 163
8199 54
8199 57
8199 90
8199 124
8199 253
44 43
44 45
44 46
45 7969
45 43
45 46
46 43
47 48
48 258
48 136
48 1290
48 1683
48 2058
48 450
48 11469
48 9554
48 343
48 344
48 8285
48 8808
48 8809
48 8810
48 8811
48 8812
48 8813
48 8814
48 3190
48 3447
48 874
49 256
49 192
49 130
49 1541
49 1938
49 1580
49 50
49 3635
49 960
49 3010
49 1349
49 7759
49 208
49 3413
49 746
49 9838
49 112
49 118
49 4856
49 10745
49 3450
51 604
51 6179
51 3089
51 2309
51 11879
51 1500
51 3899
51 7600
51 10225
51 3090
51 3091
51 52
51 531
51 4984
51 58
51 10939
51 8380
51 698
52 8322
52 2309
52 2694
52 2442
52 6287
52 9104
52 6289
52 404
52 1813
52 10776
52 68
52 282
52 2415
52 7964
52 3359
52 416
52 161
52 5539
52 4004
52 167
52 4572
52 557
52 942
52 1328
52 8786
52 2414
52 184
52 1341
52 3391
52 192
52 579
52 8772
52 3653
52 1862
52 6220
52 2126
52 208
52 2002
52 89
52 3036
52 480
52 4709
52 9105
52 3049
52 5227
52 9068
52 9069
52 9070
52 9071
52 9072
52 9073
52 9074
52 638
52 2452
52 634
52 1500
52 2430
52 4735
53 1030
53 1031
53 1040
53 1556
53 533
53 1052
53 3615
53 33
53 6692
53 8229
53 3249
53 581
53 54
53 55
53 9273
53 65
53 66
53 67
53 3653
53 2119
53 4680
53 587
53 2638
53 591
53 6736
53 90
53 604
53 102
53 4718
53 121
53 2691
53 8336
53 8337
53 660
53 661
53 662
53 156
53 158
53 679
53 8874
53 177
53 181
53 182
53 3771
53 702
53 5827
53 203
53 11990
53 751
53 242
53 5367
53 253
53 5378
53 2309
53 270
53 282
53 3356
53 391
53 1328
53 8507
53 1342
53 1345
53 1348
53 2373
53 328
53 2398
53 1896
53 6506
53 1387
53 1903
53 6020
53 1927
53 8258
53 2969
53 3485
53 415
53 2469
53 4008
53 427
53 5448
53 948
53 3061
53 459
53 8656
53 5076
53 471
53 488
53 501
53 509
54 4097
54 4101
54 4102
54 6152
54 819
54 33
54 10274
54 2095
54 55
54 57
54 2113
54 2126
54 2128
54 2129
54 90
54 2157
54 121
54 124
54 10378
54 6284
54 10381
54 2414
54 3097
54 163
54 177
54 2230
54 6328
54 208
54 6373
54 2286
54 10481
54 8435
54 252
54 10493
54 4350
54 6402
54 10512
54 2321
54 10514
54 6421
54 278
54 6436
54 2343
54 4394
54 326
54 328
54 10577
54 2105
54 357
54 358
54 359
54 6510
54 2416
54 2417
54 2419
54 377
54 2452
54 2457
54 2458
54 415
54 2464
54 2465
54 4523
54 4525
54 2479
54 4533
54 8632
54 10688
54 4559
54 4561
54 466
54 4565
54 475
54 476
54 477
54 484
54 485
54 487
54 505
54 2555
54 2566
54 10760
54 4617
54 4618
54 4620
54 529
54 530
54 4627
54 4628
54 4629
54 4527
54 4636
54 4649
54 4650
54 4651
54 4652
54 4653
54 4654
54 4655
54 4656
54 4657
54 4658
54 4659
54 4660
54 4661
54 4662
54 4663
54 4664
54 4665
54 4666
54 4667
54 4668
54 4669
54 4670
54 4671
54 4672
54 4673
54 4674
54 4675
54 4676
54 4677
54 4678
54 4679
54 4680
54 4681
54 4682
54 4683
54 4684
54 4685
54 4686
54 2639
54 2832
54 4709
54 11025
54 4716
54 11026
54 2670
54 4723
54 4735
54 2690
54 4740
54 4887
54 2702
54 4753
54 670
54 671
54 4891
54 8870
54 679
54 4790
54 2748
54 2749
54 2750
54 2751
54 713
54 714
54 725
54 8918
54 732
54 10981
54 745
54 2795
54 8955
54 11011
54 11012
54 11013
54 11014
54 11015
54 11016
54 11017
54 11018
54 11019
54 11020
54 11021
54 11022
54 11023
54 11024
54 2833
54 2834
54 11027
54 11028
54 11029
54 11030
54 11031
54 11032
54 11033
54 11034
54 11035
54 11036
54 11037
54 11038
54 11039
54 11040
54 11041
54 11042
54 11043
54 11044
54 11045
54 11046
54 11047
54 9003
54 817
54 2866
54 4915
54 4930
54 10380
54 846
54 847
54 852
54 890
54 2952
54 911
54 3225
54 2971
54 9117
54 5026
54 933
54 934
54 936
54 4123
54 948
54 978
54 982
54 989
54 990
54 5107
54 1534
54 5124
54 1031
54 1040
54 7193
54 3114
54 1083
54 1090
54 9284
54 5190
54 184
54 3156
54 1110
54 1130
54 1131
54 1135
54 1136
54 1141
54 9362
54 3224
54 1177
54 5275
54 1199
54 3615
54 1218
54 7368
54 1232
54 5375
54 1291
54 1302
54 1308
54 1309
54 5412
54 10273
54 3368
54 5418
54 5419
54 9520
54 7479
54 1341
54 1342
54 3395
54 5446
54 5459
54 5461
54 7517
54 1375
54 9599
54 1453
54 1466
54 5586
54 3542
54 3544
54 3546
54 5599
54 3554
54 3561
54 253
54 1532
54 1533
54 3582
54 3613
54 3614
54 7711
54 3619
54 5669
54 9804
54 1619
54 1620
54 3677
54 9839
54 1653
54 3703
54 1656
54 1658
54 1660
54 1664
54 7860
54 3771
54 5820
54 7878
54 7883
54 3793
54 1754
54 3805
54 3836
54 7940
54 1804
54 1810
54 1813
54 1823
54 1328
54 1826
54 7975
54 7993
54 10042
54 1859
54 1862
54 1902
54 1903
54 6002
54 3963
54 3965
54 8066
54 10131
54 1957
54 1963
54 1964
54 1974
54 4036
54 1567
54 2013
54 4078
54 10229
55 480
55 33
55 1030
55 1927
55 1388
55 4365
55 270
55 509
55 1187
55 948
55 889
55 475
55 1405
55 319
56 3587
56 5124
56 1030
56 769
56 3592
56 3593
56 3594
56 3595
56 1040
56 529
56 530
56 1556
56 174
56 3097
56 1050
56 3759
56 1052
56 4016
56 551
56 8797
56 10296
56 57
56 1086
56 4159
56 608
56 66
56 5699
56 11844
56 9379
56 1463
56 76
56 3341
56 1106
56 3165
56 1893
56 2656
56 1367
56 5563
56 4709
56 1638
56 2151
56 1468
56 5747
56 1141
56 122
56 1659
56 1660
56 126
56 1664
56 7586
56 1159
56 9352
56 9353
56 9354
56 9355
56 9868
56 9357
56 9358
56 9359
56 9360
56 9361
56 9362
56 9363
56 660
56 9365
56 662
56 5272
56 9369
56 4250
56 9371
56 9372
56 9373
56 9374
56 1695
56 9376
56 9377
56 1186
56 7843
56 9380
56 9381
56 9382
56 9383
56 9384
56 9385
56 9386
56 9387
56 9388
56 7342
56 5807
56 6321
56 6322
56 1715
56 3771
56 7357
56 706
56 203
56 1740
56 9934
56 2595
56 730
56 5355
56 236
56 1264
56 9465
56 9466
56 9467
56 9468
56 9469
56 9470
56 9471
56 9472
56 1281
56 9474
56 8451
56 9476
56 9477
56 9478
56 9479
56 9480
56 9481
56 1291
56 2316
56 5901
56 270
56 11537
56 11034
56 1308
56 1309
56 1826
56 11556
56 2343
56 296
56 4908
56 7470
56 2876
56 1346
56 2443
56 1862
56 8844
56 9473
56 4153
56 6500
56 6501
56 6502
56 6503
56 6504
56 6505
56 7343
56 5182
56 8169
56 376
56 9364
56 1405
56 9600
56 5539
56 8427
56 6020
56 9366
56 9475
56 4332
56 9367
56 1090
56 9368
56 9356
56 2452
56 7579
56 9370
56 7582
56 2464
56 1441
56 5026
56 4515
56 8100
56 5543
56 5033
56 1963
56 1964
56 9647
56 9648
56 9649
56 9650
56 9651
56 9652
56 9653
56 6473
56 1464
56 953
56 5562
56 10683
56 5564
56 9375
56 9378
56 1187
56 1504
56 7137
56 484
56 485
56 487
56 3836
56 492
56 954
56 1010
56 10297
56 1534
56 1466
57 4097
57 1963
57 5124
57 3158
57 2566
57 1031
57 6152
57 4618
57 1040
57 529
57 530
57 4629
57 3097
57 1052
57 3613
57 3614
57 3615
57 2593
57 2594
57 4102
57 3114
57 2479
57 2095
57 1083
57 4669
57 4673
57 1291
57 9284
57 2230
57 5190
57 3395
57 2126
57 2639
57 1619
57 3156
57 1110
57 90
57 11024
57 608
57 2832
57 4709
57 2833
57 1130
57 1131
57 4716
57 2157
57 2670
57 1135
57 114
57 115
57 1141
57 3703
57 1658
57 1660
57 819
57 4735
57 1664
57 2690
57 4740
57 133
57 10378
57 4887
57 6284
57 10381
57 2702
57 4753
57 9362
57 2414
57 7193
57 3224
57 1177
57 5275
57 670
57 10273
57 163
57 4636
57 890
57 1309
57 4723
57 7860
57 4790
57 6328
57 3771
57 2748
57 1218
57 7878
57 7368
57 203
57 10274
57 208
57 3793
57 3619
57 725
57 8918
57 5412
57 1754
57 4559
57 732
57 3805
57 5669
57 6373
57 124
57 2343
57 466
57 2286
57 10481
57 8435
57 8955
57 252
57 253
57 4350
57 5375
57 7711
57 6402
57 11011
57 11012
57 982
57 11014
57 11015
57 11016
57 11017
57 11018
57 11019
57 11020
57 11021
57 11022
57 11023
57 10512
57 11025
57 2834
57 11027
57 11028
57 1813
57 278
57 11031
57 11032
57 11033
57 11034
57 11035
57 11036
57 11037
57 11038
57 1823
57 11040
57 11041
57 11042
57 11043
57 11044
57 11045
57 11046
57 7975
57 3368
57 1826
57 4394
57 9003
57 2013
57 9520
57 817
57 4915
57 11039
57 7993
57 10042
57 1341
57 1342
57 4930
57 1859
57 6421
57 5446
57 10380
57 1308
57 10577
57 5459
57 5461
57 911
57 10981
57 4667
57 357
57 358
57 359
57 421
57 10514
57 6510
57 1903
57 2416
57 6002
57 2419
57 7940
57 745
57 377
57 11026
57 3963
57 4036
57 9599
57 8066
57 1927
57 2952
57 1423
57 4101
57 10131
57 2452
57 3225
57 1957
57 2971
57 9117
57 2464
57 2465
57 5026
57 1862
57 422
57 4523
57 1964
57 4525
57 4527
57 4123
57 4533
57 1974
57 8632
57 1466
57 10688
57 1810
57 4891
57 1302
57 1328
57 4561
57 5586
57 11029
57 4565
57 3542
57 3544
57 989
57 990
57 5599
57 484
57 485
57 487
57 3836
57 4078
57 10493
57 11047
57 11030
57 11013
57 9839
57 505
57 1020
57 2045
57 1534
58 2309
58 7687
58 7688
58 7689
58 8334
58 10383
58 3089
58 3090
58 3091
58 1414
58 7686
58 557
58 3125
58 697
58 1467
58 10942
58 11078
58 72
58 8270
58 5076
58 11608
58 11505
58 531
58 4984
58 2298
58 5119
58 2815
59 64
59 896
59 226
59 227
59 60
59 62
59 108
59 8269
59 8270
59 93
59 1523
59 2101
59 3827
59 793
59 63
59 220
59 61
59 286
59 511
61 64
61 294
61 295
61 1416
61 1485
61 79
61 9010
61 2101
61 9176
61 4793
61 220
61 93
61 62
61 63
62 896
62 1416
62 1165
62 8853
62 4892
62 545
62 294
62 295
62 2095
62 2993
62 4793
62 63
62 64
62 577
62 1218
62 3784
62 1485
62 79
62 220
62 93
62 5358
62 117
62 378
62 511
63 515
63 7436
63 3853
63 2063
63 9495
63 283
63 677
63 294
63 295
63 2094
63 93
63 4024
63 3642
63 64
63 193
63 456
63 74
63 1102
63 3663
63 5718
63 79
63 220
63 5981
63 8419
63 5519
63 117
63 1791
63 5247
64 896
64 1922
64 699
64 3976
64 4364
64 3853
64 5519
64 283
64 1695
64 677
64 294
64 295
64 1961
64 8619
64 93
64 3663
64 571
64 3784
64 2573
64 722
64 5850
64 79
64 220
64 3421
64 4193
64 1979
64 234
64 108
64 5358
64 3827
64 117
64 1273
64 6142
64 511
65 2691
65 2054
65 1415
65 4364
65 66
65 472
65 579
65 1428
65 3355
65 156
65 33
65 293
65 294
65 1799
65 242
65 1457
65 1715
65 699
65 956
65 573
65 702
65 8767
65 1345
65 3522
65 67
65 580
65 581
65 9505
65 587
65 2769
65 5076
65 1368
65 93
65 5599
65 488
65 1276
65 492
65 494
65 5360
65 241
65 1010
65 250
65 1019
65 3580
65 253
66 769
66 5124
66 1030
66 1159
66 5640
66 1291
66 1040
66 67
66 4636
66 7984
66 1328
66 1186
66 4016
66 5562
66 5563
66 5564
66 1085
66 3775
66 3776
66 579
66 326
66 353
66 203
66 1314
66 1345
66 5539
66 730
66 1756
66 5217
66 4709
66 1341
66 1141
66 122
66 1659
66 1660
66 253
67 353
67 860
67 827
67 236
67 1085
67 335
67 80
67 1278
67 1087
67 1107
67 1332
67 3259
67 1756
67 3165
67 2078
67 1407
68 3075
68 521
68 5130
68 9343
68 2012
68 11277
68 11278
68 533
68 540
68 541
68 1067
68 11359
68 5182
68 4159
68 11360
68 69
68 70
68 2119
68 3852
68 4171
68 6220
68 3662
68 2639
68 4176
68 6328
68 1123
68 6414
68 599
68 4698
68 11357
68 11358
68 3167
68 96
68 11361
68 1122
68 1635
68 4709
68 618
68 1135
68 10356
68 4727
68 1656
68 634
68 7352
68 4733
68 638
68 4629
68 6284
68 653
68 654
68 6287
68 5264
68 4241
68 7317
68 10436
68 2714
68 156
68 1693
68 1696
68 674
68 1699
68 1701
68 1052
68 1714
68 184
68 185
68 186
68 7867
68 1212
68 2238
68 6847
68 2240
68 3780
68 198
68 1736
68 4693
68 2257
68 3288
68 729
68 732
68 733
68 226
68 10990
68 10877
68 5360
68 10481
68 2291
68 4734
68 4857
68 9467
68 2302
68 7424
68 3330
68 3332
68 2309
68 1799
68 6408
68 6409
68 6410
68 6411
68 6412
68 6413
68 2318
68 2832
68 2833
68 4370
68 10516
68 4887
68 282
68 3355
68 7964
68 1925
68 1329
68 476
68 1837
68 5423
68 817
68 818
68 819
68 312
68 8505
68 3904
68 1858
68 1859
68 7802
68 1862
68 994
68 334
68 6285
68 6286
68 2390
68 11103
68 11104
68 6288
68 6289
68 2410
68 2411
68 876
68 1901
68 2414
68 4735
68 2430
68 4482
68 4485
68 1930
68 2957
68 7059
68 4500
68 1941
68 410
68 3270
68 5027
68 781
68 8613
68 5030
68 71
68 9139
68 948
68 441
68 443
68 1982
68 416
68 3015
68 3016
68 458
68 1698
68 975
68 976
68 470
68 4567
68 3036
68 2525
68 11941
68 480
68 1806
68 8955
68 2533
68 613
68 2037
68 8694
68 477
68 341
69 346
69 6482
69 70
69 71
70 71
70 5969
70 346
70 2875
71 3270
71 2785
71 1858
71 75
71 1479
71 618
71 4171
71 273
71 1837
71 2957
71 1169
71 1714
71 599
71 7361
71 421
72 192
72 3968
72 7620
72 166
72 326
72 4136
72 73
72 910
72 8335
72 208
72 4690
72 7734
72 697
72 1467
72 698
72 479
74 1291
74 5900
74 5901
74 655
74 661
74 2970
74 6301
74 170
74 9774
74 1462
74 571
74 1724
74 2237
74 1215
74 193
74 3522
74 5899
74 1093
74 204
74 75
74 76
74 79
74 80
74 721
74 1935
74 1758
74 587
74 81
74 1010
74 249
75 288
75 2978
75 76
75 6380
75 1169
75 1462
75 3480
76 2691
76 108
76 6794
76 9867
76 2316
76 3522
76 655
76 10389
76 1050
76 7326
76 553
76 1715
76 329
76 4024
76 571
76 1468
76 193
76 1346
76 5699
76 9868
76 204
76 3021
76 80
76 5539
76 2104
76 706
76 587
76 6503
76 6500
76 6501
76 6502
76 721
76 6504
76 6505
76 11114
76 359
76 492
76 1134
79 11776
79 11777
79 11778
79 11779
79 11780
79 11781
79 11782
79 11783
79 11784
79 1033
79 11786
79 11787
79 11788
79 11789
79 11790
79 2063
79 11792
79 11793
79 11794
79 11795
79 11796
79 11797
79 11798
79 11799
79 11800
79 11801
79 11802
79 11803
79 11804
79 11805
79 2078
79 11807
79 11808
79 11809
79 93
79 1076
79 94
79 11785
79 5198
79 90
79 11791
79 6749
79 5214
79 4965
79 1636
79 1724
79 4201
79 4228
79 135
79 8844
79 5282
79 176
79 177
79 693
79 3256
79 1212
79 193
79 3784
79 715
79 1232
79 220
79 1261
79 11806
79 5375
79 1283
79 283
79 4892
79 286
79 294
79 295
79 298
79 1843
79 1421
79 11775
79 10597
79 358
79 10601
79 2412
79 1085
79 10616
79 378
79 6014
79 896
79 11651
79 11654
79 1927
79 11661
79 2969
79 4008
79 972
79 8656
79 985
79 2539
79 10223
79 3358
79 11769
79 11770
79 11771
79 11772
79 11773
79 11774
79 511
80 204
80 81
80 329
80 249
81 249
81 663
82 224
82 676
82 3579
82 196
82 4648
82 745
82 2687
82 3154
82 83
82 660
82 4565
82 2649
82 10075
82 3125
83 224
83 97
83 2436
83 2246
83 2311
83 2409
83 1329
83 1583
83 464
83 7377
83 1331
83 1269
83 5505
83 2649
83 4511
83 157
83 5504
84 496
84 1305
84 85
84 3054
85 8201
85 5227
85 2249
85 3604
85 1340
86 88
86 89
86 87
87 192
87 1345
87 492
87 3917
87 494
87 1428
87 89
87 88
87 1785
87 2395
88 89
89 4004
89 3345
89 404
89 942
89 3663
89 5616
89 7441
89 1205
89 1206
89 1428
89 571
89 4540
89 895
90 4097
90 4101
90 4102
90 6152
90 3615
90 819
90 2078
90 10274
90 8229
90 2095
90 8258
90 2119
90 2126
90 93
90 10597
90 4193
90 102
90 4201
90 2157
90 121
90 124
90 135
90 10378
90 6284
90 10381
90 8336
90 8337
90 2414
90 3097
90 156
90 158
90 163
90 176
90 177
90 181
90 182
90 2231
90 6328
90 33
90 203
90 208
90 6373
90 2286
90 10481
90 8435
90 1407
90 252
90 10493
90 4350
90 6402
90 2309
90 10512
90 10514
90 6421
90 278
90 282
90 286
90 2343
90 298
90 8507
90 2373
90 326
90 327
90 328
90 11661
90 10577
90 2398
90 357
90 358
90 359
90 10601
90 6506
90 6510
90 2416
90 2419
90 10616
90 377
90 2452
90 415
90 2464
90 2465
90 4523
90 4525
90 2479
90 4533
90 8632
90 10688
90 4559
90 8656
90 4561
90 466
90 4565
90 471
90 476
90 477
90 484
90 485
90 487
90 488
90 2539
90 505
90 511
90 2566
90 4618
90 529
90 530
90 533
90 4527
90 4636
90 6692
90 4667
90 4669
90 577
90 581
90 591
90 6736
90 604
90 6749
90 11024
90 4709
90 2833
90 4716
90 11026
90 2670
90 4723
90 4735
90 2690
90 2691
90 4740
90 4887
90 8844
90 2702
90 656
90 4753
90 660
90 670
90 4891
90 679
90 4892
90 693
90 4790
90 2748
90 5921
90 715
90 725
90 8918
90 729
90 732
90 10981
90 745
90 751
90 8955
90 11011
90 11012
90 11013
90 11014
90 11015
90 11016
90 11017
90 11018
90 11019
90 11020
90 11021
90 11022
90 11023
90 2832
90 11025
90 2834
90 11027
90 11028
90 11029
90 11030
90 11031
90 11032
90 11033
90 11034
90 11035
90 11036
90 11037
90 11038
90 11039
90 11040
90 11041
90 11042
90 11043
90 11044
90 11045
90 11046
90 11047
90 9003
90 817
90 4915
90 4930
90 10380
90 4965
90 890
90 2952
90 911
90 3225
90 2969
90 2971
90 9117
90 5026
90 4123
90 972
90 982
90 985
90 989
90 990
90 11774
90 5124
90 1031
90 1033
90 1040
90 7193
90 1052
90 3114
90 1076
90 9273
90 1083
90 1085
90 5182
90 9284
90 2230
90 5190
90 5198
90 3156
90 1110
90 5214
90 1130
90 1131
90 1135
90 1141
90 11796
90 4629
90 9362
90 3224
90 1177
90 5275
90 5282
90 3613
90 3249
90 3614
90 3256
90 7711
90 1212
90 1218
90 7368
90 1232
90 1261
90 5367
90 5375
90 1283
90 1291
90 1302
90 3355
90 1308
90 1309
90 3358
90 5412
90 10273
90 3368
90 9520
90 1341
90 1342
90 1345
90 3395
90 1348
90 5446
90 5459
90 5461
90 1387
90 11631
90 9599
90 11651
90 11654
90 4673
90 1421
90 1428
90 1466
90 5586
90 3542
90 1495
90 3544
90 2639
90 5599
90 253
90 11769
90 11770
90 11771
90 11772
90 11773
90 1534
90 11775
90 11776
90 11777
90 11778
90 11779
90 11780
90 11781
90 11782
90 11783
90 11784
90 11785
90 11786
90 11787
90 11788
90 11789
90 11790
90 11791
90 11792
90 11793
90 11794
90 11795
90 1556
90 11797
90 11798
90 11799
90 11800
90 11801
90 11802
90 11803
90 11804
90 11805
90 11806
90 11807
90 11808
90 11809
90 3619
90 5669
90 3653
90 1619
90 1636
90 9839
90 3703
90 1658
90 1660
90 1664
90 4718
90 7860
90 3771
90 1724
90 5827
90 7878
90 3784
90 3793
90 1748
90 1754
90 3805
90 3836
90 4394
90 7940
90 1810
90 1813
90 5910
90 1823
90 1328
90 1826
90 7975
90 1843
90 7993
90 10042
90 1859
90 1862
90 1903
90 6002
90 3963
90 6014
90 8066
90 6020
90 1927
90 10131
90 1957
90 4008
90 1963
90 1964
90 10159
90 1974
90 4036
90 2013
90 4078
90 10223
90 6142
91 92
94 768
94 4228
94 901
94 1421
94 1681
94 924
94 286
94 1695
94 295
94 8114
94 1724
94 5590
94 2127
94 93
94 4830
94 1635
94 358
94 1131
94 6000
94 4338
94 10612
94 11645
94 511
95 96
95 673
95 674
95 5024
95 3969
95 360
95 4718
95 6608
95 5272
95 5172
95 5592
95 4921
95 1114
95 3963
96 3072
96 4610
96 4611
96 4612
96 1030
96 4615
96 3593
96 4618
96 4619
96 4622
96 4623
96 4624
96 529
96 530
96 4627
96 4628
96 533
96 4630
96 4631
96 4632
96 4633
96 4634
96 4635
96 1052
96 3613
96 3614
96 2566
96 1067
96 6192
96 2106
96 4533
96 11328
96 578
96 581
96 3655
96 9289
96 4023
96 1963
96 2126
96 480
96 122
96 611
96 100
96 4709
96 4625
96 2664
96 1212
96 4626
96 1135
96 2160
96 1144
96 1658
96 191
96 3615
96 1151
96 1664
96 138
96 2700
96 2702
96 1177
96 2715
96 670
96 674
96 4270
96 3249
96 2478
96 3771
96 2748
96 2749
96 2751
96 7368
96 719
96 7892
96 5335
96 2776
96 2852
96 1757
96 1758
96 4836
96 4332
96 8945
96 8946
96 7723
96 4629
96 4482
96 2832
96 2833
96 2834
96 2325
96 3352
96 282
96 2844
96 2851
96 5412
96 2343
96 1839
96 1328
96 3889
96 2014
96 1341
96 1345
96 1346
96 1862
96 3917
96 9556
96 9557
96 854
96 484
96 4442
96 4443
96 1890
96 2414
96 1903
96 2928
96 488
96 1916
96 3965
96 1406
96 7551
96 8066
96 391
96 9608
96 5868
96 908
96 8258
96 910
96 911
96 912
96 2457
96 4507
96 4508
96 4509
96 4510
96 415
96 4512
96 4513
96 4514
96 4515
96 932
96 1957
96 4518
96 4519
96 4520
96 4521
96 4522
96 4523
96 4524
96 4525
96 4526
96 4527
96 4528
96 4529
96 4530
96 4531
96 4532
96 10165
96 4534
96 4535
96 1466
96 4511
96 5024
96 1995
96 9631
96 4516
96 493
96 476
96 2525
96 990
96 8159
96 1504
96 6116
96 485
96 487
96 4584
96 4517
96 8173
96 9632
96 1524
96 2550
96 477
96 10751
98 99
98 100
98 101
100 390
100 391
100 493
100 674
100 4270
100 2227
100 480
100 578
100 1348
100 1890
100 1891
100 476
100 477
100 2526
100 99
100 1892
100 101
100 360
100 8173
100 2414
100 5024
100 10618
100 7549
100 1406
101 99
101 3530
101 9550
101 3189
101 3768
101 3769
101 7322
102 1040
102 1556
102 533
102 1050
102 1052
102 6692
102 1201
102 10795
102 9273
102 5185
102 581
102 11617
102 1096
102 591
102 604
102 103
102 4201
102 117
102 2691
102 8336
102 147
102 11412
102 149
102 665
102 7322
102 158
102 2208
102 679
102 3758
102 3249
102 181
102 182
102 1141
102 192
102 1730
102 5827
102 203
102 4837
102 234
102 751
102 253
102 1297
102 282
102 5923
102 303
102 8507
102 1345
102 2373
102 3918
102 6992
102 1369
102 2398
102 5985
102 7014
102 1896
102 6506
102 2926
102 1903
102 1909
102 2422
102 148
102 2426
102 661
102 9094
102 1418
102 1420
102 7570
102 2117
102 4008
102 437
102 958
102 1479
102 5066
102 471
102 3033
102 2525
102 2526
102 488
102 6136
102 3577
102 508
102 509
102 6142
103 6720
103 10116
103 2117
103 4201
103 1201
103 2422
103 3769
103 7322
103 6525
103 1406
103 6719
104 1121
104 2818
104 707
104 1550
104 773
104 4545
104 3365
104 105
104 106
104 107
104 780
104 110
104 6156
104 2194
104 2195
104 4469
104 4393
104 396
104 7531
104 9914
104 5973
105 512
105 513
105 514
105 4103
105 3209
105 1044
105 5655
105 1817
105 1818
105 7452
105 1954
105 1317
105 4609
105 699
105 2236
105 8383
105 10311
105 591
105 592
105 3286
105 2140
105 5157
105 1376
105 2384
105 356
105 106
105 107
105 1900
105 2927
105 11888
105 1000
105 4607
106 1157
106 513
106 356
106 517
106 4103
106 107
106 560
106 2194
106 4105
106 1156
106 4858
106 3165
106 4545
107 261
107 4233
107 1546
107 1522
107 5655
107 4639
107 3317
107 5157
107 1521
107 1196
107 10098
107 5554
107 5748
107 5695
107 3520
107 3148
107 1000
107 8150
107 7127
107 5723
107 10097
107 498
107 10099
107 7156
107 7157
108 1922
108 4549
108 2406
108 3784
108 170
108 528
108 3413
108 3128
108 2875
108 1852
108 6965
109 5540
109 5541
109 902
109 3245
109 110
109 111
109 601
109 3418
110 9348
110 902
110 4103
110 6156
110 2194
110 2195
110 1044
110 5016
110 1561
110 111
110 1114
110 6689
110 6690
110 6691
110 10278
110 4393
110 3245
110 4545
110 1604
110 3151
110 6999
110 601
110 3418
110 2143
110 1391
110 1905
110 4469
110 632
110 11647
111 4433
111 7309
111 1905
111 1689
111 2143
112 3010
112 113
112 265
112 844
112 1421
112 4272
112 7617
112 3635
112 340
112 117
112 118
112 3639
112 154
112 1402
112 286
112 3413
114 1040
114 1857
114 1986
114 1987
114 1414
114 2151
114 1328
114 115
114 2045
115 1639
115 1802
115 1040
115 1141
116 864
116 144
116 958
116 118
116 2663
116 1098
116 1850
116 8621
116 7535
116 1232
116 145
116 146
116 1012
116 117
116 2582
116 6904
116 698
116 3165
116 2398
116 437
118 699
118 6685
118 286
118 5923
118 11051
118 5420
118 2619
118 191
118 192
118 193
118 844
118 6095
118 1633
118 2875
118 1903
118 117
119 3074
119 3459
119 6665
119 138
119 4241
119 2834
119 10516
119 665
119 2715
119 3615
119 1194
119 688
119 7493
119 2119
119 328
119 6217
119 3786
119 2254
119 6736
119 2791
119 1387
119 1136
119 120
119 121
120 121
120 2071
121 3074
121 4617
121 4618
121 4620
121 1453
121 4627
121 4628
121 3614
121 3615
121 8229
121 4649
121 1067
121 4652
121 4653
121 4654
121 2095
121 4656
121 4657
121 4658
121 4659
121 4660
121 4663
121 4664
121 2105
121 4666
121 4667
121 4668
121 4669
121 4670
121 4671
121 4672
121 4673
121 4674
121 4675
121 4676
121 3653
121 4678
121 2119
121 4680
121 6217
121 4682
121 4683
121 4684
121 4685
121 2126
121 6736
121 1619
121 1620
121 3677
121 607
121 609
121 1637
121 2670
121 1135
121 1136
121 1658
121 4743
121 137
121 138
121 1168
121 8337
121 147
121 148
121 4718
121 665
121 1693
121 671
121 1698
121 9655
121 679
121 680
121 1194
121 688
121 184
121 3771
121 2748
121 2749
121 2750
121 2751
121 203
121 2253
121 2254
121 208
121 4312
121 7900
121 735
121 3296
121 2791
121 232
121 745
121 4679
121 978
121 5367
121 253
121 4651
121 2309
121 10504
121 271
121 2321
121 2834
121 3347
121 6020
121 282
121 4655
121 1309
121 7967
121 5130
121 1826
121 4681
121 1328
121 817
121 8507
121 1340
121 1341
121 1342
121 4661
121 1345
121 323
121 1348
121 4662
121 326
121 328
121 3926
121 4665
121 1387
121 2416
121 2417
121 9534
121 2793
121 3960
121 660
121 1402
121 3965
121 3454
121 7554
121 3459
121 7556
121 7557
121 391
121 2952
121 1417
121 2442
121 8258
121 2457
121 914
121 3907
121 2452
121 7573
121 2969
121 324
121 2458
121 2971
121 4677
121 9287
121 3501
121 6216
121 11698
121 585
121 415
121 8268
121 3534
121 1490
121 1491
121 4686
121 3546
121 475
121 476
121 477
121 1502
121 2529
121 3554
121 4650
121 7555
121 7152
121 5619
121 7162
121 1532
121 1533
121 3582
122 1030
122 1159
122 138
122 1291
122 1040
122 410
122 1186
122 2478
122 4016
122 2741
122 1463
122 1464
122 1465
122 1466
122 5563
122 5564
122 1982
122 1091
122 203
122 5539
122 3544
122 2013
122 123
122 234
122 1141
122 1656
122 1658
122 1659
122 124
122 5562
123 4614
123 4618
123 4620
123 528
123 2105
123 4156
123 5182
123 1091
123 2130
123 4693
123 5730
123 4715
123 4716
123 4717
123 4718
123 4719
123 4720
123 4721
123 4722
123 4723
123 4724
123 4725
123 4726
123 4727
123 4728
123 4729
123 1658
123 4731
123 4732
123 4733
123 4734
123 4735
123 2692
123 2693
123 1217
123 3948
123 4753
123 2670
123 669
123 670
123 671
123 3236
123 2580
123 2741
123 2748
123 2749
123 2750
123 2751
123 2241
123 2242
123 2774
123 2775
123 2776
123 732
123 4730
123 124
123 755
123 6402
123 2321
123 1810
123 1302
123 1308
123 2343
123 2013
123 817
123 818
123 4417
123 359
123 4456
123 876
123 1429
123 4482
123 4485
123 4492
123 4496
123 1940
123 4501
123 1942
123 2457
123 2458
123 2464
123 2465
123 4514
123 4516
123 1941
123 1660
123 4560
123 466
123 988
123 989
123 1505
123 3554
123 3555
123 3049
123 3572
123 3573
124 4097
124 1027
124 5124
124 4101
124 2566
124 1031
124 6152
124 4618
124 528
124 529
124 530
124 4629
124 3097
124 4636
124 3613
124 3614
124 3615
124 10274
124 4102
124 3114
124 2479
124 2095
124 1083
124 4669
124 6206
124 4673
124 1291
124 9284
124 2230
124 5190
124 3395
124 1963
124 2126
124 2639
124 1619
124 3156
124 1110
124 11024
124 1040
124 4709
124 2833
124 1130
124 1131
124 4716
124 2157
124 2670
124 1135
124 4723
124 1141
124 3703
124 1658
124 1660
124 819
124 4735
124 1664
124 2690
124 4740
124 278
124 10378
124 4887
124 6284
124 10381
124 2702
124 4753
124 9362
124 2414
124 7193
124 3224
124 1177
124 5275
124 670
124 675
124 1308
124 890
124 1309
124 7860
124 4790
124 6328
124 11449
124 3771
124 2748
124 1218
124 7878
124 10273
124 7368
124 1826
124 208
124 3793
124 3619
124 725
124 8918
124 5412
124 1754
124 4559
124 732
124 3805
124 5669
124 6373
124 745
124 2343
124 5868
124 466
124 2286
124 10481
124 8435
124 6930
124 8955
124 252
124 253
124 4350
124 3839
124 7711
124 6402
124 11011
124 11012
124 982
124 11014
124 11015
124 11016
124 11017
124 11018
124 11019
124 11020
124 11021
124 11022
124 11023
124 5392
124 11025
124 2834
124 11027
124 11028
124 1813
124 1302
124 11031
124 11032
124 11033
124 11034
124 11035
124 11036
124 11037
124 11038
124 1823
124 11040
124 11041
124 11042
124 11043
124 11044
124 11045
124 11046
124 7975
124 3368
124 4394
124 9003
124 10512
124 2013
124 9520
124 817
124 4915
124 11039
124 2832
124 10042
124 5599
124 1341
124 1342
124 4930
124 1859
124 6421
124 5446
124 1351
124 1352
124 10380
124 10577
124 5459
124 5461
124 7993
124 10981
124 4667
124 357
124 358
124 359
124 10514
124 6510
124 1903
124 2416
124 6002
124 2419
124 7940
124 377
124 11026
124 3963
124 4036
124 9599
124 8066
124 2952
124 911
124 10131
124 2452
124 3225
124 2971
124 9117
124 2464
124 2465
124 5026
124 1862
124 4523
124 1964
124 4525
124 4527
124 4123
124 948
124 4533
124 1974
124 8632
124 1466
124 10688
124 1810
124 4891
124 1328
124 4561
124 5586
124 163
124 11029
124 4565
124 3542
124 3544
124 988
124 989
124 990
124 1957
124 484
124 485
124 487
124 3836
124 4078
124 10493
124 11047
124 11030
124 11013
124 9839
124 505
124 5375
124 1534
125 4064
125 355
125 2084
125 1925
125 9063
125 1513
125 77
125 2318
125 2386
125 10478
125 7766
125 827
125 11996
125 126
125 1173
126 1664
126 1281
126 9474
126 1283
126 9476
126 9477
126 1030
126 9473
126 9480
126 9481
126 2318
126 529
126 530
126 9475
126 2452
126 1173
126 5272
126 9370
126 1401
126 1308
126 1309
126 1826
126 2595
126 9478
126 5800
126 9479
126 10887
126 1325
126 1326
126 8797
126 4709
126 9063
126 350
126 953
126 954
126 827
126 2876
126 1660
126 1862
126 77
126 9469
126 376
126 6528
126 7470
126 982
126 3641
126 6636
126 474
126 1499
126 174
126 10718
126 223
126 1504
126 1638
126 484
126 2149
126 4515
126 487
126 9468
126 9834
126 485
126 1513
126 5743
126 9472
126 5033
126 3829
126 5801
126 4600
126 9465
126 9466
126 9467
126 3836
126 9470
126 9471
127 128
127 1128
127 1752
128 6377
128 2826
128 8895
129 7296
129 7297
129 130
129 131
129 7300
129 7301
129 7302
129 770
129 7299
129 7298
129 2727
129 3624
129 5168
129 3642
129 316
129 2503
129 7295
129 7121
129 4058
129 1244
129 1246
129 352
129 5105
129 4604
129 5231
129 7280
129 7281
129 7282
129 7283
129 7284
129 7285
129 7286
129 7287
129 7288
129 7289
129 7290
129 7291
129 7292
129 7293
129 7294
129 4603
131 130
131 746
131 4005
132 133
132 134
132 145
132 1176
132 1696
132 3745
132 1698
132 2054
132 939
132 5679
132 3248
132 1461
132 4923
132 701
132 8515
132 8516
132 583
132 8268
132 1612
132 3022
132 1232
132 5070
132 471
132 1614
132 607
132 480
132 3556
132 6506
132 7152
132 4081
132 895
132 9322
132 9727
133 1031
133 1032
133 528
133 6233
133 4644
133 549
133 1201
133 5679
133 5217
133 1113
133 4698
133 3165
133 608
133 1121
133 2663
133 4201
133 2921
133 1656
133 6506
133 134
133 144
133 145
133 4249
133 1695
133 1696
133 1698
133 1699
133 3247
133 3248
133 3249
133 701
133 5313
133 4291
133 7884
133 1231
133 1232
133 4319
133 4320
133 9452
133 9460
133 471
133 4882
133 7444
133 10520
133 2855
133 2356
133 2357
133 1850
133 4923
133 2364
133 2366
133 2958
133 2390
133 2398
133 864
133 10596
133 10597
133 10598
133 10599
133 10600
133 10601
133 10602
133 10603
133 2412
133 3437
133 1908
133 886
133 889
133 1406
133 895
133 385
133 5006
133 1423
133 928
133 929
133 939
133 1460
133 6583
133 1480
133 981
133 6103
133 3546
133 1509
133 505
133 506
134 144
134 939
134 2398
135 11776
135 11777
135 11778
135 11779
135 11780
135 11781
135 11783
135 11784
135 1033
135 11786
135 11787
135 11788
135 11789
135 526
135 11791
135 11792
135 11793
135 11794
135 11795
135 11796
135 11797
135 11798
135 11799
135 11800
135 11802
135 11803
135 11804
135 11805
135 2078
135 11807
135 11808
135 11809
135 11782
135 93
135 1076
135 11785
135 1085
135 6218
135 5198
135 11790
135 6749
135 5214
135 4965
135 1636
135 1724
135 1131
135 9838
135 4201
135 136
135 139
135 8844
135 662
135 11801
135 5282
135 1198
135 176
135 177
135 693
135 3256
135 1212
135 715
135 3784
135 203
135 1232
135 1261
135 11806
135 605
135 5375
135 769
135 1283
135 4892
135 286
135 1414
135 298
135 1843
135 1421
135 11775
135 10597
135 2920
135 10601
135 10616
135 6014
135 11651
135 11654
135 1927
135 11661
135 3475
135 2969
135 4008
135 1979
135 972
135 8656
135 985
135 2539
135 10223
135 3358
135 11769
135 11770
135 11771
135 11772
135 11773
135 11774
135 511
136 769
136 1159
136 1290
136 139
136 526
136 3475
136 662
136 2717
136 1953
136 1188
136 1446
136 881
136 553
136 1581
136 1198
136 499
136 1979
136 2058
136 446
136 447
136 1349
136 3191
136 11469
136 9554
136 343
136 903
136 353
136 12005
136 8808
136 8809
136 8810
136 8811
136 8812
136 8813
136 8814
136 1021
136 3568
136 2920
136 1683
136 5236
136 3190
136 3447
136 3192
136 3193
136 3194
136 3195
136 3196
136 3197
136 3198
138 3074
138 4101
138 2566
138 1031
138 10246
138 3114
138 435
138 9284
138 7250
138 4419
138 2157
138 2161
138 2690
138 4743
138 137
138 10378
138 1177
138 2204
138 3239
138 1708
138 5808
138 4786
138 7860
138 4790
138 7870
138 203
138 4812
138 5837
138 7892
138 3805
138 9440
138 5347
138 8423
138 11047
138 8435
138 5364
138 4343
138 8955
138 11010
138 11011
138 2832
138 2833
138 4561
138 4887
138 1817
138 1823
138 1826
138 5412
138 2343
138 2345
138 1844
138 10042
138 5947
138 1341
138 1342
138 8928
138 1859
138 5459
138 1369
138 4443
138 866
138 9576
138 9577
138 3561
138 1407
138 391
138 1933
138 10131
138 494
138 2464
138 1962
138 947
138 1974
138 1975
138 8632
138 1524
138 10688
138 4559
138 2512
138 6097
138 466
138 4565
138 3542
138 3065
138 3544
138 3066
138 11233
138 11234
138 11235
138 11236
138 11237
138 11238
138 11239
138 11240
138 11241
138 11242
138 11243
138 11244
138 11245
138 11246
138 11247
138 11248
138 11249
138 11250
138 11251
138 11252
138 11253
138 11254
138 11255
138 11256
138 11257
138 11258
138 4091
139 5601
139 358
139 295
139 140
139 526
139 280
139 2228
139 1486
139 278
139 279
139 792
139 3961
139 3035
139 793
139 2855
139 5173
140 1313
140 579
140 676
140 278
140 4321
140 2127
140 524
140 334
140 943
140 3441
140 2002
140 2900
140 1486
140 3478
140 279
140 280
140 3961
140 3035
141 2144
141 1249
141 7682
141 9155
141 8519
141 8520
141 1355
141 142
141 3412
141 2615
141 2616
141 1082
141 3935
8334 213
8336 282
8336 203
8336 182
8336 287
8336 156
8336 253
8336 158
8336 181
8337 203
8337 253
8337 282
146 9346
146 2694
146 144
146 145
146 158
146 416
146 417
146 9393
146 424
146 170
146 2222
146 7601
146 4279
146 4540
146 573
146 729
146 476
146 477
146 1123
146 8175
146 1529
147 3972
147 393
147 394
147 271
147 3347
147 148
147 149
147 921
147 2715
147 6435
147 5285
147 680
147 3375
147 137
147 9534
147 9924
147 6731
147 723
147 724
147 8661
147 2425
147 861
147 4837
147 4201
147 5614
147 3960
147 895
148 11527
148 1417
148 394
148 271
148 149
148 1305
148 665
148 161
148 167
148 7212
148 945
148 1082
148 699
148 5948
148 2442
148 1600
148 5185
148 1313
148 3657
148 591
148 982
148 3159
148 5468
148 10078
148 4447
148 4448
148 10079
148 6244
148 1402
148 3605
149 192
149 1313
149 5859
149 2788
149 394
149 3918
149 541
149 3478
149 11225
149 922
149 1916
149 3357
149 4447
150 774
150 2574
150 624
150 2069
150 151
150 152
150 153
150 2297
151 152
151 153
151 1803
152 5157
152 1448
152 2900
152 153
152 474
153 7504
153 1858
153 1803
153 1202
153 2662
153 2663
153 3148
153 5250
153 1710
153 912
153 5746
153 5075
153 1685
153 6455
153 3317
154 155
154 3634
154 10842
154 10843
154 156
155 666
155 3634
155 10843
155 156
155 10842
156 2691
156 2054
156 1415
156 492
156 4364
156 1421
156 1556
156 7617
156 1428
156 1304
156 580
156 2373
156 1311
156 416
156 4272
156 3355
156 293
156 294
156 3249
156 168
156 8874
156 1799
156 581
156 9775
156 287
156 1585
156 1715
156 573
156 704
156 3522
156 579
156 1093
156 713
156 459
156 1345
156 9935
156 9936
156 2769
156 8914
156 9939
156 1748
156 9934
156 1368
156 848
156 699
156 3302
156 2406
156 9937
156 1896
156 6762
156 1388
156 9938
156 494
156 5360
156 1457
156 1067
156 9940
156 250
156 253
156 166
157 5504
157 5505
157 3339
157 2352
157 2351
157 2992
157 7377
157 916
157 917
157 759
157 2649
157 2991
158 2691
158 11402
158 173
158 1556
158 533
158 2713
158 282
158 751
158 1052
158 3614
158 159
158 160
158 6692
158 679
158 4008
158 476
158 299
158 300
158 301
158 581
158 3249
158 253
158 182
158 9273
158 8507
158 318
158 181
158 1345
158 5827
158 2373
158 203
158 591
158 471
158 4824
158 604
158 477
158 2398
158 1529
158 5991
158 488
158 6506
158 1903
158 660
158 234
159 160
159 5991
159 299
159 300
159 301
159 2713
160 198
160 199
160 299
160 300
160 301
160 318
160 1012
160 3509
160 854
160 185
160 281
160 186
161 6278
161 2442
161 1901
161 5571
161 3732
161 533
161 1302
161 6685
161 1313
161 162
161 163
161 164
161 165
161 167
161 168
161 945
161 6592
161 579
161 8265
161 591
161 4004
161 5985
161 3049
161 11116
161 11117
161 11122
161 1151
162 163
162 164
162 165
162 6792
162 5996
162 990
162 4790
162 982
162 2748
162 1758
162 2751
163 4097
163 1963
163 5124
163 4101
163 2566
163 1031
163 6152
163 4618
163 1040
163 529
163 530
163 4629
163 3097
163 4636
163 3613
163 3614
163 3615
163 10274
163 4102
163 3114
163 1579
163 2479
163 2095
163 1083
163 4669
163 4673
163 1291
163 9284
163 2230
163 5190
163 3395
163 2126
163 2639
163 1619
163 3156
163 1110
163 11024
163 2832
163 4709
163 2833
163 1130
163 1131
163 4716
163 2157
163 2670
163 1135
163 4723
163 1141
163 3703
163 1658
163 1660
163 819
163 4735
163 1664
163 2690
163 4740
163 278
163 10378
163 4887
163 6284
163 10381
163 2702
163 4753
163 9362
163 2414
163 7193
163 3224
163 1177
163 5275
163 670
163 4123
163 164
163 165
163 1308
163 890
163 1309
163 7860
163 4790
163 6328
163 3771
163 2748
163 1218
163 7878
163 10273
163 7368
163 1826
163 208
163 3793
163 3619
163 725
163 8918
163 3544
163 5412
163 1754
163 4559
163 732
163 3805
163 1758
163 5669
163 6373
163 2343
163 466
163 2286
163 10481
163 8435
163 8955
163 252
163 253
163 4350
163 5375
163 7711
163 6402
163 11011
163 11012
163 982
163 11014
163 11015
163 11016
163 11017
163 11018
163 11019
163 11020
163 11021
163 11022
163 11023
163 10512
163 11025
163 2834
163 11027
163 11028
163 1813
163 1302
163 11031
163 11032
163 11033
163 11034
163 11035
163 11036
163 11037
163 11038
163 1823
163 11040
163 11041
163 11042
163 11043
163 11044
163 11045
163 11046
163 7975
163 3368
163 4394
163 9003
163 2013
163 9520
163 4401
163 4915
163 11039
163 7993
163 10042
163 5599
163 1341
163 1342
163 4930
163 1859
163 6421
163 5446
163 327
163 10380
163 10577
163 817
163 5459
163 5461
163 10981
163 4667
163 357
163 358
163 359
163 10514
163 6510
163 1903
163 2416
163 6002
163 2419
163 7940
163 745
163 377
163 11026
163 3963
163 4036
163 9599
163 8066
163 2952
163 2442
163 911
163 10131
163 2452
163 3225
163 2971
163 9117
163 2464
163 2465
163 5026
163 4004
163 1862
163 4523
163 1964
163 4525
163 4527
163 4533
163 1974
163 8632
163 1466
163 10688
163 1810
163 4891
163 1328
163 4561
163 5586
163 11029
163 4565
163 3542
163 989
163 990
163 1957
163 484
163 485
163 487
163 3836
163 4078
163 10493
163 11047
163 11030
163 11013
163 9839
163 505
163 1534
164 165
164 553
164 2114
165 553
165 2114
166 1556
166 533
166 540
166 6685
166 1313
166 9506
166 167
166 168
166 945
166 581
166 327
166 3702
166 207
166 976
166 591
166 476
166 477
166 10847
166 10848
166 10849
166 3299
166 492
166 1018
166 117
166 4086
166 10746
166 1663
167 1415
167 2442
167 579
167 6685
167 287
167 4004
167 168
167 1799
167 329
167 187
167 188
167 11203
167 6592
167 3522
167 5571
167 580
167 1313
167 1097
167 335
167 1368
167 591
167 1501
167 5985
167 492
167 499
167 4086
167 3732
167 1018
167 1663
168 8992
168 1067
168 4004
168 581
168 10410
168 4555
168 492
168 476
168 9089
168 791
168 3689
168 9857
168 1018
168 477
168 2714
169 170
171 10112
171 2951
171 1416
171 785
171 658
171 5525
171 3490
171 1189
171 9510
171 6059
171 172
171 4144
171 8756
171 3509
171 182
171 1591
171 1216
171 5850
171 5851
171 3493
171 1637
171 2919
171 233
171 234
171 235
171 1784
171 508
172 2595
172 1160
172 1001
172 2099
172 501
172 4442
173 3104
173 1538
173 997
173 3053
173 174
173 175
173 5617
173 4399
174 1664
174 1281
174 9474
174 9475
174 9476
174 9477
174 1030
174 9473
174 9480
174 9481
174 529
174 530
174 2452
174 5272
174 9370
174 1308
174 1309
174 1826
174 2595
174 9478
174 9479
174 7470
174 175
174 953
174 954
174 2876
174 1660
174 1862
174 4515
174 8797
174 485
174 1504
174 484
174 4709
174 1638
174 487
174 3836
174 9472
174 9470
174 5033
174 376
174 9465
174 9466
174 9467
174 9468
174 9469
174 9471
175 10320
176 11776
176 11777
176 11778
176 11779
176 11780
176 11781
176 11782
176 11783
176 11784
176 1033
176 11786
176 11787
176 11788
176 11789
176 11790
176 11791
176 11792
176 11793
176 11794
176 11795
176 11796
176 11797
176 11798
176 11799
176 11800
176 11801
176 11802
176 11803
176 11804
176 11805
176 2078
176 11807
176 11808
176 11809
176 93
176 1076
176 11785
176 1085
176 5198
176 6749
176 5214
176 4965
176 1636
176 1724
176 4201
176 8844
176 5282
176 177
176 178
176 693
176 3256
176 1212
176 3784
176 715
176 1232
176 1261
176 11806
176 5375
176 1283
176 4892
176 286
176 298
176 1843
176 11661
176 1360
176 11775
176 10597
176 10601
176 10616
176 6014
176 11651
176 11654
176 1927
176 1421
176 2969
176 928
176 4008
176 1961
176 427
176 972
176 8656
176 985
176 2539
176 10223
176 3358
176 11769
176 11770
176 11771
176 11772
176 11773
176 11774
176 511
177 11776
177 11777
177 11778
177 515
177 11780
177 11781
177 11782
177 11783
177 11784
177 1033
177 11786
177 11787
177 11788
177 11789
177 11790
177 11791
177 11792
177 11793
177 11794
177 11779
177 11796
177 11797
177 11798
177 11799
177 11800
177 11801
177 11802
177 11803
177 11804
177 11805
177 2078
177 11807
177 11808
177 11809
177 93
177 4144
177 1076
177 11785
177 1085
177 5198
177 3256
177 11867
177 6749
177 5214
177 4965
177 1636
177 1724
177 11795
177 4201
177 8844
177 5282
177 178
177 693
177 10422
177 9400
177 1212
177 3784
177 715
177 1232
177 7904
177 7905
177 1261
177 11806
177 5375
177 1283
177 4892
177 286
177 2849
177 298
177 1843
177 833
177 5451
177 1421
177 11775
177 10597
177 10601
177 10616
177 6014
177 11651
177 11654
177 1927
177 3976
177 11661
177 2969
177 4008
177 1961
177 427
177 972
177 8656
177 985
177 987
177 2539
177 10223
177 3358
177 11769
177 11770
177 11771
177 11772
177 11773
177 11774
177 511
178 1795
178 1796
178 9482
178 427
178 1740
178 4278
178 409
178 2488
178 2489
178 2490
178 2491
178 2492
178 2493
178 2494
179 180
181 5967
181 2691
181 4228
181 6419
181 1556
181 533
181 282
181 751
181 1052
181 581
181 3091
181 6692
181 679
181 4008
181 684
181 3249
181 182
181 9273
181 8507
181 8892
181 1345
181 5827
181 2373
181 4321
181 203
181 10191
181 208
181 471
181 591
181 604
181 4957
181 2398
181 1040
181 8293
181 488
181 6506
181 7916
181 1903
181 5360
181 10856
181 9339
181 253
181 5269
182 2691
182 1669
182 1545
182 533
182 6157
182 275
182 276
182 277
182 3097
182 282
182 751
182 1052
182 581
182 33
182 6692
182 1189
182 679
182 4008
182 3249
182 253
182 9273
182 2875
182 573
182 1345
182 5827
182 2373
182 4193
182 203
182 591
182 208
182 471
182 604
182 2398
182 4321
182 8507
182 488
182 6506
182 3307
182 3308
182 1903
182 5360
182 1556
182 3306
182 5269
183 184
183 978
184 4617
184 4618
184 4620
184 531
184 4628
184 6692
184 4649
184 4650
184 4651
184 4652
184 4653
184 4654
184 4655
184 4656
184 4657
184 4658
184 4659
184 4661
184 4663
184 4664
184 2105
184 4666
184 4667
184 4668
184 4669
184 4670
184 4671
184 4672
184 4673
184 4674
184 579
184 4676
184 3653
184 4678
184 2119
184 4680
184 4681
184 4682
184 4683
184 4684
184 4685
184 2126
184 8786
184 1619
184 1620
184 10330
184 3677
184 1122
184 4709
184 3689
184 2670
184 1136
184 4627
184 634
184 4735
184 6284
184 6285
184 6286
184 6287
184 6288
184 6289
184 2414
184 671
184 2416
184 679
184 2748
184 2749
184 2750
184 2751
184 192
184 1730
184 5827
184 7366
184 208
184 1658
184 745
184 3965
184 2309
184 2321
184 282
184 2095
184 1309
184 1826
184 3036
184 1328
184 817
184 4660
184 314
184 3899
184 6460
184 1341
184 1342
184 4662
184 1862
184 328
184 3917
184 6200
184 4665
184 9068
184 9069
184 9070
184 9071
184 9072
184 9073
184 9074
184 6525
184 2430
184 3459
184 391
184 2952
184 2417
184 4675
184 2452
184 2457
184 410
184 2971
184 2458
184 4677
184 5539
184 326
184 5030
184 4679
184 1453
184 7091
184 415
184 7620
184 978
184 4686
184 3546
184 475
184 476
184 477
184 3554
184 2533
184 1532
184 1533
184 3582
184 6143
185 4259
185 198
185 199
185 1170
185 2706
185 281
185 186
185 637
186 4241
186 145
186 7059
186 281
186 10777
186 541
186 10275
186 3891
186 3509
186 312
186 442
186 1012
186 2238
186 6847
186 9922
186 9923
186 2550
186 198
186 199
186 1995
186 8908
186 226
186 707
186 854
186 729
186 634
186 5726
186 10436
186 480
186 1122
186 10727
186 2411
186 4370
186 2414
186 5360
186 3780
186 8694
186 2168
186 7802
186 638
186 9343
187 188
189 610
189 6875
189 7942
189 7943
189 5161
189 335
189 8944
189 8499
189 884
189 1205
189 729
189 1019
189 444
189 190
189 975
191 4610
191 4611
191 4612
191 4615
191 4618
191 4619
191 4622
191 4623
191 4624
191 529
191 530
191 4627
191 4628
191 533
191 4630
191 4631
191 4632
191 4633
191 1562
191 4635
191 1052
191 3613
191 3614
191 3615
191 1067
191 5702
191 5703
191 784
191 785
191 2748
191 4626
191 1135
191 4209
191 117
191 10365
191 4629
191 1664
191 534
191 1679
191 4625
191 4207
191 4634
191 10779
191 9393
191 2419
191 6840
191 1212
191 2749
191 2751
191 192
191 11467
191 2262
191 8414
191 4319
191 4321
191 3829
191 5878
191 1277
191 1278
191 767
191 768
191 2603
191 6404
191 9484
191 2832
191 2833
191 2834
191 2325
191 282
191 2844
191 286
191 1311
191 5420
191 1328
191 821
191 822
191 314
191 3899
191 3900
191 6461
191 1345
191 3917
191 335
191 336
191 7508
191 4445
191 5991
191 2414
191 1903
191 4584
191 11122
191 11123
191 4982
191 1916
191 3965
191 5000
191 2959
191 1955
191 4004
191 424
191 1963
191 2478
191 1465
191 1466
191 1525
191 5571
191 7414
191 982
191 476
191 2525
191 1504
191 484
191 485
191 487
191 488
191 6636
191 8175
191 766
192 982
192 10377
192 215
192 4883
192 788
192 534
192 410
192 303
192 10778
192 11423
192 1313
192 1137
192 476
192 8175
192 5420
192 1663
192 943
192 10594
192 1206
192 1467
192 444
192 533
192 1036
192 717
192 335
192 208
192 212
192 9686
192 3033
192 986
192 1116
192 1117
192 479
192 8796
192 10593
192 2914
192 2788
192 2426
192 369
192 1340
192 492
192 7917
192 3566
192 445
192 497
192 5875
192 117
192 477
192 3903
192 5596
193 288
193 7776
193 1546
193 4086
193 861
193 4108
193 2178
193 6094
193 11924
193 117
193 1909
193 5420
193 381
193 170
193 382
194 195
195 9444
195 556
195 2864
195 1525
195 3031
195 2361
195 3103
196 1813
196 1177
196 285
196 1311
196 11937
196 5666
196 931
196 3755
196 942
196 3125
196 6326
196 6327
196 3771
196 316
196 6325
196 4419
196 197
196 4422
196 4424
196 3023
196 2387
196 1494
196 4698
196 5199
196 2785
196 1979
196 3437
196 315
196 2687
197 2859
197 5349
197 614
197 8999
197 6120
197 4587
197 5453
197 2158
197 2287
197 2512
197 4017
197 1311
197 10987
197 1430
197 4889
197 2234
197 315
197 316
197 2975
198 1667
198 1799
198 145
198 2834
198 662
198 281
198 2971
198 2844
198 3613
198 3614
198 3615
198 1457
198 3891
198 312
198 3616
198 1346
198 707
198 199
198 2893
198 1345
198 335
198 2896
198 2897
198 2894
198 854
198 3543
198 729
198 2895
198 442
198 5726
198 2280
198 2281
198 2282
198 4370
198 494
198 1012
198 253
33 1024
33 516
33 2054
33 1031
33 1546
33 1367
33 3547
33 1030
33 7215
33 9277
33 578
33 579
33 4680
33 587
33 7246
33 4365
33 1105
33 270
33 4025
33 8800
33 7771
33 5726
33 608
33 1124
33 117
33 9850
33 1388
33 656
33 662
33 1187
33 6825
33 688
33 1715
33 7357
33 702
33 709
33 203
33 4643
33 724
33 9442
33 7910
33 242
33 723
33 253
33 770
33 9994
33 9995
33 9996
33 9997
33 9998
33 9999
33 10000
33 10001
33 10002
33 10003
33 10004
33 10005
33 10006
33 10007
33 10008
33 10009
33 10010
33 10011
33 10012
33 10013
33 10014
33 10015
33 10016
33 10017
33 10018
33 10019
33 10020
33 10021
33 10022
33 10023
33 391
33 3549
33 1328
33 3899
33 1853
33 1342
33 319
33 9024
33 9537
33 4930
33 3908
33 1350
33 327
33 9271
33 335
33 10071
33 6800
33 1893
33 1894
33 1895
33 4456
33 5484
33 365
33 8558
33 889
33 1405
33 382
33 1407
33 1927
33 5003
33 8589
33 1943
33 324
33 1434
33 2469
33 2473
33 1457
33 441
33 509
33 7103
33 1021
33 1345
33 5076
33 3543
33 3544
33 3545
33 3546
33 475
33 3548
33 477
33 3550
33 480
33 9705
33 492
33 494
33 8957
33 6129
33 1010
33 2549
33 6137
33 10237
33 511
200 201
200 202
200 619
200 5043
200 4845
200 4847
200 1910
200 3895
200 5305
200 5050
200 3898
201 992
201 4795
201 202
201 77
201 2580
201 2581
201 1047
201 1848
201 1338
201 4891
201 4794
201 991
202 3114
202 4558
202 247
202 991
203 3587
203 5124
203 4101
203 1030
203 1031
203 1708
203 1367
203 1040
203 1556
203 533
203 5459
203 5807
203 1052
203 3615
203 6692
203 2566
203 551
203 4786
203 4790
203 1086
203 4159
203 9284
203 3653
203 2119
203 1504
203 591
203 6736
203 8632
203 7250
203 599
203 604
203 1466
203 4193
203 5563
203 4709
203 4419
203 1131
203 2157
203 4718
203 2159
203 2161
203 1141
203 1659
203 2690
203 2691
203 9352
203 9353
203 9355
203 9356
203 9357
203 9358
203 9359
203 9360
203 9361
203 9362
203 9363
203 660
203 9365
203 662
203 9367
203 9368
203 1177
203 4250
203 9371
203 9372
203 9373
203 1695
203 9376
203 9377
203 1186
203 7843
203 9380
203 9381
203 9382
203 679
203 9384
203 9385
203 9386
203 9387
203 9388
203 7342
203 7343
203 3249
203 6322
203 7860
203 3771
203 7870
203 11047
203 5827
203 4812
203 11242
203 730
203 3805
203 8229
203 8928
203 5347
203 8423
203 8427
203 236
203 751
203 10481
203 8435
203 5364
203 4343
203 8955
203 253
203 769
203 11010
203 8451
203 2309
203 1291
203 2832
203 2833
203 4561
203 4887
203 3065
203 282
203 1309
203 1823
203 1826
203 5412
203 2343
203 2345
203 1159
203 10042
203 5947
203 1341
203 1342
203 1345
203 1859
203 11588
203 2373
203 1862
203 327
203 328
203 6473
203 3114
203 9354
203 9273
203 2398
203 656
203 866
203 8507
203 657
203 9576
203 9577
203 6506
203 1387
203 9440
203 1903
203 488
203 10378
203 3561
203 9364
203 1402
203 1405
203 1407
203 11243
203 6020
203 9366
203 4332
203 8258
203 10131
203 9369
203 1348
203 9370
203 581
203 2464
203 1441
203 10246
203 5539
203 326
203 4008
203 1962
203 1963
203 1964
203 10159
203 4016
203 435
203 6321
203 9374
203 1974
203 1975
203 11011
203 1524
203 5562
203 415
203 5564
203 10688
203 5367
203 9375
203 9378
203 4559
203 2512
203 6097
203 466
203 9379
203 4565
203 3542
203 471
203 3544
203 2969
203 11233
203 11234
203 11235
203 11236
203 11237
203 11238
203 11239
203 11240
203 11241
203 9383
203 11244
203 11245
203 11246
203 11247
203 11248
203 11249
203 11250
203 11251
203 11252
203 11253
203 11254
203 11255
203 11256
203 11257
203 11258
203 4091
203 3239
205 6128
205 11331
205 1124
205 3397
205 1799
205 587
205 206
205 9168
205 4241
205 6708
205 5941
205 9980
205 9981
205 10782
206 2769
206 618
206 1428
206 1837
207 805
207 976
207 4086
207 699
207 10367
208 4097
208 1963
208 5124
208 4101
208 6152
208 4617
208 4618
208 4620
208 1453
208 1040
208 529
208 530
208 4627
208 3097
208 4636
208 3613
208 3614
208 3615
208 10274
208 2566
208 4649
208 1031
208 4652
208 4653
208 4654
208 2095
208 4656
208 4657
208 4658
208 4659
208 4661
208 4663
208 4664
208 4666
208 1083
208 4668
208 4669
208 4670
208 4671
208 4672
208 4673
208 4674
208 4675
208 4676
208 4678
208 4679
208 4681
208 4682
208 4683
208 4684
208 4685
208 2126
208 2639
208 2457
208 6328
208 2479
208 1619
208 1620
208 1110
208 604
208 3677
208 11024
208 2832
208 4709
208 2321
208 2343
208 1130
208 1131
208 4716
208 2157
208 2670
208 1135
208 1136
208 4790
208 4723
208 1862
208 1141
208 3703
208 1658
208 819
208 4629
208 1664
208 2690
208 4740
208 278
208 10378
208 4887
208 6284
208 10381
208 2702
208 8335
208 4753
208 9362
208 2414
208 7193
208 3224
208 1177
208 5275
208 670
208 671
208 2416
208 679
208 1308
208 890
208 1309
208 466
208 7860
208 2230
208 697
208 3771
208 2748
208 2749
208 2750
208 2751
208 1218
208 5827
208 7878
208 10273
208 7368
208 11011
208 1826
208 3793
208 3619
208 725
208 8918
208 3544
208 5412
208 1754
208 4559
208 732
208 3805
208 5669
208 4321
208 6373
208 1660
208 7975
208 5586
208 4628
208 5360
208 10481
208 8435
208 2105
208 4735
208 252
208 10493
208 4350
208 5375
208 7711
208 989
208 6402
208 4651
208 11012
208 982
208 11014
208 11015
208 11016
208 11017
208 11018
208 11019
208 11020
208 11021
208 11022
208 11023
208 10512
208 2833
208 2834
208 11027
208 11028
208 11029
208 1302
208 11031
208 11032
208 11033
208 11034
208 11035
208 11036
208 11037
208 11038
208 1823
208 11040
208 11041
208 11042
208 11043
208 11044
208 11045
208 11046
208 3368
208 4394
208 9003
208 477
208 9520
208 817
208 4915
208 11039
208 7993
208 4102
208 1341
208 1342
208 4930
208 1859
208 6421
208 4662
208 5446
208 328
208 10380
208 7734
208 3395
208 10577
208 3114
208 326
208 4665
208 11025
208 10042
208 10981
208 4667
208 357
208 358
208 359
208 10514
208 6510
208 1903
208 4660
208 2417
208 6002
208 2419
208 7940
208 745
208 1291
208 377
208 11026
208 3963
208 4036
208 3965
208 9599
208 8066
208 4650
208 1813
208 2952
208 4565
208 910
208 911
208 10131
208 2452
208 2286
208 3225
208 4655
208 2458
208 2971
208 9117
208 4677
208 2464
208 2465
208 5026
208 5190
208 4008
208 9284
208 4523
208 1964
208 4525
208 4527
208 4123
208 4680
208 4533
208 1974
208 8632
208 1466
208 415
208 1532
208 10688
208 1810
208 4891
208 1328
208 4561
208 978
208 5076
208 4686
208 3542
208 505
208 3546
208 475
208 476
208 2013
208 990
208 5599
208 3554
208 8955
208 484
208 485
208 487
208 3836
208 7620
208 4078
208 253
208 11047
208 11030
208 5459
208 11013
208 1534
208 9839
208 3156
208 1957
208 1533
208 3582
208 5461
209 211
209 5770
209 210
209 307
209 277
209 408
210 211
210 1220
210 245
212 256
212 11393
212 2947
212 6405
212 6406
212 521
212 9098
212 2187
212 7388
212 3086
212 9859
212 404
212 1432
212 1263
212 9884
212 542
212 8230
212 4135
212 2729
212 3399
212 7213
212 1456
212 2228
212 2234
212 958
212 5823
212 2753
212 1219
212 4676
212 383
212 5959
212 1013
212 1354
212 1876
212 5262
212 214
212 215
212 7387
212 2752
212 7902
212 7903
212 3811
212 9061
212 872
212 11392
212 5228
212 2927
212 9712
212 6760
212 9714
212 9713
212 117
212 374
212 11385
212 255
212 7037
212 254
212 213
213 256
213 6273
213 2947
213 214
213 521
213 3086
213 5251
213 2070
213 1113
213 3631
213 2205
213 8367
213 4548
213 3399
213 2516
213 3926
213 215
213 3033
213 9437
213 9951
213 1889
213 9701
213 1006
213 9712
213 3700
213 11133
214 215
215 256
215 6273
215 5251
215 395
215 8845
215 3086
215 7589
215 4135
215 5555
215 307
215 444
215 8509
215 4038
215 976
215 1145
215 347
215 592
215 1125
215 1647
215 1013
215 374
215 375
215 9044
215 1018
215 1663
215 4309
216 3179
216 1772
216 1462
216 1472
216 4940
216 4941
216 3408
216 3665
216 3923
216 217
216 218
216 219
216 1628
216 1764
216 1765
216 1766
216 1767
216 1768
216 1769
216 1770
216 1771
216 3180
216 1773
216 1774
216 1775
216 1776
216 1777
216 1778
216 1779
217 352
217 218
217 752
220 896
220 283
220 294
220 806
220 295
220 3784
220 221
220 511
220 2101
220 1909
220 378
221 1156
221 3853
221 1201
221 1202
221 3383
221 3384
222 474
222 2083
222 77
222 223
222 2149
8229 253
8229 282
224 928
224 225
224 1122
224 7972
224 7974
224 5385
224 1706
224 1836
224 303
224 2736
224 11124
224 471
224 7673
224 5050
224 7674
224 11006
224 7973
225 608
225 1987
225 472
225 596
225 597
225 598
225 3832
225 3262
226 7059
226 5269
226 2582
226 10777
226 938
226 303
226 9778
226 949
226 2238
226 1857
226 3653
226 1098
226 8908
226 11342
226 3663
226 1752
226 729
226 10971
226 4445
226 227
226 5360
226 6772
226 2168
226 5498
226 1663
228 9613
228 1550
228 1560
228 5276
228 7080
228 7855
228 816
228 862
228 2360
228 2233
228 2362
228 5180
228 10045
228 4801
228 4802
228 5443
228 2128
228 4921
228 731
228 1374
228 5456
228 229
228 230
228 5359
228 2289
228 1270
230 4801
230 229
230 7080
230 5180
230 1550
230 5359
230 2128
230 1375
230 7855
230 862
230 1270
230 2233
230 2360
230 4921
230 731
230 5276
230 10045
230 1374
230 816
232 5824
232 2529
232 322
232 323
232 324
232 7014
232 231
232 2793
232 7015
232 1637
232 915
232 6900
232 2486
232 836
232 607
232 7771
232 325
232 1499
232 7967
233 234
233 235
234 1216
234 427
234 2054
234 648
234 10505
234 4364
234 10130
234 3485
234 5409
234 547
234 677
234 2221
234 2478
234 571
234 2364
234 1730
234 3918
234 7256
234 1242
234 9307
234 9308
234 605
234 606
234 10795
234 8292
234 1637
234 3178
234 235
234 8558
234 3444
234 5245
234 382
235 1216
235 423
235 424
235 365
235 2223
235 427
235 596
235 605
235 606
236 3587
236 5124
236 5807
236 1052
236 551
236 6188
236 2095
236 1086
236 4159
236 1090
236 4709
236 9352
236 9353
236 9354
236 9355
236 9356
236 9357
236 9358
236 9359
236 9360
236 9361
236 9362
236 659
236 660
236 661
236 662
236 9367
236 9368
236 9369
236 4250
236 9371
236 9372
236 7325
236 9374
236 9375
236 9376
236 9377
236 9378
236 9379
236 9380
236 9381
236 9382
236 9383
236 9384
236 9385
236 9386
236 9387
236 9388
236 7342
236 7343
236 3249
236 6322
236 1715
236 3771
236 1740
236 730
236 8427
236 4332
236 11004
236 253
236 769
236 8451
236 4869
236 270
236 1309
236 2343
236 1862
236 6473
236 1367
236 9363
236 9364
236 1405
236 9365
236 6020
236 9366
236 6321
236 6552
236 9370
236 2464
236 1441
236 5539
236 5033
236 1963
236 1964
236 9373
236 1466
236 1695
236 7843
236 1504
236 7138
237 1010
237 238
237 239
237 240
237 11442
237 253
238 1320
238 1801
238 2990
238 239
238 240
238 1877
238 5295
240 3973
240 927
240 7331
240 7332
240 5670
240 5671
240 3244
240 1714
240 7987
240 11321
240 4554
240 849
240 9812
240 6491
240 6492
240 2535
240 743
240 239
240 759
240 6139
240 6140
240 3837
241 3992
241 242
241 838
241 839
242 5123
242 1345
242 3080
242 905
242 2691
242 660
242 661
242 662
242 1434
242 3868
242 3869
242 2464
242 1962
242 8235
242 688
242 1457
242 7147
242 253
242 2231
242 1849
242 2237
242 1342
242 4544
242 579
242 709
242 1350
242 327
242 3915
242 2638
242 8656
242 1107
242 1110
242 1021
242 702
242 587
242 1893
242 1894
242 745
242 8426
242 8427
242 4332
242 3747
242 2543
242 501
242 4585
242 2465
242 3833
242 8874
242 2175
8435 278
8435 252
8435 253
244 243
244 245
245 1220
245 243
245 1461
245 662
245 1019
245 2652
229 10689
229 10793
229 2382
229 10703
229 8782
229 2362
229 1787
229 2394
247 6499
247 3397
247 7494
247 455
247 11978
247 3979
247 5702
247 4558
247 9873
247 626
247 3114
247 10964
247 246
247 6679
247 248
247 6295
247 11146
247 4343
248 7494
248 3397
248 454
248 455
248 11978
248 3979
248 246
248 4343
249 1635
249 571
249 1724
249 1215
250 2691
250 2054
250 4364
250 1421
250 1368
250 1428
250 3097
250 3355
250 293
250 294
250 1415
250 1457
250 1715
250 1345
250 3522
250 579
250 580
250 581
250 2769
250 5076
250 5720
250 6993
250 492
250 494
250 5360
250 251
250 253
9599 278
9599 252
9599 253
252 4097
252 1963
252 5124
252 4101
252 2566
252 1031
252 6152
252 4618
252 6530
252 1040
252 529
252 530
252 4629
252 3097
252 4636
252 3613
252 3614
252 3615
252 10274
252 4102
252 3114
252 2479
252 2095
252 6706
252 4559
252 1083
252 4669
252 4673
252 1291
252 9284
252 2230
252 5190
252 3395
252 2126
252 2639
252 1619
252 3156
252 1110
252 11024
252 2832
252 4709
252 2833
252 1130
252 1131
252 4716
252 2157
252 2670
252 1135
252 4723
252 1141
252 3703
252 1658
252 1660
252 819
252 4735
252 1664
252 2690
252 4740
252 278
252 1159
252 10378
252 4887
252 6284
252 10381
252 2702
252 4753
252 9362
252 2414
252 7193
252 3224
252 1177
252 5275
252 670
252 1308
252 326
252 890
252 1309
252 7860
252 2741
252 4790
252 6328
252 3771
252 2748
252 1218
252 7878
252 10273
252 7368
252 1826
252 3793
252 3619
252 725
252 8918
252 5412
252 1754
252 427
252 732
252 3805
252 5669
252 6373
252 2343
252 466
252 2286
252 10481
252 8955
252 3836
252 253
252 4350
252 5375
252 7711
252 6402
252 11011
252 11012
252 982
252 11014
252 11015
252 11016
252 11017
252 11018
252 11019
252 11020
252 11021
252 11022
252 11023
252 10512
252 11025
252 2834
252 11027
252 11028
252 1813
252 1302
252 11031
252 11032
252 11033
252 11034
252 11035
252 11036
252 11037
252 11038
252 1823
252 11040
252 11041
252 11042
252 11043
252 11044
252 11045
252 11046
252 7975
252 3368
252 4394
252 9003
252 2013
252 9520
252 817
252 4915
252 11039
252 7993
252 10042
252 1341
252 1342
252 4930
252 1859
252 6421
252 5446
252 10380
252 10577
252 5459
252 5461
252 10077
252 10981
252 353
252 4667
252 357
252 358
252 359
252 10514
252 6510
252 1903
252 2416
252 6002
252 2419
252 7940
252 745
252 377
252 11026
252 3963
252 4036
252 8066
252 2952
252 911
252 10131
252 2452
252 3225
252 1957
252 2971
252 9117
252 2464
252 2465
252 5026
252 1862
252 4523
252 1964
252 4525
252 4527
252 4123
252 1310
252 4533
252 1974
252 8632
252 1466
252 10688
252 1810
252 7622
252 4891
252 1328
252 4561
252 5586
252 11029
252 4565
252 3542
252 3544
252 989
252 990
252 5599
252 484
252 485
252 487
252 4078
252 10493
252 11047
252 11030
252 2643
252 11013
252 9839
252 505
252 509
252 1534
253 4097
253 4101
253 2054
253 6152
253 819
253 4102
253 2095
253 2119
253 2126
253 2157
253 10378
253 6284
253 10381
253 2414
253 3097
253 4123
253 5830
253 2231
253 6328
253 2233
253 10274
253 6373
253 2280
253 2281
253 2282
253 2286
253 10481
253 10493
253 4350
253 6402
253 2309
253 4364
253 270
253 10512
253 10514
253 6421
253 278
253 282
253 293
253 294
253 2343
253 4394
253 8507
253 2373
253 326
253 328
253 335
253 10577
253 2398
253 353
253 357
253 358
253 359
253 6506
253 6510
253 2416
253 2419
253 377
253 8258
253 2452
253 415
253 2464
253 2465
253 2473
253 427
253 4525
253 2479
253 4533
253 8632
253 10688
253 4559
253 4561
253 466
253 4565
253 471
253 476
253 477
253 484
253 485
253 487
253 488
253 492
253 494
253 505
253 4523
253 2566
253 4618
253 529
253 530
253 533
253 4527
253 4636
253 6692
253 4667
253 4669
253 4673
253 579
253 580
253 581
253 587
253 591
253 6736
253 599
253 604
253 11024
253 4709
253 11025
253 4716
253 2834
253 2670
253 4723
253 4735
253 2690
253 2691
253 4740
253 11031
253 8844
253 2702
253 4753
253 660
253 662
253 670
253 4891
253 679
253 11036
253 4790
253 2748
253 702
253 720
253 2769
253 725
253 8918
253 727
253 728
253 729
253 732
253 10981
253 745
253 751
253 8955
253 11011
253 11012
253 11013
253 11014
253 11015
253 11016
253 11017
253 11018
253 11019
253 11020
253 11021
253 11022
253 11023
253 2832
253 2833
253 786
253 11027
253 11028
253 11029
253 11030
253 4887
253 11032
253 11033
253 11034
253 11035
253 2844
253 11037
253 11038
253 11039
253 11040
253 11041
253 11042
253 11043
253 11044
253 11045
253 11046
253 11047
253 9003
253 817
253 4915
253 4930
253 10380
253 890
253 2952
253 911
253 1177
253 2969
253 2971
253 9117
253 5026
253 577
253 982
253 989
253 990
253 5124
253 1031
253 1040
253 7193
253 1052
253 3114
253 9273
253 1083
253 5182
253 9284
253 2230
253 5190
253 5200
253 3156
253 1110
253 787
253 5214
253 1130
253 1131
253 1135
253 1141
253 4629
253 9362
253 3224
253 3225
253 5275
253 1187
253 199
253 3249
253 11442
253 7711
253 1218
253 7368
253 5360
253 5367
253 5375
253 1291
253 1302
253 1307
253 1308
253 1309
253 5412
253 10273
253 5414
253 5415
253 3368
253 9520
253 1341
253 1342
253 1345
253 1346
253 3395
253 1348
253 5446
253 5459
253 5461
253 1368
253 1387
253 7533
253 11631
253 11026
253 1415
253 1416
253 1428
253 2639
253 1457
253 1466
253 3522
253 7622
253 5586
253 3542
253 3543
253 3544
253 3545
253 3546
253 3547
253 3548
253 3549
253 3550
253 5599
253 1534
253 1556
253 3613
253 3614
253 3615
253 3616
253 3619
253 5669
253 3653
253 1619
253 9839
253 3703
253 1658
253 1660
253 1664
253 1667
253 4718
253 1689
253 3355
253 1715
253 7860
253 3771
253 5827
253 7878
253 3793
253 1754
253 3805
253 7910
253 3836
253 7940
253 1799
253 1810
253 1813
253 5910
253 1823
253 1328
253 1826
253 7975
253 7993
253 10042
253 1853
253 1859
253 1862
253 10077
253 1903
253 6002
253 3963
253 8066
253 6020
253 10131
253 1957
253 4008
253 1963
253 1964
253 4016
253 1974
253 4036
253 2013
253 4078
253 6142
254 7213
254 2430
255 256
255 9568
255 5959
255 872
255 340
255 6460
256 960
256 959
256 1125
256 10406
256 1512
256 5450
256 1145
256 3926
256 4136
256 3033
256 666
256 6015
256 444
256 1146
257 928
257 258
257 259
257 260
258 928
258 259
258 260
258 5157
258 3041
258 1000
258 6057
258 8810
258 6055
258 1358
258 1359
258 6056
258 1360
258 7505
258 7304
258 2927
260 259
260 742
260 4586
260 721
261 619
261 7684
261 7685
261 262
261 263
261 264
261 4233
261 5643
261 7683
261 3311
261 8092
261 3316
261 5791
261 3315
261 10737
261 1196
261 498
261 7346
261 10739
261 951
261 10740
261 1342
261 5695
261 4213
261 1521
261 10741
261 3314
261 3704
261 7156
261 2140
261 8807
261 6255
261 10736
261 3313
261 10738
261 2163
261 5748
261 7157
261 1912
261 3705
261 8829
262 264
262 263
263 6272
263 6273
263 802
263 264
263 1781
263 1349
266 8034
266 8035
266 1814
266 267
266 5621
266 5622
266 5623
266 5624
266 5625
266 9338
266 8407
267 11108
267 1445
267 1326
267 3794
267 9877
267 1338
267 223
268 8454
268 780
268 269
268 1550
268 1551
268 1552
268 1553
268 1554
268 963
268 2198
268 2841
268 965
268 6689
268 6691
268 1835
268 9136
268 6710
268 7619
268 964
268 10309
268 10310
268 4306
268 6099
268 10972
268 11490
268 1555
269 673
269 674
269 707
269 964
269 3557
269 1543
269 3756
269 5578
269 5127
269 1858
269 1550
269 9037
269 1555
269 1905
269 2387
269 804
269 1689
269 3705
269 4157
269 4031
270 1740
270 661
271 770
271 4100
271 2181
271 137
271 394
271 3074
271 144
271 914
271 7322
271 3356
271 541
271 1566
271 2437
271 1313
271 6311
271 11945
271 1715
271 437
271 735
271 3530
271 5185
271 323
271 8268
271 8906
271 2123
271 9164
271 2253
271 723
271 4312
271 286
271 861
271 607
271 2529
271 1251
271 1637
271 4201
271 10869
271 9848
271 1916
271 3454
271 895
272 273
272 887
273 1986
273 5518
273 913
273 274
273 787
273 1078
273 5307
273 1726
273 5569
273 5442
273 1734
273 10313
273 720
273 5206
273 599
273 1246
273 1119
273 1121
273 2410
273 786
274 1267
274 2341
275 1669
275 3306
275 3307
275 3308
275 276
275 277
276 1669
276 3306
276 3307
276 3308
276 277
276 3642
277 571
277 5770
277 504
277 5787
277 572
277 1853
278 4097
278 1963
278 5124
278 4101
278 2054
278 1031
278 6152
278 1546
278 1040
278 529
278 530
278 4629
278 3097
278 4636
278 3613
278 3614
278 3615
278 10274
278 2566
278 3114
278 2479
278 2095
278 1083
278 4618
278 4673
278 1291
278 9284
278 2230
278 5190
278 3395
278 2126
278 2127
278 1105
278 1619
278 3156
278 1110
278 11031
278 4740
278 2832
278 4709
278 2833
278 7215
278 1130
278 1131
278 4716
278 2157
278 2670
278 1135
278 4723
278 1141
278 3703
278 1658
278 1660
278 819
278 4735
278 1664
278 2690
278 4228
278 1302
278 10378
278 10381
278 2702
278 4753
278 9362
278 2414
278 7193
278 3224
278 1177
278 5275
278 670
278 1308
278 1309
278 5832
278 7860
278 4790
278 6328
278 3771
278 2748
278 1218
278 7878
278 10273
278 7368
278 1826
278 3793
278 3619
278 725
278 8918
278 5412
278 1754
278 4559
278 732
278 3805
278 280
278 5669
278 2343
278 6373
278 7975
278 466
278 2286
278 10481
278 8955
278 4350
278 981
278 7711
278 6402
278 11011
278 11012
278 982
278 11014
278 11015
278 11016
278 11017
278 11018
278 11019
278 11020
278 11021
278 11022
278 11023
278 10512
278 11025
278 11026
278 10003
278 11028
278 6421
278 11030
278 279
278 11032
278 11033
278 11034
278 11035
278 11036
278 11037
278 11038
278 1823
278 11040
278 11041
278 11042
278 11043
278 11044
278 11045
278 10022
278 11047
278 3368
278 4394
278 9003
278 2013
278 9520
278 817
278 4915
278 11039
278 7993
278 4102
278 5599
278 1341
278 1342
278 4930
278 1859
278 3908
278 5446
278 6284
278 4887
278 10577
278 5459
278 5461
278 10042
278 10981
278 4667
278 357
278 358
278 359
278 10514
278 5484
278 3437
278 6510
278 1903
278 2416
278 6002
278 2419
278 7940
278 745
278 377
278 890
278 3963
278 4036
278 8066
278 1813
278 2952
278 8589
278 911
278 10131
278 2452
278 3225
278 11027
278 2639
278 2971
278 9117
278 2464
278 2465
278 5026
278 1862
278 4523
278 1964
278 4525
278 4527
278 4123
278 10380
278 4533
278 1974
278 8632
278 1466
278 4669
278 10688
278 1810
278 4891
278 1328
278 4561
278 5586
278 11046
278 11029
278 4565
278 3542
278 505
278 3544
278 3035
278 11024
278 989
278 990
278 1957
278 484
278 485
278 487
278 3836
278 4078
278 10493
278 6129
278 11013
278 9839
278 6137
278 2834
278 5375
278 1534
279 1026
279 731
279 913
279 2127
279 3441
279 2101
279 409
279 280
279 793
279 3035
280 2401
280 10440
280 1486
280 2127
280 1655
281 6021
281 6025
281 9230
281 145
281 707
281 11718
281 6822
281 11719
281 11708
281 11709
281 11710
281 11711
281 11712
281 11713
281 11714
281 11715
281 11716
281 11717
281 199
281 11720
281 11721
281 11722
281 11723
281 11724
281 11725
281 854
281 442
281 1012
281 1916
282 3072
282 4610
282 4611
282 4612
282 4615
282 4618
282 4619
282 4622
282 4623
282 528
282 529
282 530
282 531
282 1556
282 533
282 4630
282 4631
282 4632
282 4633
282 4634
282 4635
282 1052
282 3613
282 3614
282 6692
282 1067
282 9273
282 2106
282 8258
282 581
282 2119
282 9289
282 2126
282 591
282 6736
282 480
282 604
282 4624
282 1122
282 4709
282 4625
282 1212
282 4626
282 4718
282 1135
282 4627
282 633
282 634
282 635
282 3615
282 4629
282 1664
282 2691
282 6284
282 6285
282 6286
282 6287
282 6288
282 6289
282 660
282 5272
282 5273
282 679
282 3249
282 3771
282 2748
282 2749
282 5827
282 199
282 7368
282 2776
282 4836
282 5868
282 5869
282 4628
282 751
282 8945
282 8946
282 5367
282 4735
282 7723
282 2309
282 5335
282 2832
282 2833
282 2834
282 2325
282 2844
282 5412
282 5413
282 2343
282 476
282 1328
282 1843
282 8507
282 1341
282 1342
282 1345
282 1346
282 1348
282 2373
282 1862
282 328
282 3917
282 2398
282 2533
282 6506
282 1387
282 2414
282 1903
282 488
282 1916
282 3965
282 1406
282 8066
282 6020
282 390
282 391
282 2969
282 3653
282 9632
282 932
282 5030
282 4008
282 1963
282 2478
282 2751
282 4023
282 1466
282 415
282 467
282 9631
282 11342
282 471
282 1500
282 2525
282 2014
282 1504
282 484
282 485
282 487
282 4584
282 1524
282 505
283 3853
283 2063
284 6272
284 901
284 7305
284 1681
284 5913
284 285
284 3627
284 3628
284 3629
284 3630
284 3631
284 692
284 693
284 3894
284 3895
284 3896
284 3897
284 3898
284 5045
284 576
284 1988
284 694
284 9035
284 9036
284 857
284 6376
284 1907
284 2814
285 3618
285 931
285 694
285 5574
285 10759
285 1884
285 3245
285 10638
285 10639
285 760
285 1155
285 3252
285 1238
285 1240
285 452
285 1725
286 11776
286 11778
286 11779
286 11780
286 11781
286 2054
286 11777
286 11784
286 1033
286 11786
286 11787
286 11788
286 11789
286 11790
286 10767
286 11792
286 11793
286 2066
286 11795
286 11796
286 11797
286 11798
286 11799
286 11800
286 11801
286 1562
286 11803
286 11804
286 11805
286 2078
286 11807
286 11808
286 11809
286 11782
286 11783
286 93
286 1076
286 11785
286 1085
286 8268
286 5198
286 591
286 6840
286 3667
286 3668
286 6415
286 6749
286 5214
286 607
286 1636
286 1212
286 1131
286 9837
286 4201
286 1151
286 4228
286 8844
286 11802
286 5282
286 693
286 3256
286 1724
286 3784
286 713
286 715
286 1232
286 722
286 10477
286 6894
286 11806
286 5375
286 1283
286 1799
286 6416
286 4892
286 3358
286 287
286 1313
286 10597
286 298
286 2862
286 1843
286 11791
286 326
286 843
286 844
286 1421
286 6993
286 2619
286 4965
286 10601
286 10616
286 1402
286 6014
286 11651
286 11654
286 1927
286 11661
286 1261
286 11794
286 2969
286 4008
286 3530
286 972
286 8656
286 985
286 2539
286 10223
286 1523
286 511
286 11769
286 11770
286 11771
286 11772
286 11773
286 11774
286 11775
287 1556
287 1304
287 3355
287 1093
287 8874
287 9775
287 3249
287 1465
287 704
287 1345
287 2373
287 9934
287 591
287 9936
287 9937
287 8914
287 9939
287 9940
287 9935
287 1896
287 6762
287 1388
287 9938
287 494
287 1428
288 2978
288 11107
288 1188
288 1462
288 289
288 1071
288 1546
288 499
288 7362
288 6095
288 3522
288 5555
288 1909
288 3480
288 655
288 2247
288 9141
289 680
289 556
289 663
290 291
291 330
291 3820
291 302
291 1109
291 1815
291 2623
291 2300
291 2301
291 6005
292 1281
292 4488
292 4494
292 4624
292 1810
292 2586
292 9758
292 9759
292 9760
292 1441
292 4650
292 6188
292 1325
292 817
292 7481
292 7482
292 3771
292 4417
292 1092
292 9761
292 5467
292 6498
292 1902
292 8304
292 1660
292 2430
293 2691
293 5637
293 2054
293 391
293 1033
293 4364
293 4621
293 1368
293 1428
293 1941
293 662
293 3616
293 294
293 808
293 1415
293 1457
293 1715
293 3522
293 579
293 580
293 581
293 713
293 1345
293 2769
293 334
293 3543
293 5720
293 3165
293 352
293 9193
293 492
293 494
293 9853
293 5360
293 1525
293 8441
293 9852
294 2691
294 1414
294 1345
294 4364
294 579
294 1428
294 1049
294 415
294 295
294 296
294 297
294 298
294 1415
294 1457
294 1715
294 3522
294 707
294 580
294 581
294 1350
294 2769
294 722
294 1368
294 608
294 2657
294 2054
294 1927
294 1386
294 492
294 494
294 5360
295 4872
295 1421
295 526
295 1040
295 11411
295 3865
295 296
295 297
295 298
295 9096
295 1979
295 587
295 720
295 721
295 722
295 1113
295 719
295 8412
295 2785
295 1745
295 4201
295 10474
295 1748
296 9600
296 3341
296 660
296 7579
296 7582
296 7586
296 5539
296 297
296 298
296 9647
296 9648
296 9649
296 9650
296 9651
296 9652
296 9653
296 5562
296 1106
296 2656
296 5355
296 5033
297 298
298 11776
298 11777
298 11778
298 11779
298 11780
298 11781
298 11782
298 11783
298 11784
298 1033
298 11786
298 11787
298 11788
298 11789
298 11790
298 11791
298 11792
298 11793
298 11794
298 11795
298 11796
298 11797
298 11798
298 11799
298 11800
298 11801
298 11802
298 11803
298 11804
298 11805
298 2078
298 11807
298 11808
298 11809
298 93
298 1076
298 11785
298 1085
298 5198
298 6749
298 5214
298 4965
298 1636
298 1724
298 4201
298 8844
298 5282
298 693
298 3256
298 1212
298 3784
298 715
298 1232
298 1261
298 11806
298 5375
298 1283
298 4892
298 1843
298 11661
298 11775
298 10597
298 10601
298 10616
298 6014
298 11651
298 11654
298 1927
298 1421
298 2969
298 2460
298 4008
298 972
298 8656
298 985
298 2539
298 10223
298 3358
298 11769
298 11770
298 11771
298 11772
298 11773
298 11774
298 511
299 300
299 301
300 301
302 330
303 9089
303 1040
303 1297
303 3758
303 3632
303 3633
303 1206
303 8507
303 1141
303 580
303 5985
303 986
303 603
303 11617
303 6259
303 117
303 1909
303 6136
303 6142
303 1663
304 579
304 9127
304 10064
304 305
304 306
304 307
304 308
304 473
306 522
306 531
306 665
306 9306
306 4383
306 305
306 307
306 308
306 442
306 443
306 9028
306 9029
306 3661
306 2002
306 8279
306 473
306 986
306 5946
306 478
306 3807
306 352
306 3308
306 753
306 5875
308 1473
308 11874
308 11875
308 9030
308 8769
308 521
308 305
308 307
308 9301
308 470
308 5144
308 5145
308 2812
308 2813
309 312
309 3000
309 2005
309 310
309 311
310 4170
310 7819
310 7820
310 312
310 311
310 1784
310 1081
310 732
311 312
311 2206
311 5591
312 7424
312 1797
312 8967
312 4370
312 3780
312 11173
312 2086
312 11175
312 11176
312 6957
312 3891
312 7802
312 10436
312 480
312 11174
312 2411
312 7918
312 8694
312 7415
312 6776
312 634
312 10749
312 638
314 2947
314 1156
314 4366
314 3352
314 1437
314 1313
314 1192
314 5037
314 1844
314 437
314 313
314 444
314 10941
314 3403
314 3159
314 7769
314 4319
314 445
314 7158
8507 117
316 7296
316 770
316 1155
316 7300
316 7301
316 7302
316 7297
316 317
316 2699
316 1538
316 1040
316 10385
316 10386
316 7299
316 2158
316 8089
316 4058
316 8223
316 4080
316 7298
316 2727
316 3624
316 7282
316 5168
316 4914
316 3125
316 7284
316 3642
316 315
316 1725
316 1726
316 1727
316 2503
316 3277
316 7121
316 8794
316 4827
316 1244
316 9217
316 1887
316 352
316 4603
316 4604
316 5740
316 4334
316 5231
316 7280
316 7281
316 1246
316 7283
316 9588
316 7285
316 7286
316 7287
316 7288
316 7289
316 7290
316 7291
316 7292
316 7293
316 7294
316 7295
319 1024
319 2054
319 1546
319 5135
319 7215
319 3123
319 10810
319 10811
319 10812
319 9277
319 10814
319 10815
319 10816
319 10817
319 578
319 7246
319 1105
319 5212
319 1121
319 1124
319 3688
319 117
319 9850
319 6800
319 1304
319 6825
319 1715
319 2741
319 7357
319 7874
319 4643
319 5346
319 755
319 1406
319 8957
319 9994
319 9995
319 9996
319 9997
319 9998
319 9999
319 10000
319 10001
319 10002
319 10003
319 10004
319 10005
319 10006
319 10007
319 10008
319 10009
319 10010
319 10011
319 10012
319 10013
319 10014
319 10015
319 10016
319 10017
319 10018
319 10019
319 10020
319 10021
319 10022
319 10023
319 3899
319 1853
319 9024
319 9537
319 3908
319 9442
319 335
319 1367
319 5981
319 1894
319 1895
319 4456
319 5484
319 8558
319 10813
319 382
319 1407
319 5003
319 8589
319 9118
319 4025
319 958
319 7103
319 4544
319 2638
319 3547
319 5602
319 9705
319 492
319 6129
319 2549
319 6137
319 511
319 10237
319 1023
320 321
320 2618
322 1666
322 323
322 1028
322 4165
322 587
322 11951
322 324
322 4222
323 2529
323 324
323 1637
323 2793
323 7863
323 1168
323 10869
323 9015
323 9016
323 607
323 7771
323 7967
324 10122
324 415
324 7863
324 9016
324 7967
324 4159
324 9015
324 10070
324 10071
324 7771
324 607
324 2529
324 1637
324 2793
324 8558
324 10237
324 4222
325 6913
325 5763
325 231
325 648
328 137
329 170
335 117
337 305
340 305
342 305
353 117
355 77
361 137
382 170
385 145
391 137
404 144
408 307
427 199
437 313
442 145
444 144
444 313
445 313
454 246
455 246
461 117
77 1925
77 10887
77 4747
77 525
77 2318
77 2064
77 1810
77 2581
77 1430
77 3417
77 6560
77 6561
77 10532
77 1848
77 954
77 827
77 9414
77 78
77 2386
77 10323
77 10324
77 5590
77 2084
77 474
77 991
77 2782
77 223
77 992
77 10978
77 2149
77 1900
77 5870
77 1278
77 4600
8656 93
471 145
474 223
477 117
480 99
492 117
493 137
499 117
505 144
511 93
511 117
519 117
537 305
549 145
550 145
93 11776
93 11777
93 11778
93 11779
93 11780
93 11781
93 11782
93 11783
93 11784
93 1033
93 11786
93 11787
93 11788
93 2573
93 11790
93 11791
93 11792
93 11793
93 11794
93 11795
93 11796
93 11797
93 11798
93 11799
93 11800
93 11801
93 11802
93 11803
93 11804
93 11805
93 2078
93 11807
93 11808
93 11809
93 1076
93 11785
93 1093
93 5198
93 6749
93 5214
93 4965
93 1636
93 1724
93 1131
93 4201
93 10367
93 4228
93 8844
93 5282
93 693
93 3256
93 1212
93 3784
93 715
93 1232
93 1261
93 11806
93 11789
93 5375
93 1283
93 4892
93 807
93 1843
93 1421
93 11775
93 5476
93 10597
93 10601
93 2412
93 3438
93 1085
93 10616
93 8767
93 6014
93 11651
93 11654
93 1927
93 3976
93 11661
93 2969
93 4008
93 1979
93 972
93 985
93 2539
93 10223
93 3358
93 11769
93 11770
93 11771
93 11772
93 11773
93 11774
571 170
578 117
583 137
99 1320
99 7498
99 7499
99 4356
99 2526
99 3429
603 243
610 251
660 117
662 199
677 117
684 243
9672 305
9673 305
117 4552
117 2054
117 1546
117 1367
117 1040
117 7110
117 11289
117 11290
117 11291
117 11292
117 6685
117 11294
117 11295
117 11296
117 11298
117 11299
117 11300
117 11301
117 11302
117 11303
117 4138
117 7215
117 4147
117 9277
117 11617
117 7246
117 1105
117 7112
117 4025
117 5562
117 1297
117 1141
117 9850
117 5247
117 1156
117 7106
117 6800
117 1304
117 7107
117 7108
117 1691
117 7326
117 7109
117 5985
117 6825
117 7111
117 3758
117 11293
117 1201
117 1715
117 7113
117 4895
117 7357
117 704
117 7115
117 11297
117 7114
117 5861
117 5862
117 4332
117 3309
117 1267
117 8957
117 2818
117 9994
117 9995
117 9996
117 9997
117 9998
117 9999
117 10000
117 10001
117 10002
117 10003
117 10004
117 10005
117 10006
117 10007
117 10008
117 10009
117 10010
117 10011
117 10012
117 10013
117 10014
117 10015
117 10016
117 10017
117 10018
117 10019
117 10020
117 10021
117 10022
117 10023
117 5420
117 3899
117 1853
117 9024
117 1345
117 3908
117 11606
117 11607
117 4069
117 1895
117 4456
117 5484
117 1909
117 6463
117 6020
117 9537
117 3464
117 3525
117 5003
117 8589
117 2969
117 7094
117 7095
117 7096
117 7097
117 7098
117 7099
117 7100
117 7101
117 7102
117 7103
117 7104
117 7105
117 10178
117 10179
117 10180
117 10181
117 10182
117 10183
117 10184
117 10185
117 10186
117 10187
117 7116
117 7117
117 7118
117 7119
117 7120
117 7121
117 7122
117 7123
117 7124
117 7125
117 3547
117 1190
117 9705
117 6129
117 3570
117 4086
117 6136
117 6137
117 6142
707 199
707 243
720 315
721 170
9680 305
746 130
9682 305
751 199
9687 305
9692 305
9693 305
137 144
137 3347
137 1693
137 2117
137 8612
137 947
137 7621
137 2547
137 1369
137 3428
137 1637
137 2791
137 1136
137 2546
137 4201
137 6143
836 231
845 145
142 2144
142 1249
142 1634
142 2311
142 8519
142 8520
142 1099
142 1938
142 1939
142 3412
142 2615
142 2616
142 7682
142 1355
142 9155
142 3935
862 145
862 130
1509 145
864 144
864 145
144 4100
144 1067
144 6029
144 621
144 1232
144 145
144 7535
144 982
144 6904
144 2398
145 5000
145 6294
145 3161
145 3546
145 928
145 929
145 170
145 5675
145 943
145 3248
145 1201
145 4663
145 1012
145 1098
145 1232
145 995
145 7769
145 7770
145 3165
145 2398
145 6370
145 6371
145 7268
145 2663
145 621
876 223
901 223
915 231
928 259
305 8587
305 6552
305 3499
305 307
305 3018
305 9670
305 9671
305 9674
305 9675
305 9676
305 9677
305 9678
305 9679
305 9683
305 9685
305 9686
305 9688
305 9689
305 9690
305 9691
305 9694
305 9681
305 9684
305 1146
305 1148
1012 199
9217 315
1034 170
1124 199
188 1283
1145 307
1201 170
313 1313
313 4038
313 1192
313 4366
313 1167
313 1168
1338 223
223 2978
223 1445
223 3794
223 1797
223 1430
223 1371
223 9877
1345 199
243 2196
243 2628
243 3398
243 3178
243 4587
243 2350
243 3474
243 5177
1499 231
1521 259
259 6055
259 6056
259 6057
259 6987
259 5876
259 5781
259 9892
1602 170
8223 315
9879 170
1865 170
1866 170
2069 130
2158 315
2459 315
439 315
10904 231
2767 130
2979 170
2699 315
3125 315
3127 315
3277 315
3522 170
130 7488
130 4393
130 9715
130 9779
4086 170
4261 170
4262 170
4827 315
4914 315
4987 315
5010 231
170 5181
5740 315
6104 315
315 8089
315 7988
315 317
315 2772
231 7947
231 7948
231 6980
